1 0.6310740 0.1427500 0.7624750 0.1626670 0.1046060 0.9582840 -0.2659880 0.0827396 -0.7686370 0.2476180 0.5898160 0.7574570 
2 0.6297600 0.1444860 0.7632340 0.1625390 0.1088590 0.9564370 -0.2708820 0.0828841 -0.7691240 0.2536760 0.5865980 0.7575380 
3 0.6288310 0.1426450 0.7643450 0.1625100 0.1105610 0.9566360 -0.2694890 0.0829634 -0.7696410 0.2539700 0.5857920 0.7575240 
4 0.6272660 0.1401480 0.7660920 0.1628840 0.1121910 0.9571540 -0.2669620 0.0830320 -0.7706820 0.2534050 0.5846670 0.7576140 
5 0.6284640 0.1433340 0.7645180 0.1632100 0.1167850 0.9543460 -0.2749260 0.0833225 -0.7690220 0.2620650 0.5830330 0.7577030 
6 0.6269360 0.1365500 0.7670110 0.1630240 0.1272550 0.9533480 -0.2737390 0.0837106 -0.7686070 0.2692230 0.5803120 0.7577220 
7 0.6196990 0.1188170 0.7757940 0.1633980 0.1438900 0.9545190 -0.2611290 0.0836875 -0.7715370 0.2734500 0.5744180 0.7580090 
8 0.6180690 0.1115050 0.7781750 0.1633830 0.1532070 0.9538230 -0.2583600 0.0837956 -0.7710500 0.2789060 0.5724450 0.7580520 
9 0.6094270 0.0944202 0.7871990 0.1639170 0.1697860 0.9543070 -0.2459070 0.0839079 -0.7744490 0.2835180 0.5655500 0.7582050 
10 0.6043660 0.0917330 0.7914080 0.1640660 0.1764240 0.9532780 -0.2452240 0.0839156 -0.7769270 0.2878290 0.5599450 0.7583340 
11 0.5965090 0.0869428 0.7978830 0.1646350 0.1825210 0.9533740 -0.2403410 0.0841110 -0.7815770 0.2889960 0.5528280 0.7586680 
12 0.5912010 0.0822601 0.8023180 0.1647260 0.1879380 0.9533490 -0.2362300 0.0841088 -0.7843220 0.2904460 0.5481610 0.7587840 
13 0.5805600 0.0780241 0.8104700 0.1652030 0.1935960 0.9536240 -0.2304830 0.0840573 -0.7908670 0.2907140 0.5385310 0.7590560 
14 0.5759660 0.0762142 0.8139130 0.1652820 0.1987680 0.9527080 -0.2298690 0.0841286 -0.7929410 0.2941760 0.5335780 0.7591940 
15 0.5660070 0.0656627 0.8217810 0.1657450 0.2095930 0.9526080 -0.2204750 0.0841195 -0.7973120 0.2970300 0.5254210 0.7595280 
16 0.5612400 0.0631051 0.8252440 0.1659420 0.2120290 0.9528520 -0.2170620 0.0841485 -0.8000330 0.2968000 0.5213990 0.7596580 
17 0.5535410 0.0563376 0.8309140 0.1666870 0.2173660 0.9533540 -0.2094450 0.0841239 -0.8039560 0.2965490 0.5154750 0.7602190 
18 0.5529950 0.0488324 0.8317530 0.1669890 0.2222630 0.9534600 -0.2037500 0.0840996 -0.8029920 0.2975400 0.5164040 0.7603190 
19 0.5462460 0.0398119 0.8366780 0.1675930 0.2206790 0.9567410 -0.1896000 0.0840764 -0.8080330 0.2882060 0.5138300 0.7607520 
20 0.5409990 0.0359521 0.8402550 0.1678200 0.2271730 0.9557010 -0.1871570 0.0841192 -0.8097610 0.2921350 0.5088660 0.7609560 
21 0.5352900 0.0279110 0.8442070 0.1680900 0.2359340 0.9547330 -0.1811650 0.0841037 -0.8110490 0.2961530 0.5044730 0.7611280 
22 0.5211300 0.0211351 0.8532160 0.1687910 0.2443790 0.9541410 -0.1728980 0.0840308 -0.8177420 0.2986100 0.4920670 0.7615100 
23 0.5138530 0.0228745 0.8575730 0.1692000 0.2484960 0.9528200 -0.1743120 0.0840270 -0.8211000 0.3026740 0.4839250 0.7616470 
24 0.4963760 0.0164201 0.8679520 0.1697020 0.2618450 0.9504230 -0.1677280 0.0840466 -0.8276760 0.3105260 0.4674680 0.7620450 
25 0.4882750 0.0149474 0.8725620 0.1700370 0.2663320 0.9496010 -0.1653030 0.0840593 -0.8310560 0.3131050 0.4596860 0.7620360 
26 0.4668470 0.0182445 0.8841500 0.1705460 0.2697250 0.9492120 -0.1620060 0.0839687 -0.8422010 0.3141090 0.4382150 0.7624180 
27 0.4577560 0.0232607 0.8887730 0.1708590 0.2719050 0.9480980 -0.1648560 0.0838325 -0.8464790 0.3171260 0.4276730 0.7625270 
28 0.4500220 0.0321005 0.8924410 0.1710860 0.2761560 0.9453670 -0.1732580 0.0838408 -0.8492460 0.3244220 0.4165710 0.7627640 
29 0.4295560 0.0366099 0.9022980 0.1713600 0.2752900 0.9463090 -0.1694530 0.0837745 -0.8600560 0.3211830 0.3964150 0.7633850 
30 0.4189450 0.0350065 0.9073370 0.1714750 0.2798210 0.9456470 -0.1656870 0.0837592 -0.8638200 0.3233050 0.3863790 0.7636320 
31 0.4099340 0.0283245 0.9116750 0.1716800 0.2899840 0.9436120 -0.1597080 0.0837135 -0.8647910 0.3298410 0.3786050 0.7638240 
32 0.4034740 0.0223553 0.9147180 0.1719580 0.2973700 0.9422290 -0.1541950 0.0837520 -0.8653210 0.3342230 0.3735170 0.7638610 
33 0.3919070 0.0186511 0.9198160 0.1723880 0.2958760 0.9441250 -0.1452080 0.0836413 -0.8711300 0.3290590 0.3644900 0.7641560 
34 0.3912990 0.0162674 0.9201200 0.1725430 0.2924360 0.9458200 -0.1410860 0.0836318 -0.8725630 0.3242830 0.3653410 0.7642930 
35 0.3893330 0.0136029 0.9209970 0.1727690 0.2869910 0.9483260 -0.1353260 0.0837591 -0.8752460 0.3170050 0.3653110 0.7644270 
36 0.3857530 0.0052060 0.9225870 0.1730030 0.2857500 0.9501380 -0.1248390 0.0837232 -0.8772350 0.3117860 0.3650310 0.7645820 
37 0.3853460 -0.0053278 0.9227570 0.1736520 0.2810860 0.9531390 -0.1118790 0.0836190 -0.8789190 0.3024860 0.3687860 0.7647510 
38 0.3841180 -0.0073228 0.9232550 0.1738740 0.2763910 0.9550230 -0.1074170 0.0835740 -0.8809430 0.2964400 0.3688660 0.7648650 
39 0.3855180 -0.0054760 0.9226840 0.1741950 0.2710280 0.9565430 -0.1075650 0.0836206 -0.8819980 0.2915410 0.3702480 0.7649980 
40 0.3841980 -0.0034404 0.9232440 0.1744120 0.2630030 0.9589680 -0.1058730 0.0836201 -0.8849980 0.2834920 0.3693390 0.7650900 
41 0.3868540 -0.0104339 0.9220820 0.1750830 0.2549250 0.9621770 -0.0960645 0.0835482 -0.8862040 0.2722250 0.3748820 0.7652890 
42 0.3896590 -0.0151434 0.9208350 0.1752690 0.2476970 0.9647460 -0.0889496 0.0835050 -0.8870240 0.2627480 0.3796730 0.7653620 
43 0.3986260 -0.0167141 0.9169610 0.1755840 0.2382430 0.9673960 -0.0859367 0.0835848 -0.8856280 0.2527160 0.3896120 0.7654310 
44 0.4081860 -0.0168050 0.9127440 0.1759500 0.2255550 0.9706880 -0.0829982 0.0835345 -0.8845950 0.2397530 0.4000120 0.7655290 
45 0.4222990 -0.0119420 0.9063780 0.1769650 0.2133440 0.9731330 -0.0865798 0.0835238 -0.8809920 0.2299330 0.4135010 0.7656970 
46 0.4223580 -0.0120753 0.9063490 0.1777110 0.2172960 0.9721030 -0.0883084 0.0835546 -0.8799980 0.2342440 0.4131990 0.7657340 
47 0.4160580 -0.0152027 0.9092110 0.1775090 0.2259290 0.9702370 -0.0871625 0.0835724 -0.8808250 0.2416810 0.4071090 0.7658480 
48 0.4174260 -0.0143670 0.9085970 0.1778600 0.2279250 0.9695670 -0.0893820 0.0836022 -0.8796620 0.2444030 0.4079970 0.7660440 
49 0.4243980 -0.0103903 0.9054160 0.1781920 0.2229440 0.9703500 -0.0933655 0.0835562 -0.8776010 0.2414810 0.4141310 0.7660560 
50 0.4335190 0.0003565 0.9011440 0.1790430 0.2009580 0.9747800 -0.0970615 0.0835687 -0.8784520 0.2231700 0.4225140 0.7661670 
51 0.4371410 0.0033533 0.8993870 0.1793770 0.1951150 0.9758240 -0.0984726 0.0835097 -0.8779740 0.2185300 0.4259190 0.7663610 
52 0.4491350 0.0037045 0.8934560 0.1799820 0.1910660 0.9764600 -0.1000970 0.0833864 -0.8727950 0.2156660 0.4378550 0.7663480 
53 0.4592960 0.0080533 0.8882470 0.1805320 0.1867500 0.9767350 -0.1054200 0.0834943 -0.8684310 0.2142990 0.4471060 0.7663060 
54 0.4588170 0.0149826 0.8884050 0.1806470 0.1872960 0.9757610 -0.1131850 0.0836070 -0.8685660 0.2183260 0.4448890 0.7665720 
55 0.4614610 0.0168371 0.8870010 0.1809280 0.1892770 0.9749310 -0.1169780 0.0835360 -0.8667340 0.2218700 0.4467060 0.7666760 
56 0.4724250 0.0296127 0.8808730 0.1816400 0.1842680 0.9740300 -0.1315700 0.0833780 -0.8618930 0.2244730 0.4547000 0.7668330 
57 0.4756340 0.0398669 0.8787400 0.1820530 0.1758700 0.9744930 -0.1394040 0.0833188 -0.8618830 0.2208490 0.4564900 0.7668250 
58 0.4758000 0.0496944 0.8781480 0.1824040 0.1665720 0.9752440 -0.1454420 0.0832755 -0.8636360 0.2154760 0.4557440 0.7668600 
59 0.4756610 0.0614299 0.8774810 0.1827530 0.1648860 0.9736490 -0.1575430 0.0832858 -0.8640360 0.2196220 0.4529980 0.7669140 
60 0.4795510 0.0764510 0.8741770 0.1833920 0.1739850 0.9681370 -0.1801120 0.0831345 -0.8600930 0.2384660 0.4509700 0.7670370 
61 0.4799770 0.0842927 0.8732220 0.1837220 0.1745810 0.9662870 -0.1892370 0.0831448 -0.8597350 0.2432770 0.4490790 0.7670950 
62 0.4773140 0.0878121 0.8743340 0.1840230 0.1772270 0.9649280 -0.1936620 0.0831264 -0.8606750 0.2473930 0.4450110 0.7671530 
63 0.4740510 0.0967096 0.8751700 0.1846340 0.1759310 0.9635030 -0.2017670 0.0830537 -0.8627420 0.2496170 0.4397360 0.7675720 
64 0.4755330 0.1005540 0.8739320 0.1849480 0.1721640 0.9635970 -0.2045500 0.0830409 -0.8626860 0.2477300 0.4409110 0.7676230 
65 0.4768070 0.1040690 0.8728260 0.1852360 0.1679250 0.9638940 -0.2066620 0.0829811 -0.8628190 0.2451080 0.4421160 0.7677630 
66 0.4801460 0.1064100 0.8707100 0.1855600 0.1649420 0.9639570 -0.2087620 0.0828992 -0.8615420 0.2438530 0.4452890 0.7678270 
67 0.4870780 0.1144380 0.8658280 0.1864650 0.1555870 0.9641500 -0.2149600 0.0828708 -0.8593880 0.2394140 0.4518110 0.7678060 
68 0.4845600 0.1167950 0.8669260 0.1865490 0.1549730 0.9639080 -0.2164810 0.0828767 -0.8609210 0.2392480 0.4489720 0.7681290 
69 0.4847430 0.1217770 0.8661380 0.1867330 0.1504820 0.9638830 -0.2197380 0.0828668 -0.8616150 0.2368550 0.4489100 0.7683760 
70 0.4861390 0.1262780 0.8647090 0.1870670 0.1448040 0.9641850 -0.2222130 0.0828023 -0.8618010 0.2332400 0.4504430 0.7685090 
71 0.4945730 0.1358310 0.8584560 0.1878100 0.1324250 0.9644040 -0.2288870 0.0828078 -0.8589880 0.2268820 0.4589810 0.7688310 
72 0.4985160 0.1376550 0.8558810 0.1880680 0.1300080 0.9642740 -0.2308130 0.0826673 -0.8570760 0.2263350 0.4628090 0.7689590 
73 0.5011720 0.1381240 0.8542530 0.1882580 0.1257340 0.9650800 -0.2298090 0.0826401 -0.8561640 0.2225830 0.4663040 0.7691030 
74 0.5033730 0.1394710 0.8527390 0.1886760 0.1216120 0.9656280 -0.2297230 0.0826265 -0.8554690 0.2193400 0.4691090 0.7693080 
75 0.5067930 0.1386130 0.8508510 0.1893000 0.1231310 0.9652300 -0.2305880 0.0825144 -0.8532290 0.2216270 0.4721040 0.7695570 
76 0.5059890 0.1372950 0.8515430 0.1895660 0.1207970 0.9662410 -0.2275650 0.0825122 -0.8540400 0.2180090 0.4723220 0.7697950 
77 0.5079160 0.1368150 0.8504720 0.1899750 0.1185360 0.9668130 -0.2263220 0.0824087 -0.8532120 0.2157650 0.4748420 0.7699860 
78 0.5098570 0.1385280 0.8490320 0.1902190 0.1145210 0.9672350 -0.2265850 0.0823825 -0.8526020 0.2127580 0.4772870 0.7702130 
79 0.5194120 0.1408080 0.8428430 0.1908100 0.0981352 0.9699750 -0.2225240 0.0822172 -0.8488700 0.1982940 0.4899990 0.7706230 
80 0.5220520 0.1447520 0.8405410 0.1911830 0.0875341 0.9711970 -0.2216190 0.0821170 -0.8484100 0.1892730 0.4943440 0.7709050 
81 0.5311100 0.1447050 0.8348550 0.1916920 0.0810951 0.9721040 -0.2200850 0.0819448 -0.8434130 0.1845920 0.5045600 0.7711450 
82 0.5439920 0.1454900 0.8263810 0.1925880 0.0796562 0.9714510 -0.2234670 0.0816592 -0.8353010 0.1873900 0.5168730 0.7718310 
83 0.5502470 0.1470500 0.8219510 0.1930020 0.0794567 0.9706830 -0.2268500 0.0814287 -0.8312130 0.1901330 0.5224320 0.7722150 
84 0.5641490 0.1509300 0.8117610 0.1933390 0.0735934 0.9700460 -0.2315050 0.0812883 -0.8223870 0.1903440 0.5361430 0.7725000 
85 0.5775920 0.1558130 0.8013170 0.1937880 0.0613392 0.9705560 -0.2329350 0.0810502 -0.8140180 0.1836930 0.5510280 0.7728300 
86 0.5893880 0.1592320 0.7920020 0.1946030 0.0526289 0.9707310 -0.2343300 0.0806712 -0.8061340 0.1797940 0.5637570 0.7736400 
87 0.5986490 0.1584070 0.7851920 0.1950620 0.0514753 0.9706170 -0.2350610 0.0805162 -0.7993560 0.1811370 0.5729050 0.7740170 
88 0.6077110 0.1588920 0.7781000 0.1954560 0.0483548 0.9705590 -0.2359590 0.0803572 -0.7926840 0.1810200 0.5821370 0.7744730 
89 0.6163150 0.1595910 0.7711590 0.1959250 0.0452785 0.9704490 -0.2370200 0.0802040 -0.7861970 0.1809960 0.5908760 0.7748550 
90 0.6354330 0.1639160 0.7545570 0.1966500 0.0350615 0.9700750 -0.2402610 0.0799253 -0.7713600 0.1791250 0.6106700 0.7756890 
91 0.6432240 0.1639540 0.7479180 0.1969270 0.0311240 0.9703990 -0.2394920 0.0797697 -0.7650450 0.1773250 0.6190810 0.7761370 
92 0.6503940 0.1570060 0.7431940 0.1972200 0.0369799 0.9707000 -0.2374310 0.0795965 -0.7586960 0.1819070 0.6255320 0.7766640 
93 0.6606230 0.1557660 0.7343800 0.1975160 0.0344110 0.9709260 -0.2368940 0.0794813 -0.7499290 0.1817680 0.6360560 0.7771030 
94 0.6680900 0.1536500 0.7280440 0.1977150 0.0337944 0.9711720 -0.2359720 0.0793167 -0.7433130 0.1822540 0.6436370 0.7775610 
95 0.6864380 0.1491470 0.7117290 0.1981200 0.0314217 0.9717430 -0.2339390 0.0789890 -0.7265090 0.1829480 0.6623550 0.7785920 
96 0.6943130 0.1540410 0.7029950 0.1983980 0.0218984 0.9718500 -0.2345800 0.0788075 -0.7193400 0.1782670 0.6713940 0.7790920 
97 0.7018180 0.1548890 0.6953130 0.1986730 0.0193272 0.9715760 -0.2359380 0.0786029 -0.7120940 0.1790240 0.6788760 0.7795930 
98 0.7078110 0.1553830 0.6891010 0.1988670 0.0180941 0.9712000 -0.2375780 0.0784828 -0.7061700 0.1806290 0.6846150 0.7800160 
99 0.7110790 0.1556260 0.6856730 0.1991030 0.0180468 0.9708360 -0.2390650 0.0783268 -0.7028800 0.1823680 0.6875330 0.7804640 
100 0.7101000 0.1519290 0.6875140 0.1992860 0.0248167 0.9704350 -0.2400820 0.0782117 -0.7036640 0.1875440 0.6853350 0.7809410 
101 0.7127650 0.1482560 0.6855560 0.1995420 0.0264575 0.9710280 -0.2374980 0.0780242 -0.7009040 0.1874180 0.6881920 0.7813880 
102 0.7153890 0.1473550 0.6830120 0.1997560 0.0264347 0.9711020 -0.2371970 0.0778463 -0.6982260 0.1877430 0.6908200 0.7818460 
103 0.7160180 0.1489460 0.6820070 0.1999540 0.0264004 0.9704960 -0.2396660 0.0777553 -0.6975830 0.1896110 0.6909600 0.7822410 
104 0.7133800 0.1496150 0.6846200 0.2000860 0.0285804 0.9699190 -0.2417440 0.0776647 -0.7001950 0.1920220 0.6876450 0.7825900 
105 0.7046150 0.1451910 0.6945770 0.2001440 0.0378107 0.9697700 -0.2410730 0.0775408 -0.7085820 0.1961260 0.6778240 0.7831130 
106 0.7018420 0.1416060 0.6981160 0.2005230 0.0431184 0.9697990 -0.2400630 0.0773780 -0.7110260 0.1985880 0.6745400 0.7837880 
107 0.6976270 0.1385690 0.7029330 0.2006400 0.0492729 0.9695160 -0.2400210 0.0773238 -0.7147640 0.2020810 0.6695340 0.7840690 
108 0.6920520 0.1324890 0.7095850 0.2007460 0.0580299 0.9696190 -0.2376380 0.0772643 -0.7195110 0.2056350 0.6633380 0.7843360 
109 0.6877750 0.1227460 0.7154710 0.2009230 0.0704717 0.9696560 -0.2340970 0.0771533 -0.7224960 0.2114270 0.6582540 0.7846630 
110 0.6757220 0.1103190 0.7288550 0.2009450 0.0914070 0.9685680 -0.2313450 0.0771115 -0.7314670 0.2229470 0.6443990 0.7851420 
111 0.6696160 0.0975536 0.7362730 0.2011470 0.1086390 0.9678080 -0.2270350 0.0769969 -0.7347190 0.2320150 0.6374620 0.7854580 
112 0.6681720 0.0851484 0.7391190 0.2013100 0.1251960 0.9663960 -0.2245100 0.0768671 -0.7333980 0.2425450 0.6350580 0.7857520 
113 0.6664580 0.0863917 0.7405200 0.2014910 0.1259930 0.9659260 -0.2260800 0.0768191 -0.7348200 0.2439730 0.6328640 0.7860650 
114 0.6530850 0.0884441 0.7521020 0.2017640 0.1371720 0.9629110 -0.2323480 0.0767042 -0.7447570 0.2549100 0.6167310 0.7868410 
115 0.6464620 0.0861466 0.7580670 0.2017890 0.1435750 0.9621160 -0.2317720 0.0766954 -0.7493150 0.2586710 0.6096030 0.7870340 
116 0.6388280 0.0741349 0.7657700 0.2018480 0.1608750 0.9604700 -0.2271910 0.0766600 -0.7523420 0.2683290 0.6016490 0.7872540 
117 0.6335050 0.0606792 0.7713560 0.2019320 0.1791570 0.9583240 -0.2225270 0.0766004 -0.7527110 0.2791650 0.5962320 0.7874760 
118 0.6317730 0.0537684 0.7732860 0.2019990 0.1864560 0.9577600 -0.2189300 0.0765339 -0.7523940 0.2824980 0.5950610 0.7876680 
119 0.6327310 0.0530126 0.7725550 0.2020300 0.1837080 0.9588970 -0.2162580 0.0765050 -0.7522650 0.2787580 0.5969850 0.7878590 
120 0.6265970 0.0567599 0.7772740 0.2021620 0.1780270 0.9605500 -0.2136590 0.0764851 -0.7587380 0.2722540 0.5917720 0.7882040 
121 0.6224650 0.0601009 0.7803360 0.2021740 0.1709780 0.9625220 -0.2105200 0.0764655 -0.7637430 0.2644620 0.5888600 0.7883530 
122 0.6171490 0.0535717 0.7850200 0.2020520 0.1761010 0.9629680 -0.2041580 0.0765124 -0.7668870 0.2642390 0.5848610 0.7885520 
123 0.6127270 0.0516181 0.7886070 0.2020150 0.1760370 0.9638800 -0.1998670 0.0764602 -0.7704390 0.2612880 0.5815080 0.7886830 
124 0.6107420 0.0530748 0.7900490 0.2019050 0.1718350 0.9650900 -0.1976700 0.0764353 -0.7729600 0.2564830 0.5803010 0.7887670 
125 0.6085800 0.0588695 0.7913060 0.2018800 0.1608670 0.9673820 -0.1956880 0.0764294 -0.7770150 0.2463870 0.5792590 0.7888860 
126 0.6035380 0.0655108 0.7946390 0.2018150 0.1514240 0.9690640 -0.1948990 0.0764529 -0.7828240 0.2379560 0.5749470 0.7890030 
127 0.5958910 0.0686172 0.8001280 0.2016550 0.1497520 0.9693720 -0.1946580 0.0765385 -0.7889790 0.2358160 0.5673650 0.7890470 
128 0.5874950 0.0651412 0.8066020 0.2015150 0.1550200 0.9692350 -0.1911860 0.0765377 -0.7942410 0.2373600 0.5593220 0.7891280 
129 0.5808050 0.0611037 0.8117460 0.2013750 0.1616340 0.9686680 -0.1885650 0.0765213 -0.7978350 0.2407260 0.5527300 0.7891930 
130 0.5610360 0.0627104 0.8254130 0.2010370 0.1695500 0.9672810 -0.1887330 0.0765075 -0.8102410 0.2458350 0.5320470 0.7893140 
131 0.5553190 0.0663187 0.8289890 0.2008340 0.1701380 0.9666720 -0.1913050 0.0764759 -0.8140480 0.2472780 0.5255290 0.7893600 
132 0.5505550 0.0772323 0.8312180 0.2006880 0.1636850 0.9663960 -0.1982090 0.0766007 -0.8185940 0.2451830 0.5194120 0.7893990 
133 0.5438400 0.0814715 0.8352250 0.2003840 0.1620690 0.9663430 -0.1997890 0.0766598 -0.8233910 0.2440170 0.5123310 0.7893500 
134 0.5352950 0.0760466 0.8412350 0.2001020 0.1715200 0.9654030 -0.1964130 0.0766551 -0.8270670 0.2494270 0.5037310 0.7893860 
135 0.5291210 0.0711019 0.8455620 0.1999070 0.1820750 0.9637600 -0.1949770 0.0766573 -0.8287820 0.2571220 0.4969990 0.7894240 
136 0.5218100 0.0732684 0.8499090 0.1997290 0.1839260 0.9632090 -0.1959590 0.0767247 -0.8329980 0.2585730 0.4891360 0.7894830 
137 0.5130330 0.0749253 0.8550930 0.1993790 0.1854010 0.9629960 -0.1956160 0.0767786 -0.8381070 0.2588920 0.4801570 0.7894750 
138 0.5057120 0.0724696 0.8596530 0.1993860 0.1932190 0.9616370 -0.1947330 0.0768591 -0.8407870 0.2645800 0.4723080 0.7894660 
139 0.4905600 0.0610691 0.8692650 0.1985440 0.2110870 0.9595040 -0.1865330 0.0768235 -0.8454540 0.2749960 0.4578030 0.7893190 
140 0.4844030 0.0560192 0.8730500 0.1982850 0.2194180 0.9582710 -0.1832290 0.0767933 -0.8468820 0.2803190 0.4518970 0.7892910 
141 0.4778040 0.0558511 0.8766890 0.1978830 0.2202600 0.9584810 -0.1811060 0.0769015 -0.8504050 0.2796330 0.4456650 0.7892830 
142 0.4754180 0.0500694 0.8783340 0.1974350 0.2209220 0.9595930 -0.1742810 0.0768669 -0.8515700 0.2769000 0.4451470 0.7892730 
143 0.4768270 0.0450735 0.8778410 0.1973220 0.2239480 0.9594980 -0.1709110 0.0768834 -0.8499900 0.2780860 0.4474210 0.7893150 
144 0.4789430 0.0449146 0.8766960 0.1971310 0.2210760 0.9603300 -0.1699740 0.0768960 -0.8495520 0.2752250 0.4500140 0.7892510 
145 0.4795800 0.0472653 0.8762240 0.1968600 0.2151460 0.9617360 -0.1696330 0.0769446 -0.8507140 0.2698680 0.4510610 0.7891950 
146 0.4807680 0.0497547 0.8754350 0.1967050 0.2091730 0.9630580 -0.1696080 0.0769680 -0.8515330 0.2646590 0.4526000 0.7891560 
147 0.4946210 0.0520406 0.8675490 0.1959750 0.1964810 0.9656670 -0.1699470 0.0768911 -0.8466080 0.2545160 0.4674150 0.7890510 
148 0.5178510 0.0521057 0.8538830 0.1957660 0.1892700 0.9664290 -0.1737590 0.0768126 -0.8342710 0.2515960 0.4906040 0.7890600 
149 0.5419380 0.0574541 0.8384520 0.1955090 0.1783450 0.9670760 -0.1815420 0.0767367 -0.8212770 0.2479190 0.5138480 0.7891890 
150 0.5670950 0.0674670 0.8208850 0.1953510 0.1612720 0.9682530 -0.1909910 0.0767758 -0.8077100 0.2406950 0.5382110 0.7891200 
151 0.5913620 0.0787996 0.8025470 0.1952450 0.1444640 0.9687620 -0.2015690 0.0767698 -0.7933610 0.2351400 0.5615050 0.7891970 
152 0.6107340 0.0876315 0.7869720 0.1949290 0.1322240 0.9686170 -0.2104710 0.0768236 -0.7807180 0.2325990 0.5799810 0.7891270 
153 0.6227710 0.0940569 0.7767300 0.1947110 0.1245480 0.9681710 -0.2171000 0.0768569 -0.7724270 0.2319440 0.5912350 0.7890920 
154 0.6545900 0.1031040 0.7489210 0.1939320 0.1084240 0.9676100 -0.2279790 0.0767144 -0.7481690 0.2304340 0.6222090 0.7890770 
155 0.6703730 0.1092940 0.7339310 0.1938650 0.0968271 0.9677510 -0.2325560 0.0765861 -0.7356800 0.2269640 0.6381720 0.7893170 
156 0.6902650 0.1135850 0.7145860 0.1933850 0.0840338 0.9683340 -0.2350920 0.0762744 -0.7186610 0.2223250 0.6588610 0.7894620 
157 0.7108530 0.1229040 0.6925190 0.1922770 0.0675197 0.9681420 -0.2411270 0.0760392 -0.7000930 0.2181650 0.6799080 0.7889650 
158 0.7508140 0.1418830 0.6450940 0.1896120 0.0300387 0.9683110 -0.2479330 0.0759810 -0.6598300 0.2055300 0.7227600 0.7883650 
159 0.7667000 0.1551240 0.6229820 0.1892410 0.0069098 0.9683200 -0.2496180 0.0757644 -0.6419680 0.1956870 0.7413390 0.7890690 
160 0.7795350 0.1682740 0.6033310 0.1893040 -0.0103396 0.9665620 -0.2562230 0.0755336 -0.6262730 0.1934970 0.7552090 0.7900550 
161 0.7852400 0.1746340 0.5940550 0.1881620 -0.0163799 0.9649270 -0.2620080 0.0758289 -0.6189750 0.1960080 0.7605600 0.7904430 
162 0.7964980 0.1676430 0.5809360 0.1884950 -0.0122202 0.9650620 -0.2617370 0.0753434 -0.6045170 0.2013740 0.7707190 0.7909590 
163 0.8215720 0.1684410 0.5446530 0.1885910 -0.0232476 0.9644600 -0.2632050 0.0747935 -0.5696310 0.2035800 0.7962890 0.7925460 
164 0.8286310 0.1753920 0.5316090 0.1886660 -0.0331899 0.9633720 -0.2661080 0.0746890 -0.5588100 0.2028620 0.8041010 0.7932510 
165 0.8343900 0.1818910 0.5202960 0.1886090 -0.0416530 0.9620880 -0.2695400 0.0744511 -0.5495980 0.2032300 0.8103330 0.7938320 
166 0.8408320 0.1827760 0.5095040 0.1886040 -0.0454292 0.9617740 -0.2700490 0.0741931 -0.5393860 0.2039190 0.8169940 0.7943950 
167 0.8552350 0.1826760 0.4849770 0.1889240 -0.0525484 0.9615590 -0.2695230 0.0739660 -0.5155700 0.2050210 0.8319580 0.7947030 
168 0.8630280 0.1878480 0.4689300 0.1889900 -0.0614494 0.9604340 -0.2716460 0.0734530 -0.5014050 0.2056220 0.8404240 0.7961120 
169 0.8674790 0.1837450 0.4622970 0.1890450 -0.0583289 0.9604460 -0.2722880 0.0731602 -0.4940430 0.2092390 0.8438840 0.7968370 
170 0.8721040 0.1803240 0.4548810 0.1891250 -0.0571322 0.9607860 -0.2713400 0.0729262 -0.4859730 0.2106490 0.8482080 0.7974450 
171 0.8763200 0.1837890 0.4452930 0.1891970 -0.0634622 0.9603490 -0.2714810 0.0726783 -0.4775320 0.2096440 0.8532370 0.7981140 
172 0.8848900 0.1908530 0.4249050 0.1893640 -0.0751021 0.9587290 -0.2742240 0.0724414 -0.4597050 0.2107470 0.8627030 0.7987760 
173 0.8926920 0.1983020 0.4046950 0.1894280 -0.0883517 0.9575700 -0.2743230 0.0721943 -0.4419230 0.2091310 0.8723350 0.7992330 
174 0.8969810 0.1924540 0.3979770 0.1894430 -0.0853796 0.9587320 -0.2711900 0.0719488 -0.4337450 0.2092730 0.8763960 0.7999470 
175 0.9008110 0.1826720 0.3939160 0.1894500 -0.0776190 0.9603320 -0.2678380 0.0718851 -0.4272170 0.2106960 0.8792570 0.8000930 
176 0.9053350 0.1743910 0.3872430 0.1895140 -0.0722604 0.9617620 -0.2641830 0.0718841 -0.4185060 0.2111910 0.8833180 0.8001000 
177 0.9085850 0.1745750 0.3794700 0.1895320 -0.0752000 0.9619950 -0.2625090 0.0718646 -0.4108760 0.2099760 0.8871820 0.8001350 
178 0.9108660 0.1815780 0.3706110 0.1895520 -0.0835306 0.9605380 -0.2653110 0.0718335 -0.4041610 0.2107050 0.8900880 0.8002680 
179 0.9105650 0.2009240 0.3612480 0.1895380 -0.1050040 0.9576840 -0.2679830 0.0718338 -0.3998060 0.2060830 0.8931320 0.7999440 
180 0.9099320 0.1993510 0.3637060 0.1896090 -0.1024280 0.9577620 -0.2687000 0.0719778 -0.4019100 0.2072450 0.8919180 0.7994630 
181 0.9086710 0.1923760 0.3705510 0.1896950 -0.0941203 0.9590600 -0.2671050 0.0722234 -0.4067650 0.2078340 0.8895770 0.7987060 
182 0.9071520 0.1849560 0.3779770 0.1897170 -0.0857658 0.9606380 -0.2642310 0.0723455 -0.4119700 0.2072800 0.8873080 0.7984110 
183 0.9067810 0.1805560 0.3809820 0.1897500 -0.0806556 0.9612570 -0.2635920 0.0724676 -0.4138140 0.2082920 0.8862120 0.7982470 
184 0.9064450 0.1823870 0.3809110 0.1898050 -0.0821390 0.9608520 -0.2646080 0.0726652 -0.4142600 0.2085650 0.8859400 0.7976620 
185 0.9046120 0.1879040 0.3825830 0.1898850 -0.0868047 0.9599880 -0.2662460 0.0728659 -0.4173040 0.2076400 0.8847280 0.7969870 
186 0.9034300 0.1898790 0.3843950 0.1899160 -0.0879761 0.9596040 -0.2672460 0.0731090 -0.4196110 0.2076210 0.8836400 0.7963540 
187 0.9067730 0.1942580 0.3742010 0.1900470 -0.0950565 0.9588750 -0.2674360 0.0732325 -0.4107640 0.2069340 0.8879480 0.7958170 
188 0.9052510 0.1968580 0.3765210 0.1901320 -0.0974237 0.9587490 -0.2670360 0.0734812 -0.4135570 0.2050530 0.8870870 0.7948980 
189 0.9016790 0.2017360 0.3824610 0.1901940 -0.1000140 0.9578140 -0.2694250 0.0739054 -0.4206800 0.2046840 0.8838170 0.7935160 
190 0.9004110 0.2046240 0.3839120 0.1902750 -0.1021620 0.9572540 -0.2706070 0.0741303 -0.4228740 0.2044360 0.8828270 0.7926760 
191 0.8994110 0.2023670 0.3874370 0.1903840 -0.0985483 0.9574320 -0.2713140 0.0743793 -0.4258500 0.2058420 0.8810680 0.7916800 
192 0.8986760 0.1970770 0.3918440 0.1904270 -0.0914603 0.9579330 -0.2720300 0.0746508 -0.4289700 0.2086280 0.8788960 0.7907420 
193 0.8998320 0.1949890 0.3902320 0.1904670 -0.0886324 0.9576040 -0.2741130 0.0749472 -0.4271370 0.2120690 0.8789660 0.7897780 
194 0.9023670 0.2030240 0.3801520 0.1906000 -0.0996807 0.9564900 -0.2742100 0.0751470 -0.4192820 0.2095440 0.8833420 0.7884370 
195 0.8989710 0.2056820 0.3867120 0.1909460 -0.0995000 0.9557020 -0.2770100 0.0758090 -0.4265570 0.2105460 0.8796130 0.7858620 
196 0.8987490 0.1996040 0.3903960 0.1909580 -0.0933597 0.9570710 -0.2744080 0.0760793 -0.4284100 0.2101770 0.8788010 0.7846880 
197 0.8993760 0.1973010 0.3901210 0.1909640 -0.0919045 0.9577550 -0.2725040 0.0763797 -0.4274060 0.2092300 0.8795150 0.7836840 
198 0.9003620 0.2048370 0.3839150 0.1909940 -0.1004600 0.9562880 -0.2746280 0.0766800 -0.4233870 0.2086970 0.8815830 0.7826510 
199 0.9015520 0.2178740 0.3738110 0.1909380 -0.1150410 0.9535710 -0.2783300 0.0769405 -0.4170960 0.2079260 0.8847590 0.7815170 
200 0.9081380 0.2287000 0.3506880 0.1916050 -0.1295120 0.9499920 -0.2841500 0.0774500 -0.3981360 0.2126290 0.8923430 0.7803460 
201 0.9064750 0.2407730 0.3468870 0.1916410 -0.1412240 0.9470650 -0.2883130 0.0778541 -0.3979430 0.2123600 0.8924940 0.7789750 
202 0.9092050 0.2359130 0.3430630 0.1916500 -0.1377020 0.9479940 -0.2869590 0.0789401 -0.3929190 0.2136640 0.8944060 0.7768510 
203 0.9092100 0.2468450 0.3352670 0.1915150 -0.1524180 0.9467240 -0.2836940 0.0787362 -0.3874340 0.2068360 0.8983950 0.7753540 
204 0.9072310 0.2628760 0.3283710 0.1915990 -0.1682570 0.9422810 -0.2894760 0.0787500 -0.3855140 0.2073710 0.8990980 0.7740550 
205 0.9050180 0.2716430 0.3273420 0.1915860 -0.1761310 0.9397770 -0.2929100 0.0788452 -0.3871950 0.2074340 0.8983600 0.7727740 
206 0.9042550 0.2720680 0.3290930 0.1916250 -0.1771940 0.9403240 -0.2905060 0.0789439 -0.3884920 0.2043780 0.8985010 0.7716040 
207 0.9020010 0.2767080 0.3314030 0.1916580 -0.1824590 0.9400090 -0.2882570 0.0791304 -0.3912850 0.1995410 0.8983760 0.7704450 
208 0.8979960 0.2806200 0.3389050 0.1919750 -0.1805920 0.9374250 -0.2976920 0.0798263 -0.4012360 0.2061220 0.8924820 0.7684700 
209 0.8998350 0.2724540 0.3406840 0.1920050 -0.1717080 0.9391440 -0.2975320 0.0801020 -0.4010150 0.2092310 0.8918570 0.7676640 
210 0.8981210 0.2778850 0.3408210 0.1920540 -0.1773430 0.9380950 -0.2975360 0.0801458 -0.4024030 0.2067810 0.8918030 0.7667800 
211 0.8964300 0.2811370 0.3426010 0.1920510 -0.1800710 0.9374060 -0.2980680 0.0803067 -0.4049540 0.2055050 0.8909430 0.7660220 
212 0.8972400 0.2826410 0.3392260 0.1921190 -0.1820620 0.9367430 -0.2989410 0.0805587 -0.4022610 0.2064620 0.8919410 0.7653780 
213 0.8995640 0.2857570 0.3303440 0.1921240 -0.1865480 0.9352040 -0.3009860 0.0809480 -0.3949480 0.2091310 0.8945840 0.7649930 
214 0.9006470 0.2911340 0.3226080 0.1921870 -0.1951450 0.9342950 -0.2983460 0.0809536 -0.3882700 0.2057500 0.8982840 0.7642510 
215 0.9044450 0.2952070 0.3079480 0.1925580 -0.2045470 0.9335950 -0.2942120 0.0811736 -0.3743520 0.2031090 0.9047690 0.7629640 
216 0.9033850 0.3023840 0.3040720 0.1928140 -0.2133160 0.9319920 -0.2930670 0.0811389 -0.3720110 0.1998890 0.9064500 0.7621260 
217 0.9064640 0.2968030 0.3003860 0.1930910 -0.2102470 0.9341080 -0.2885110 0.0814265 -0.3662240 0.1983700 0.9091370 0.7615200 
218 0.9091700 0.2942340 0.2946800 0.1933220 -0.2104950 0.9352980 -0.2844470 0.0818803 -0.3593070 0.1965820 0.9122790 0.7609950 
219 0.9110390 0.2993740 0.2835200 0.1936420 -0.2211350 0.9351250 -0.2768390 0.0820420 -0.3480050 0.1895150 0.9181380 0.7604990 
220 0.9133770 0.3049690 0.2696970 0.1940540 -0.2323540 0.9344700 -0.2697720 0.0821455 -0.3342960 0.1837380 0.9243840 0.7599890 
221 0.9153560 0.3107410 0.2560540 0.1945720 -0.2423500 0.9330300 -0.2659360 0.0821264 -0.3215430 0.1813710 0.9293620 0.7594110 
222 0.9179630 0.3070030 0.2511820 0.1945490 -0.2400440 0.9340650 -0.2643880 0.0821813 -0.3157880 0.1824040 0.9311320 0.7593280 
223 0.9297890 0.2930000 0.2228080 0.1954850 -0.2332090 0.9372220 -0.2592850 0.0823032 -0.2847910 0.1891190 0.9397490 0.7584820 
224 0.9332610 0.2877600 0.2149830 0.1959270 -0.2304950 0.9387950 -0.2560020 0.0821180 -0.2754920 0.1893640 0.9424680 0.7578030 
225 0.9359730 0.2776740 0.2164520 0.1961980 -0.2206300 0.9417000 -0.2540170 0.0819239 -0.2743670 0.1899970 0.9426680 0.7568670 
226 0.9425850 0.2522020 0.2189240 0.1967270 -0.1964330 0.9488190 -0.2472980 0.0823926 -0.2700880 0.1900960 0.9438830 0.7565560 
227 0.9453980 0.2467800 0.2128910 0.1969600 -0.1950350 0.9517070 -0.2370980 0.0829208 -0.2611200 0.1826310 0.9478720 0.7556210 
228 0.9457500 0.2574610 0.1981690 0.1975720 -0.2122340 0.9513940 -0.2231720 0.0828062 -0.2459950 0.1690070 0.9544230 0.7552240 
229 0.9431310 0.2723340 0.1906270 0.1982250 -0.2313800 0.9495350 -0.2117690 0.0826682 -0.2386790 0.1556180 0.9585490 0.7546650 
230 0.9421590 0.2761310 0.1899660 0.1985970 -0.2376950 0.9500750 -0.2021340 0.0826256 -0.2362970 0.1452880 0.9607570 0.7539990 
231 0.9442130 0.2705010 0.1878600 0.1989890 -0.2349550 0.9529940 -0.1913060 0.0826819 -0.2307780 0.1364950 0.9633850 0.7537310 
232 0.9467430 0.2632540 0.1854050 0.1994430 -0.2306650 0.9562550 -0.1799190 0.0828008 -0.2246590 0.1275710 0.9660510 0.7530730 
233 0.9470250 0.2616900 0.1861770 0.1998920 -0.2318940 0.9582410 -0.1673270 0.0827035 -0.2221910 0.1152890 0.9681630 0.7523740 
234 0.9474190 0.2600660 0.1864480 0.2001820 -0.2318360 0.9594640 -0.1602500 0.0827403 -0.2205660 0.1085990 0.9693080 0.7519330 
235 0.9491070 0.2596610 0.1782460 0.2007330 -0.2325470 0.9594310 -0.1594150 0.0830189 -0.2124080 0.1098510 0.9709870 0.7515280 
236 0.9476670 0.2695550 0.1710750 0.2012340 -0.2447020 0.9574390 -0.1530700 0.0830800 -0.2050550 0.1031970 0.9732950 0.7511460 
237 0.9476910 0.2719910 0.1670380 0.2017850 -0.2492380 0.9575130 -0.1450840 0.0826621 -0.1994030 0.0958627 0.9752170 0.7499390 
238 0.9493350 0.2722810 0.1569260 0.2019790 -0.2499080 0.9568360 -0.1483610 0.0827250 -0.1905480 0.1016270 0.9764030 0.7499470 
239 0.9510140 0.2737780 0.1435880 0.2024940 -0.2528640 0.9560860 -0.1481890 0.0827420 -0.1778530 0.1046220 0.9784800 0.7491910 
240 0.9506090 0.2792170 0.1355730 0.2029990 -0.2599350 0.9548410 -0.1439200 0.0825851 -0.1696350 0.1015710 0.9802590 0.7487340 
241 0.9528530 0.2741580 0.1300310 0.2032530 -0.2554640 0.9560700 -0.1437660 0.0828398 -0.1637340 0.1037700 0.9810320 0.7486770 
242 0.9549920 0.2741320 0.1133200 0.2036420 -0.2574510 0.9557430 -0.1423890 0.0828789 -0.1473380 0.1068070 0.9833030 0.7481150 
243 0.9539360 0.2827660 0.1002440 0.2041130 -0.2681620 0.9534830 -0.1376920 0.0827922 -0.1345160 0.1044680 0.9853890 0.7473870 
244 0.9531930 0.2890790 0.0886369 0.2044210 -0.2767740 0.9522180 -0.1291420 0.0829752 -0.1217340 0.0985648 0.9876570 0.7468440 
245 0.9552910 0.2874110 0.0693853 0.2046720 -0.2778840 0.9529200 -0.1213410 0.0831912 -0.1009930 0.0966353 0.9901830 0.7466850 
246 0.9570750 0.2856340 0.0491978 0.2050820 -0.2787180 0.9535650 -0.1141510 0.0832058 -0.0795187 0.0955389 0.9922440 0.7461630 
247 0.9587490 0.2824250 0.0322073 0.2056300 -0.2777930 0.9549420 -0.1044830 0.0833330 -0.0602648 0.0912264 0.9940050 0.7450160 
248 0.9588090 0.2836380 0.0153309 0.2059470 -0.2811890 0.9554040 -0.0902024 0.0834565 -0.0402320 0.0821760 0.9958050 0.7443920 
249 0.9564850 0.2916910 -0.0071932 0.2062290 -0.2913530 0.9534600 -0.0776401 0.0835861 -0.0157885 0.0763574 0.9969550 0.7440230 
250 0.9546760 0.2959200 -0.0320248 0.2068780 -0.2974340 0.9525310 -0.0649372 0.0836123 0.0112884 0.0715193 0.9973750 0.7430220 
251 0.9532200 0.2985200 -0.0475171 0.2072780 -0.3007370 0.9524220 -0.0494882 0.0837139 0.0304832 0.0614633 0.9976440 0.7421350 
252 0.9532070 0.2956000 -0.0633724 0.2074910 -0.2979810 0.9540370 -0.0319447 0.0837606 0.0510167 0.0493338 0.9974790 0.7419190 
253 0.9514250 0.2976610 -0.0786713 0.2078370 -0.3002170 0.9536020 -0.0226685 0.0838359 0.0682735 0.0451857 0.9966430 0.7413670 
254 0.9482040 0.3032050 -0.0947445 0.2082060 -0.3059220 0.9519340 -0.0152488 0.0838317 0.0855671 0.0434433 0.9953850 0.7410770 
255 0.9438470 0.3113410 -0.1105430 0.2085900 -0.3140090 0.9493930 -0.0071651 0.0838046 0.1027180 0.0414743 0.9938450 0.7405200 
256 0.9409300 0.3156810 -0.1224610 0.2086480 -0.3180060 0.9480890 0.0005914 0.0838351 0.1162900 0.0383867 0.9924730 0.7403070 
257 0.9400570 0.3126080 -0.1362660 0.2088460 -0.3147400 0.9491580 0.0061671 0.0838828 0.1312660 0.0370909 0.9906530 0.7399930 
258 0.9367740 0.3147550 -0.1529190 0.2093300 -0.3166140 0.9484700 0.0126818 0.0838496 0.1490310 0.0365363 0.9881570 0.7393030 
259 0.9312480 0.3232550 -0.1681740 0.2095850 -0.3243750 0.9456830 0.0215462 0.0838822 0.1660040 0.0344866 0.9855220 0.7387340 
260 0.9228750 0.3362940 -0.1876400 0.2096380 -0.3368580 0.9410820 0.0298552 0.0838947 0.1866250 0.0356555 0.9817840 0.7384340 
261 0.9142660 0.3483610 -0.2067900 0.2100370 -0.3486340 0.9365540 0.0363355 0.0838963 0.2063280 0.0388737 0.9777100 0.7378680 
262 0.9101400 0.3529140 -0.2170170 0.2100620 -0.3523230 0.9349020 0.0427467 0.0838750 0.2179760 0.0375546 0.9752310 0.7375670 
263 0.9083670 0.3508120 -0.2275970 0.2101700 -0.3494420 0.9357450 0.0476665 0.0838898 0.2296940 0.0362331 0.9725880 0.7373500 
264 0.9083170 0.3509580 -0.2275710 0.2101730 -0.3496060 0.9356870 0.0476085 0.0838859 0.2296440 0.0363166 0.9725970 0.7373290 
265 0.9047790 0.3519290 -0.2398360 0.2104560 -0.3505570 0.9352150 0.0498342 0.0838924 0.2418360 0.0389873 0.9695340 0.7368450 
266 0.8996160 0.3571330 -0.2512910 0.2108120 -0.3553390 0.9331700 0.0541099 0.0839138 0.2538220 0.0406154 0.9663980 0.7360860 
267 0.8933700 0.3641570 -0.2632100 0.2110060 -0.3614440 0.9304300 0.0604794 0.0839212 0.2669220 0.0411052 0.9628410 0.7355450 
268 0.8855830 0.3722490 -0.2778020 0.2110830 -0.3684140 0.9271740 0.0679579 0.0839274 0.2828680 0.0421639 0.9582320 0.7351640 
269 0.8756080 0.3824080 -0.2950860 0.2110760 -0.3785640 0.9227330 0.0724777 0.0838303 0.3000010 0.0482467 0.9527180 0.7353110 
270 0.8757960 0.3822020 -0.2947920 0.2110200 -0.3784750 0.9228050 0.0720222 0.0839035 0.2995630 0.0484947 0.9528430 0.7353430 
271 0.8644290 0.3943580 -0.3118400 0.2110960 -0.3928220 0.9168990 0.0706135 0.0840091 0.3137730 0.0614575 0.9475070 0.7347590 
272 0.8518390 0.4081420 -0.3283140 0.2111190 -0.4071540 0.9102600 0.0751888 0.0840832 0.3295380 0.0696254 0.9415710 0.7341430 
273 0.8365070 0.4239840 -0.3471230 0.2110360 -0.4242610 0.9020530 0.0793926 0.0839693 0.3467850 0.0808583 0.9344530 0.7343150 
274 0.8220770 0.4374610 -0.3644400 0.2109690 -0.4408880 0.8941030 0.0787276 0.0839376 0.3602870 0.0959572 0.9278930 0.7341350 
275 0.8085900 0.4495510 -0.3795870 0.2112320 -0.4573640 0.8860980 0.0751513 0.0838952 0.3701360 0.1128430 0.9220990 0.7341440 
276 0.7973110 0.4629010 -0.3873210 0.2110950 -0.4755370 0.8769700 0.0691925 0.0838336 0.3716990 0.1290180 0.9193450 0.7338900 
277 0.7916980 0.4670280 -0.3938270 0.2107770 -0.4824790 0.8734280 0.0658611 0.0837704 0.3747390 0.1378710 0.9168220 0.7335440 
278 0.7866130 0.4686930 -0.4019540 0.2106980 -0.4856690 0.8716520 0.0659367 0.0836779 0.3812690 0.1433500 0.9132830 0.7332890 
279 0.7795200 0.4744090 -0.4090060 0.2106290 -0.4943330 0.8669540 0.0634421 0.0834873 0.3846870 0.1527310 0.9103240 0.7332370 
280 0.7726370 0.4824390 -0.4126560 0.2105890 -0.5050640 0.8609330 0.0608658 0.0835215 0.3846330 0.1613900 0.9088510 0.7327810 
281 0.7653670 0.4926200 -0.4141730 0.2101610 -0.5162330 0.8541990 0.0620229 0.0834019 0.3843400 0.1663390 0.9080830 0.7320690 
282 0.7577450 0.4994090 -0.4200160 0.2099980 -0.5238320 0.8493490 0.0648581 0.0832920 0.3891310 0.1708720 0.9051960 0.7320530 
283 0.7515910 0.5052340 -0.4240860 0.2098000 -0.5309120 0.8448820 0.0656352 0.0832289 0.3914640 0.1758220 0.9032400 0.7319390 
284 0.7434460 0.5120730 -0.4301980 0.2094410 -0.5396810 0.8392530 0.0663297 0.0833392 0.3950100 0.1828570 0.9002950 0.7316870 
285 0.7337560 0.5190000 -0.4384520 0.2093570 -0.5485580 0.8333120 0.0683790 0.0832851 0.4008560 0.1903430 0.8961500 0.7316650 
286 0.7256060 0.5242790 -0.4456770 0.2090060 -0.5554860 0.8285500 0.0702908 0.0833838 0.4061180 0.1965640 0.8924300 0.7314740 
287 0.7163630 0.5278160 -0.4563280 0.2091360 -0.5605270 0.8248150 0.0740917 0.0831911 0.4154930 0.2027070 0.8867220 0.7316890 
288 0.7114020 0.5306210 -0.4608130 0.2088920 -0.5643450 0.8220890 0.0753916 0.0833063 0.4188340 0.2064240 0.8842890 0.7314190 
289 0.7017980 0.5357940 -0.4694730 0.2083220 -0.5695280 0.8178680 0.0820376 0.0836099 0.4279220 0.2098040 0.8791270 0.7312150 
290 0.6866700 0.5432330 -0.4830960 0.2082650 -0.5771880 0.8114120 0.0920067 0.0835051 0.4419710 0.2156590 0.8707200 0.7315960 
291 0.6746340 0.5474590 -0.4951340 0.2077590 -0.5812160 0.8074720 0.1008820 0.0835433 0.4550350 0.2197220 0.8629400 0.7319550 
292 0.6620850 0.5472370 -0.5120310 0.2079320 -0.5804760 0.8066100 0.1114820 0.0833729 0.4740170 0.2234110 0.8517020 0.7323760 
293 0.6506940 0.5485810 -0.5250300 0.2076310 -0.5818300 0.8044860 0.1194830 0.0831897 0.4879250 0.2277320 0.8426550 0.7331810 
294 0.6387540 0.5501960 -0.5378460 0.2071290 -0.5845390 0.8015600 0.1257590 0.0832977 0.5003080 0.2340630 0.8336110 0.7335170 
295 0.6245820 0.5525180 -0.5519240 0.2070510 -0.5870390 0.7982570 0.1347960 0.0829898 0.5150550 0.2398100 0.8229270 0.7343820 
296 0.6150490 0.5539490 -0.5611190 0.2066580 -0.5893480 0.7957320 0.1395730 0.0830213 0.5238170 0.2448500 0.8158830 0.7349350 
297 0.6091250 0.5498230 -0.5715430 0.2061250 -0.5866610 0.7973240 0.1417860 0.0829191 0.5336620 0.2489360 0.8082300 0.7358350 
298 0.6075260 0.5423890 -0.5802810 0.2056680 -0.5801080 0.8020140 0.1422970 0.0829481 0.5425740 0.2501770 0.8018880 0.7362160 
299 0.6051530 0.5355620 -0.5890350 0.2050070 -0.5721860 0.8070360 0.1459300 0.0829168 0.5535270 0.2487280 0.7948220 0.7366880 
300 0.6000530 0.5300440 -0.5991570 0.2043400 -0.5664860 0.8103840 0.1495720 0.0829064 0.5648270 0.2496630 0.7865360 0.7373610 
301 0.5950520 0.5247320 -0.6087440 0.2038700 -0.5619450 0.8131580 0.1516310 0.0828089 0.5745710 0.2518520 0.7787420 0.7377530 
302 0.5978930 0.5006690 -0.6259830 0.2033130 -0.5386990 0.8292660 0.1487310 0.0819261 0.5935720 0.2482920 0.7655220 0.7396450 
303 0.6064170 0.4887250 -0.6272210 0.2025800 -0.5272970 0.8375900 0.1428350 0.0819209 0.5951610 0.2441140 0.7656320 0.7402150 
304 0.6086190 0.4807930 -0.6312050 0.2018680 -0.5212840 0.8420290 0.1387480 0.0817318 0.5982020 0.2445920 0.7631050 0.7409790 
305 0.6118630 0.4745430 -0.6327970 0.2013700 -0.5214910 0.8435480 0.1283500 0.0818602 0.5947020 0.2514650 0.7636060 0.7414410 
306 0.6345850 0.4515870 -0.6271930 0.1999590 -0.5031660 0.8573860 0.1082320 0.0817106 0.5866230 0.2469000 0.7713070 0.7418430 
307 0.6484950 0.4402470 -0.6209960 0.1993760 -0.4902600 0.8656220 0.1017020 0.0815337 0.5823220 0.2384970 0.7771870 0.7422910 
308 0.6602690 0.4299660 -0.6157710 0.1986390 -0.4803170 0.8720550 0.0938914 0.0812489 0.5773570 0.2337720 0.7823110 0.7432380 
309 0.6689360 0.4229010 -0.6112930 0.1980400 -0.4735310 0.8763610 0.0880950 0.0809026 0.5729690 0.2305360 0.7864860 0.7437630 
310 0.6795830 0.4180090 -0.6028560 0.1972850 -0.4719130 0.8782760 0.0770058 0.0812095 0.5616630 0.2321640 0.7941250 0.7437890 
311 0.6927460 0.4116370 -0.5921640 0.1965070 -0.4644190 0.8828150 0.0703766 0.0810318 0.5517410 0.2262600 0.8027380 0.7437110 
312 0.7217780 0.3965680 -0.5672480 0.1952280 -0.4455080 0.8934150 0.0577202 0.0813339 0.5296780 0.2110520 0.8215220 0.7433530 
313 0.7388960 0.3849910 -0.5530040 0.1943820 -0.4313160 0.9007700 0.0507962 0.0815850 0.5176860 0.2009870 0.8316280 0.7433600 
314 0.7557530 0.3748520 -0.5369570 0.1937410 -0.4180940 0.9072920 0.0449270 0.0819143 0.5040180 0.1905450 0.8424120 0.7429250 
