1 0.4822480 -0.2936580 0.8253490 -0.3828160 0.2015000 0.9540640 0.2217190 -0.2859760 -0.8525460 0.0593846 0.5192680 -0.3537330 
2 0.4812830 -0.2931800 0.8260820 -0.3854760 0.2000080 0.9542780 0.2221510 -0.2852780 -0.8534420 0.0583055 0.5179160 -0.3536700 
3 0.4802410 -0.2984990 0.8247830 -0.3819750 0.1973550 0.9529740 0.2299810 -0.2848490 -0.8546460 0.0523291 0.5165680 -0.3520590 
4 0.4808980 -0.2974350 0.8247850 -0.3792010 0.1930430 0.9535350 0.2313100 -0.2861790 -0.8552610 0.0479827 0.5159710 -0.3511600 
5 0.4816630 -0.2946420 0.8253410 -0.3769940 0.1905900 0.9544630 0.2295110 -0.2870630 -0.8553810 0.0467550 0.5158850 -0.3500820 
6 0.4810980 -0.2922380 0.8265240 -0.3791430 0.1889350 0.9552100 0.2277650 -0.2858680 -0.8560650 0.0465821 0.5147640 -0.3500140 
7 0.4770770 -0.3001840 0.8260070 -0.3716460 0.1816810 0.9532440 0.2414900 -0.2868000 -0.8598780 0.0348607 0.5093080 -0.3444820 
8 0.4790100 -0.3032590 0.8237620 -0.3672310 0.1810540 0.9523830 0.2453280 -0.2884470 -0.8589350 0.0316311 0.5111070 -0.3411780 
9 0.4829760 -0.3091510 0.8192440 -0.3674130 0.1794660 0.9506880 0.2529510 -0.2913740 -0.8570450 0.0248569 0.5146410 -0.3406890 
10 0.4846520 -0.3151210 0.8159730 -0.3657160 0.1739530 0.9489420 0.2631520 -0.2920540 -0.8572360 0.0144043 0.5147230 -0.3410180 
11 0.4824780 -0.3250450 0.8133640 -0.3581370 0.1711050 0.9456810 0.2764260 -0.2933490 -0.8590330 0.0058010 0.5118870 -0.3352440 
12 0.4826280 -0.3303950 0.8111160 -0.3546010 0.1692460 0.9438430 0.2837540 -0.2946750 -0.8593170 0.0003309 0.5114430 -0.3345460 
13 0.4801880 -0.3337310 0.8111980 -0.3479630 0.1687840 0.9426670 0.2879070 -0.2937960 -0.8607740 -0.0013324 0.5089860 -0.3314780 
14 0.4740900 -0.3401270 0.8121280 -0.3419630 0.1654210 0.9403560 0.2972640 -0.2989480 -0.8647980 -0.0065872 0.5020770 -0.3271390 
15 0.4636530 -0.3540160 0.8122180 -0.3411840 0.1715090 0.9352290 0.3097260 -0.3035400 -0.8692590 -0.0043025 0.4943390 -0.3246470 
16 0.4575560 -0.3659430 0.8103880 -0.3335510 0.1736130 0.9306130 0.3222080 -0.3014560 -0.8720670 -0.0067346 0.4893400 -0.3224940 
17 0.4545010 -0.3698310 0.8103420 -0.3265640 0.1701020 0.9290280 0.3285920 -0.2986350 -0.8743530 -0.0115046 0.4851530 -0.3199060 
18 0.4452370 -0.3738700 0.8136250 -0.3179870 0.1673750 0.9273930 0.3345560 -0.3012710 -0.8796300 -0.0127767 0.4754860 -0.3143440 
19 0.4382360 -0.3792710 0.8149250 -0.3151580 0.1689830 0.9252180 0.3397300 -0.3024200 -0.8828330 -0.0111736 0.4695550 -0.3124600 
20 0.4321440 -0.3929330 0.8116990 -0.3091430 0.1709780 0.9194570 0.3540700 -0.3115710 -0.8854480 -0.0142265 0.4645210 -0.3102280 
21 0.4287250 -0.4010870 0.8095210 -0.3006060 0.1716220 0.9158880 0.3628970 -0.3106030 -0.8869840 -0.0166515 0.4615000 -0.3064100 
22 0.4250440 -0.4066990 0.8086620 -0.2962460 0.1735310 0.9134190 0.3681740 -0.3115590 -0.8883830 -0.0161618 0.4588180 -0.3034360 
23 0.4186470 -0.4172680 0.8066120 -0.2853700 0.1638150 0.9083210 0.3848600 -0.3136000 -0.8932520 -0.0289853 0.4486200 -0.2962010 
24 0.4172190 -0.4212260 0.8052930 -0.2786760 0.1606110 0.9063280 0.3908630 -0.3160750 -0.8945010 -0.0337365 0.4457900 -0.2918240 
25 0.4148420 -0.4332310 0.8001360 -0.2742010 0.1600980 0.9004080 0.4045180 -0.3255120 -0.8956980 -0.0397111 0.4428860 -0.2892640 
26 0.4130890 -0.4419790 0.7962490 -0.2670800 0.1545440 0.8956750 0.4169920 -0.3249230 -0.8974820 -0.0491987 0.4382990 -0.2855490 
27 0.4134700 -0.4448270 0.7944630 -0.2589820 0.1500470 0.8938990 0.4224110 -0.3227030 -0.8980690 -0.0554478 0.4363450 -0.2801950 
28 0.4143030 -0.4490940 0.7916230 -0.2535260 0.1520950 0.8917150 0.4262760 -0.3260320 -0.8973410 -0.0562051 0.4377450 -0.2750920 
29 0.4152350 -0.4549550 0.7877790 -0.2493740 0.1527410 0.8885370 0.4326350 -0.3285340 -0.8968000 -0.0593193 0.4384420 -0.2721430 
30 0.4172580 -0.4639080 0.7814630 -0.2370300 0.1498290 0.8832450 0.4443300 -0.3310430 -0.8963520 -0.0683143 0.4380480 -0.2634630 
31 0.4175560 -0.4679480 0.7788910 -0.2283940 0.1494890 0.8808920 0.4490900 -0.3347350 -0.8962700 -0.0710848 0.4377750 -0.2597500 
32 0.4168800 -0.4695110 0.7783120 -0.2246550 0.1500930 0.8800680 0.4505020 -0.3369520 -0.8964840 -0.0709864 0.4373530 -0.2565240 
33 0.4172310 -0.4706120 0.7774590 -0.2194500 0.1485820 0.8792910 0.4525160 -0.3391830 -0.8965720 -0.0732867 0.4367920 -0.2540630 
34 0.4153260 -0.4709500 0.7782740 -0.2155100 0.1467600 0.8790360 0.4536040 -0.3414520 -0.8977560 -0.0741741 0.4342030 -0.2516110 
35 0.4096110 -0.4739230 0.7794970 -0.2105060 0.1519120 0.8779730 0.4539680 -0.3443390 -0.8995230 -0.0675354 0.4316220 -0.2486740 
36 0.4077250 -0.4746190 0.7800620 -0.2042750 0.1560920 0.8779500 0.4525910 -0.3458420 -0.8996640 -0.0627716 0.4320460 -0.2470540 
37 0.3997600 -0.4768940 0.7827920 -0.1960140 0.1639070 0.8774260 0.4508420 -0.3499680 -0.9018460 -0.0519231 0.4289260 -0.2449460 
38 0.3988390 -0.4758360 0.7839050 -0.1887060 0.1667130 0.8782180 0.4482630 -0.3513690 -0.9017390 -0.0480974 0.4295960 -0.2429530 
39 0.3996530 -0.4721800 0.7856990 -0.1852350 0.1690490 0.8803900 0.4430980 -0.3518150 -0.9009440 -0.0442641 0.4316720 -0.2443760 
40 0.3969400 -0.4728720 0.7866580 -0.1818880 0.1703040 0.8801330 0.4431270 -0.3542090 -0.9019070 -0.0419239 0.4298920 -0.2426120 
41 0.3981750 -0.4722960 0.7863800 -0.1745320 0.1700730 0.8804140 0.4426580 -0.3553240 -0.9014060 -0.0425134 0.4308830 -0.2416220 
42 0.3962860 -0.4739660 0.7863290 -0.1720600 0.1720000 0.8796110 0.4435100 -0.3576130 -0.9018720 -0.0405083 0.4301000 -0.2419750 
43 0.3954250 -0.4735930 0.7869870 -0.1618270 0.1712980 0.8798110 0.4433840 -0.3564110 -0.9023830 -0.0405158 0.4290250 -0.2405290 
44 0.3965420 -0.4674520 0.7900910 -0.1566630 0.1695730 0.8831370 0.4373940 -0.3576830 -0.9022190 -0.0394673 0.4294680 -0.2406870 
45 0.3886190 -0.4725540 0.7909920 -0.1512620 0.1703810 0.8805190 0.4423300 -0.3610490 -0.9055090 -0.0371275 0.4227000 -0.2421740 
46 0.3858390 -0.4760830 0.7902370 -0.1426980 0.1693670 0.8785580 0.4465980 -0.3611440 -0.9068870 -0.0384744 0.4196150 -0.2434390 
47 0.3799910 -0.4785330 0.7915890 -0.1370160 0.1695430 0.8773150 0.4489690 -0.3599310 -0.9093200 -0.0363960 0.4145040 -0.2449940 
48 0.3736530 -0.4790870 0.7942660 -0.1251260 0.1676510 0.8770670 0.4501620 -0.3597720 -0.9122920 -0.0350442 0.4080380 -0.2438370 
49 0.3689190 -0.4760440 0.7982990 -0.1173710 0.1691510 0.8789270 0.4459540 -0.3610880 -0.9139400 -0.0294877 0.4047760 -0.2450100 
50 0.3612050 -0.4770140 0.8012420 -0.1141340 0.1759970 0.8786840 0.4437780 -0.3619090 -0.9157270 -0.0192784 0.4013380 -0.2497180 
51 0.3481820 -0.4804010 0.8049740 -0.1051850 0.1834940 0.8770220 0.4440300 -0.3619110 -0.9192930 -0.0068951 0.3935140 -0.2497630 
52 0.3423000 -0.4790460 0.8082980 -0.0962589 0.1892330 0.8777870 0.4400930 -0.3603530 -0.9203380 0.0023124 0.3911180 -0.2507010 
53 0.3383290 -0.4754590 0.8120790 -0.0935136 0.1897910 0.8797130 0.4359870 -0.3593840 -0.9216900 0.0066186 0.3878700 -0.2573540 
54 0.3204800 -0.4772740 0.8182310 -0.0806035 0.1991050 0.8784350 0.4344070 -0.3614950 -0.9260940 0.0236950 0.3765480 -0.2609020 
55 0.3077000 -0.4834210 0.8195270 -0.0782873 0.1991650 0.8749580 0.4413400 -0.3625150 -0.9304050 0.0274208 0.3655050 -0.2628110 
56 0.2964260 -0.4901990 0.8196560 -0.0681312 0.2022140 0.8709850 0.4477660 -0.3613510 -0.9334030 0.0330166 0.3573080 -0.2601590 
57 0.2938970 -0.4920410 0.8194640 -0.0613231 0.2058130 0.8697920 0.4484460 -0.3608070 -0.9334160 0.0368592 0.3568970 -0.2629660 
58 0.2937560 -0.4921950 0.8194220 -0.0575533 0.2024120 0.8698330 0.4499110 -0.3601610 -0.9342040 0.0336965 0.3551450 -0.2695490 
59 0.2819250 -0.4957730 0.8214180 -0.0517009 0.2021860 0.8676200 0.4542650 -0.3595950 -0.9378910 0.0380104 0.3448420 -0.2639120 
60 0.2771130 -0.4969290 0.8223560 -0.0418259 0.2088500 0.8665640 0.4532650 -0.3582760 -0.9378650 0.0461437 0.3439200 -0.2626480 
61 0.2782610 -0.4961760 0.8224230 -0.0411160 0.2134800 0.8667720 0.4507020 -0.3578330 -0.9364810 0.0501585 0.3471130 -0.2690090 
62 0.2699470 -0.5039230 0.8204810 -0.0372781 0.2164630 0.8620650 0.4582440 -0.3573500 -0.9382280 0.0539021 0.3417930 -0.2704240 
63 0.2636150 -0.5074840 0.8203460 -0.0260915 0.2165440 0.8598550 0.4623400 -0.3549750 -0.9400090 0.0557616 0.3365630 -0.2671100 
64 0.2632470 -0.5045150 0.8222930 -0.0189073 0.2140160 0.8616590 0.4601530 -0.3544990 -0.9406900 0.0548503 0.3348040 -0.2666120 
65 0.2632120 -0.5021120 0.8237740 -0.0151925 0.2137500 0.8630140 0.4577320 -0.3555880 -0.9407610 0.0556010 0.3344820 -0.2689680 
66 0.2587370 -0.5014910 0.8255680 -0.0095672 0.2130250 0.8632530 0.4576190 -0.3546150 -0.9421650 0.0574634 0.3301860 -0.2688540 
67 0.2544040 -0.5020920 0.8265490 -0.0023158 0.2148980 0.8626510 0.4578780 -0.3532990 -0.9429200 0.0611378 0.3273600 -0.2661440 
68 0.2527590 -0.5013220 0.8275200 0.0036158 0.2179780 0.8628090 0.4561210 -0.3524620 -0.9426550 0.0650929 0.3273600 -0.2667860 
69 0.2513390 -0.5014280 0.8278880 0.0075236 0.2175000 0.8627290 0.4564990 -0.3518880 -0.9431450 0.0653295 0.3258980 -0.2671490 
70 0.2522390 -0.5031880 0.8265450 0.0132710 0.2142720 0.8620050 0.4593850 -0.3506210 -0.9436440 0.0612305 0.3252500 -0.2678610 
71 0.2486800 -0.5059400 0.8259440 0.0212504 0.2137690 0.8603730 0.4626670 -0.3495770 -0.9447020 0.0615057 0.3221120 -0.2661210 
72 0.2442900 -0.5083270 0.8257880 0.0291736 0.2155930 0.8587470 0.4648370 -0.3489310 -0.9454320 0.0644790 0.3193750 -0.2643480 
73 0.2416030 -0.5078620 0.8268640 0.0365864 0.2152610 0.8589270 0.4646580 -0.3488660 -0.9461980 0.0657289 0.3168420 -0.2622190 
74 0.2399180 -0.5055740 0.8287550 0.0418938 0.2141860 0.8602180 0.4627620 -0.3491280 -0.9468710 0.0664827 0.3146690 -0.2627120 
75 0.2351310 -0.5062670 0.8297030 0.0485168 0.2141340 0.8596440 0.4638530 -0.3487420 -0.9480820 0.0686016 0.3105380 -0.2610400 
76 0.2320810 -0.5061910 0.8306080 0.0572827 0.2140200 0.8595700 0.4640410 -0.3494310 -0.9488590 0.0700721 0.3078250 -0.2578370 
77 0.2294210 -0.5032770 0.8331130 0.0647665 0.2142070 0.8610650 0.4611750 -0.3507100 -0.9494640 0.0726551 0.3053520 -0.2574490 
78 0.2235270 -0.4999890 0.8366880 0.0713813 0.2141480 0.8626250 0.4582780 -0.3499680 -0.9508820 0.0767376 0.2998920 -0.2538170 
79 0.2233320 -0.4979120 0.8379770 0.0785493 0.2131250 0.8638330 0.4564750 -0.3502890 -0.9511570 0.0766488 0.2990400 -0.2515470 
80 0.2197110 -0.4971710 0.8393740 0.0850509 0.2132310 0.8640670 0.4559830 -0.3515370 -0.9519770 0.0787963 0.2958570 -0.2507840 
81 0.2154670 -0.4955610 0.8414230 0.0938582 0.2128920 0.8647750 0.4547980 -0.3517590 -0.9530220 0.0811383 0.2918320 -0.2459660 
82 0.2160360 -0.4926610 0.8429790 0.1012030 0.2121410 0.8664270 0.4519970 -0.3523760 -0.9530610 0.0811828 0.2916930 -0.2433910 
83 0.2153830 -0.4915350 0.8438030 0.1112020 0.2130300 0.8669220 0.4506260 -0.3539290 -0.9530100 0.0826985 0.2914320 -0.2397660 
84 0.2148860 -0.4892640 0.8452480 0.1200360 0.2166620 0.8677830 0.4472260 -0.3549450 -0.9523030 0.0870307 0.2924800 -0.2368620 
85 0.2161470 -0.4844360 0.8477040 0.1263190 0.2179090 0.8702640 0.4417660 -0.3539310 -0.9517330 0.0892358 0.2936680 -0.2360540 
86 0.2154880 -0.4817090 0.8494240 0.1327750 0.2145150 0.8719640 0.4400720 -0.3559890 -0.9526530 0.0873837 0.2912310 -0.2345920 
87 0.2107000 -0.4787480 0.8522940 0.1405530 0.2131380 0.8733900 0.4379070 -0.3563840 -0.9540320 0.0893894 0.2860620 -0.2300650 
88 0.2104720 -0.4751790 0.8543460 0.1490490 0.2116110 0.8753470 0.4347280 -0.3576060 -0.9544230 0.0892913 0.2847890 -0.2263540 
89 0.2117990 -0.4712860 0.8561720 0.1539810 0.2082970 0.8776860 0.4316000 -0.3600560 -0.9548580 0.0869254 0.2840600 -0.2235900 
90 0.2112080 -0.4684130 0.8578930 0.1608930 0.2067990 0.8792380 0.4291550 -0.3609550 -0.9553140 0.0867698 0.2825700 -0.2200350 
91 0.2129300 -0.4647230 0.8594730 0.1685680 0.2065270 0.8811770 0.4252930 -0.3609420 -0.9549910 0.0869469 0.2836070 -0.2166110 
92 0.2150280 -0.4609550 0.8609780 0.1744320 0.2051230 0.8832520 0.4216510 -0.3618020 -0.9548230 0.0859398 0.2844760 -0.2134570 
93 0.2167300 -0.4583410 0.8619460 0.1815210 0.2041260 0.8846920 0.4191100 -0.3622720 -0.9546520 0.0851122 0.2852990 -0.2106150 
94 0.2194720 -0.4544550 0.8633090 0.1871320 0.2025730 0.8868260 0.4153360 -0.3636760 -0.9543560 0.0837289 0.2866940 -0.2070610 
95 0.2246730 -0.4505750 0.8640050 0.1918580 0.1998980 0.8891270 0.4116960 -0.3637050 -0.9537100 0.0802161 0.2898320 -0.2040080 
96 0.2271170 -0.4512580 0.8630090 0.1961760 0.1974310 0.8891000 0.4129430 -0.3661150 -0.9536450 0.0765985 0.2910220 -0.1999810 
97 0.2291660 -0.4530250 0.8615400 0.2029000 0.1988330 0.8882190 0.4141650 -0.3670570 -0.9528630 0.0763903 0.2936260 -0.1960850 
98 0.2351730 -0.4520130 0.8604520 0.2095510 0.1982330 0.8889790 0.4128200 -0.3675140 -0.9515240 0.0734858 0.2986680 -0.1927170 
99 0.2412600 -0.4502500 0.8596910 0.2152520 0.1956650 0.8902350 0.4113360 -0.3688560 -0.9505310 0.0689729 0.3028760 -0.1901230 
100 0.2442090 -0.4485130 0.8597660 0.2183400 0.1929390 0.8913580 0.4101910 -0.3720800 -0.9503350 0.0657095 0.3042130 -0.1860410 
101 0.2512160 -0.4451940 0.8594720 0.2224610 0.1920410 0.8932200 0.4065440 -0.3730330 -0.9486890 0.0629241 0.3098870 -0.1822850 
102 0.2597480 -0.4431360 0.8579980 0.2268420 0.1886440 0.8946620 0.4049620 -0.3746640 -0.9470710 0.0566677 0.3159820 -0.1798150 
103 0.2657280 -0.4408610 0.8573390 0.2323380 0.1851910 0.8960920 0.4033890 -0.3759860 -0.9460930 0.0515791 0.3197610 -0.1759530 
104 0.2737400 -0.4368920 0.8568500 0.2374370 0.1835970 0.8982320 0.3993370 -0.3770890 -0.9441180 0.0480005 0.3260950 -0.1714790 
105 0.2833160 -0.4336480 0.8553840 0.2399210 0.1827750 0.8999960 0.3957270 -0.3783600 -0.9414480 0.0442271 0.3342440 -0.1698430 
106 0.2888500 -0.4338610 0.8534230 0.2429750 0.1809730 0.9000930 0.3963350 -0.3805460 -0.9401140 0.0399649 0.3385090 -0.1665260 
107 0.2958190 -0.4325610 0.8516930 0.2492730 0.1811400 0.9008220 0.3945980 -0.3820610 -0.9379120 0.0375461 0.3448350 -0.1618000 
108 0.3065490 -0.4263260 0.8510430 0.2537080 0.1793220 0.9039460 0.3882340 -0.3828520 -0.9348110 0.0335977 0.3535540 -0.1593700 
109 0.3156140 -0.4211500 0.8503060 0.2571500 0.1767840 0.9065170 0.3833730 -0.3833750 -0.9322740 0.0293226 0.3605620 -0.1572120 
110 0.3240450 -0.4172290 0.8490670 0.2619580 0.1747310 0.9084490 0.3797230 -0.3844340 -0.9297660 0.0253108 0.3672810 -0.1537090 
111 0.3326800 -0.4132600 0.8476670 0.2653060 0.1721470 0.9103770 0.3762710 -0.3870860 -0.9271940 0.0207457 0.3740060 -0.1497810 
112 0.3432000 -0.4079710 0.8460340 0.2701080 0.1698380 0.9128500 0.3712950 -0.3876120 -0.9237800 0.0162597 0.3825790 -0.1473720 
113 0.3523600 -0.4029160 0.8446900 0.2736550 0.1672530 0.9151570 0.3667610 -0.3896000 -0.9207980 0.0120451 0.3898530 -0.1441180 
114 0.3614540 -0.3976660 0.8433340 0.2772100 0.1650480 0.9174920 0.3618950 -0.3900780 -0.9176650 0.0083819 0.3972650 -0.1416080 
115 0.3716420 -0.3923960 0.8413720 0.2814570 0.1613980 0.9197920 0.3576780 -0.3906300 -0.9142390 0.0028678 0.4051650 -0.1384700 
116 0.3807540 -0.3873970 0.8396130 0.2862850 0.1554670 0.9219010 0.3548630 -0.3930530 -0.9115130 -0.0045831 0.4112460 -0.1344530 
117 0.3892230 -0.3816650 0.8383540 0.2901370 0.1516910 0.9242550 0.3503460 -0.3947660 -0.9085680 -0.0091917 0.4176370 -0.1304250 
118 0.3991430 -0.3751370 0.8366340 0.2921070 0.1491200 0.9268820 0.3444600 -0.3942950 -0.9046810 -0.0127300 0.4258990 -0.1287100 
119 0.4074980 -0.3735780 0.8332980 0.2951470 0.1443050 0.9273740 0.3451860 -0.3945900 -0.9017320 -0.0204136 0.4318120 -0.1272020 
120 0.4133670 -0.3743300 0.8300630 0.2985760 0.1408970 0.9269070 0.3478380 -0.3962920 -0.8995980 -0.0268313 0.4358940 -0.1231510 
121 0.4215870 -0.3727540 0.8266310 0.3025340 0.1388420 0.9273890 0.3473780 -0.3980370 -0.8960950 -0.0316792 0.4427300 -0.1187390 
122 0.4311390 -0.3699310 0.8229640 0.3032600 0.1353440 0.9282840 0.3463690 -0.4000710 -0.8920770 -0.0379492 0.4502870 -0.1167690 
123 0.4386260 -0.3680630 0.8198390 0.3062560 0.1314940 0.9287480 0.3466070 -0.4028900 -0.8889980 -0.0442270 0.4557710 -0.1113510 
124 0.4499670 -0.3606870 0.8169670 0.3091920 0.1248150 0.9312310 0.3423890 -0.4046750 -0.8842800 -0.0520943 0.4640420 -0.1077140 
125 0.4613600 -0.3520080 0.8143940 0.3108880 0.1179260 0.9341090 0.3369470 -0.4054320 -0.8793410 -0.0594153 0.4724710 -0.1041770 
126 0.4737740 -0.3457280 0.8099440 0.3126040 0.1117320 0.9358820 0.3341280 -0.4065420 -0.8735290 -0.0678046 0.4820260 -0.1003460 
127 0.4889110 -0.3405140 0.8031290 0.3125280 0.1088220 0.9372830 0.3311470 -0.4085810 -0.8655190 -0.0745033 0.4953030 -0.0976588 
128 0.5010800 -0.3324060 0.7990150 0.3148410 0.1047450 0.9397970 0.3252860 -0.4093110 -0.8590380 -0.0793013 0.5057310 -0.0931829 
129 0.5153140 -0.3216590 0.7943470 0.3158100 0.0977893 0.9429070 0.3183770 -0.4108720 -0.8514040 -0.0863858 0.5173480 -0.0871212 
130 0.5318900 -0.3105590 0.7878110 0.3155250 0.0929698 0.9461160 0.3101950 -0.4110970 -0.8416940 -0.0917470 0.5321020 -0.0842900 
131 0.5456220 -0.3045150 0.7807480 0.3134240 0.0902832 0.9475820 0.3064920 -0.4109210 -0.8331540 -0.0967401 0.5445140 -0.0812463 
132 0.5582100 -0.3001520 0.7735050 0.3131670 0.0867235 0.9482720 0.3053840 -0.4127330 -0.8251550 -0.1033870 0.5553650 -0.0752717 
133 0.5714650 -0.2918050 0.7669920 0.3136360 0.0826965 0.9503620 0.2999540 -0.4123410 -0.8164490 -0.1079860 0.5672300 -0.0710613 
134 0.5814000 -0.2854540 0.7618980 0.3127950 0.0807938 0.9520610 0.2950480 -0.4125110 -0.8095960 -0.1099840 0.5765910 -0.0671068 
135 0.5882040 -0.2808540 0.7583780 0.3099420 0.0810425 0.9535100 0.2902610 -0.4121120 -0.8046420 -0.1092720 0.5836190 -0.0625894 
136 0.5938230 -0.2766500 0.7555390 0.3086450 0.0803549 0.9547260 0.2864290 -0.4124930 -0.8005730 -0.1093770 0.5891680 -0.0587701 
137 0.6000380 -0.2702850 0.7529280 0.3064880 0.0770277 0.9563410 0.2819200 -0.4131440 -0.7962540 -0.1111660 0.5946610 -0.0560016 
138 0.6043570 -0.2670310 0.7506310 0.3033400 0.0745046 0.9569730 0.2804490 -0.4132730 -0.7932220 -0.1135660 0.5982490 -0.0539984 
139 0.6070910 -0.2681970 0.7480040 0.3009850 0.0739330 0.9563020 0.2828780 -0.4139180 -0.7911850 -0.1164300 0.6003910 -0.0499039 
140 0.6084740 -0.2670230 0.7473010 0.2987530 0.0718950 0.9563660 0.2831870 -0.4147930 -0.7903110 -0.1185850 0.6011210 -0.0451141 
141 0.6071820 -0.2649010 0.7491040 0.2943350 0.0701807 0.9569830 0.2815280 -0.4155450 -0.7914570 -0.1183660 0.5996540 -0.0370798 
142 0.6092390 -0.2645580 0.7475540 0.2907640 0.0724728 0.9573380 0.2797360 -0.4163210 -0.7896680 -0.1162490 0.6024210 -0.0329457 
143 0.6105950 -0.2640180 0.7466380 0.2880080 0.0755804 0.9579160 0.2769190 -0.4168510 -0.7883280 -0.1126540 0.6048540 -0.0287486 
144 0.6109190 -0.2617680 0.7471650 0.2842140 0.0780376 0.9590710 0.2722020 -0.4184540 -0.7878380 -0.1079860 0.6063420 -0.0238285 
145 0.6117720 -0.2595750 0.7472320 0.2790550 0.0808643 0.9602000 0.2673520 -0.4197140 -0.7868900 -0.1031340 0.6084140 -0.0204927 
146 0.6103780 -0.2583270 0.7488030 0.2741290 0.0821160 0.9608690 0.2645510 -0.4187680 -0.7878430 -0.0999873 0.6077060 -0.0153650 
147 0.6080350 -0.2597470 0.7502170 0.2697800 0.0830788 0.9605930 0.2652520 -0.4194930 -0.7895520 -0.0989551 0.6056530 -0.0120159 
148 0.6041030 -0.2622690 0.7525120 0.2641320 0.0841023 0.9600010 0.2670680 -0.4228640 -0.7924560 -0.0980484 0.6019970 -0.0067573 
149 0.6032010 -0.2607680 0.7537560 0.2585120 0.0849943 0.9606780 0.2643370 -0.4236660 -0.7930480 -0.0953835 0.6016460 -0.0035956 
150 0.6008890 -0.2628670 0.7548730 0.2530940 0.0883115 0.9604300 0.2641500 -0.4228680 -0.7944390 -0.0920613 0.6003260 -0.0012690 
151 0.5933630 -0.2658920 0.7597510 0.2480950 0.0909052 0.9599640 0.2649640 -0.4241490 -0.7997850 -0.0881548 0.5937780 0.0049491 
152 0.5890020 -0.2644130 0.7636510 0.2436040 0.0927429 0.9608320 0.2611540 -0.4255810 -0.8027920 -0.0829970 0.5904540 0.0089431 
153 0.5856030 -0.2623530 0.7669680 0.2356410 0.0921073 0.9615840 0.2585970 -0.4250060 -0.8053480 -0.0807920 0.5872710 0.0088745 
154 0.5783430 -0.2699630 0.7698310 0.2292000 0.0947783 0.9595030 0.2652740 -0.4277210 -0.8102690 -0.0804563 0.5805090 0.0119051 
155 0.5730780 -0.2732370 0.7726080 0.2247890 0.0970654 0.9587740 0.2670780 -0.4300120 -0.8137320 -0.0780630 0.5759740 0.0164465 
156 0.5670330 -0.2716390 0.7776150 0.2161320 0.0989337 0.9596830 0.2630980 -0.4323250 -0.8177320 -0.0722527 0.5710460 0.0215521 
157 0.5643430 -0.2732180 0.7790180 0.2067770 0.1035760 0.9596230 0.2615270 -0.4343310 -0.8190170 -0.0669034 0.5698550 0.0214788 
158 0.5619460 -0.2747180 0.7802220 0.2019930 0.1044010 0.9592510 0.2625610 -0.4357170 -0.8205590 -0.0660888 0.5677280 0.0240861 
159 0.5599490 -0.2755790 0.7813540 0.1964180 0.1066270 0.9591900 0.2618870 -0.4389510 -0.8216380 -0.0633298 0.5664810 0.0287433 
160 0.5624870 -0.2732380 0.7803520 0.1889580 0.1079730 0.9600080 0.2583160 -0.4411480 -0.8197260 -0.0610428 0.5694940 0.0295411 
161 0.5651380 -0.2679320 0.7802760 0.1849500 0.1024210 0.9612630 0.2558980 -0.4409790 -0.8186140 -0.0647007 0.5706890 0.0299624 
162 0.5617970 -0.2624520 0.7845400 0.1759020 0.0946302 0.9625050 0.2542230 -0.4454990 -0.8218450 -0.0685806 0.5655680 0.0341838 
163 0.5614430 -0.2593750 0.7858160 0.1654210 0.0931518 0.9633820 0.2514300 -0.4501060 -0.8222560 -0.0679633 0.5650450 0.0373438 
164 0.5660570 -0.2539400 0.7842800 0.1595480 0.0888376 0.9646230 0.2482140 -0.4499590 -0.8195660 -0.0708295 0.5685910 0.0369075 
165 0.5658530 -0.2502860 0.7856000 0.1557970 0.0860304 0.9655350 0.2456450 -0.4508490 -0.8200060 -0.0714137 0.5678830 0.0391834 
166 0.5641470 -0.2482680 0.7874650 0.1459080 0.0888549 0.9664400 0.2410370 -0.4546390 -0.8208790 -0.0660103 0.5672740 0.0416661 
167 0.5683830 -0.2437510 0.7858280 0.1385260 0.0862788 0.9675000 0.2376970 -0.4549830 -0.8182280 -0.0673028 0.5709410 0.0403016 
168 0.5692930 -0.2411540 0.7859710 0.1318230 0.0827020 0.9679610 0.2370900 -0.4549460 -0.8179650 -0.0699722 0.5709970 0.0401540 
169 0.5680820 -0.2352340 0.7886370 0.1170960 0.0756438 0.9691470 0.2345870 -0.4589790 -0.8194880 -0.0736095 0.5683490 0.0450363 
170 0.5692670 -0.2286100 0.7897300 0.1080410 0.0699255 0.9705450 0.2305480 -0.4582610 -0.8191740 -0.0760211 0.5684850 0.0435374 
171 0.5668570 -0.2299380 0.7910760 0.1008890 0.0701169 0.9702400 0.2317720 -0.4581950 -0.8208270 -0.0759138 0.5661100 0.0430102 
172 0.5654530 -0.2327620 0.7912550 0.0940233 0.0707503 0.9695050 0.2346370 -0.4601460 -0.8217400 -0.0766948 0.5646780 0.0445951 
173 0.5668740 -0.2321250 0.7904250 0.0880307 0.0681550 0.9694070 0.2358070 -0.4593170 -0.8209810 -0.0798013 0.5653520 0.0430507 
174 0.5657140 -0.2335650 0.7908320 0.0830863 0.0670153 0.9688970 0.2382160 -0.4596630 -0.8218740 -0.0817639 0.5637710 0.0431754 
175 0.5660160 -0.2343030 0.7903970 0.0760942 0.0679193 0.9687550 0.2385370 -0.4608110 -0.8215920 -0.0813326 0.5642440 0.0448055 
176 0.5700130 -0.2308300 0.7885450 0.0707846 0.0644068 0.9693250 0.2371930 -0.4589850 -0.8191070 -0.0844152 0.5673950 0.0422304 
177 0.5667950 -0.2297670 0.7911710 0.0513873 0.0626874 0.9695670 0.2366660 -0.4592380 -0.8214710 -0.0845448 0.5639490 0.0450449 
178 0.5709400 -0.2307380 0.7879000 0.0441975 0.0630102 0.9691780 0.2381670 -0.4575210 -0.8185700 -0.0863331 0.5678820 0.0423862 
179 0.5737740 -0.2334190 0.7850470 0.0375725 0.0611429 0.9680610 0.2431470 -0.4570480 -0.8167280 -0.0915112 0.5697200 0.0410199 
180 0.5756220 -0.2360870 0.7828930 0.0315275 0.0610082 0.9671460 0.2467940 -0.4581850 -0.8154370 -0.0942971 0.5711140 0.0425145 
181 0.5796600 -0.2351840 0.7801810 0.0251298 0.0609010 0.9672700 0.2463330 -0.4587150 -0.8125790 -0.0952754 0.5750110 0.0416048 
182 0.5838950 -0.2313170 0.7781760 0.0179694 0.0571394 0.9678800 0.2448340 -0.4583880 -0.8098160 -0.0984928 0.5783580 0.0403765 
183 0.5870280 -0.2292490 0.7764300 0.0092038 0.0562173 0.9682970 0.2433960 -0.4581320 -0.8076120 -0.0992312 0.5813050 0.0393110 
184 0.5876590 -0.2292970 0.7759380 -0.0035308 0.0565289 0.9682950 0.2433290 -0.4570340 -0.8071310 -0.0991313 0.5819900 0.0393284 
185 0.5967920 -0.2279660 0.7693320 -0.0176287 0.0545684 0.9681040 0.2445350 -0.4569820 -0.8005390 -0.1039550 0.5901960 0.0394372 
186 0.6022160 -0.2292810 0.7647000 -0.0252597 0.0582696 0.9679400 0.2443300 -0.4548610 -0.7962040 -0.1025810 0.5962690 0.0378190 
187 0.6070150 -0.2316510 0.7601780 -0.0308550 0.0605929 0.9672780 0.2463770 -0.4547350 -0.7923770 -0.1034930 0.6011890 0.0363556 
188 0.6107420 -0.2307470 0.7574630 -0.0378403 0.0609364 0.9674580 0.2455850 -0.4546220 -0.7894810 -0.1038320 0.6049280 0.0363128 
189 0.6156080 -0.2297600 0.7538150 -0.0453033 0.0605817 0.9675210 0.2454230 -0.4515660 -0.7857210 -0.1054170 0.6095330 0.0336701 
190 0.6181520 -0.2342880 0.7503320 -0.0518162 0.0614974 0.9660370 0.2509780 -0.4512820 -0.7836500 -0.1089990 0.6115660 0.0325055 
191 0.6179580 -0.2373290 0.7495350 -0.0632113 0.0616016 0.9650360 0.2547770 -0.4535020 -0.7837940 -0.1112690 0.6109710 0.0337604 
192 0.6264060 -0.2378140 0.7423340 -0.0748399 0.0597714 0.9641750 0.2584460 -0.4545230 -0.7772020 -0.1175220 0.6181790 0.0323978 
193 0.6289940 -0.2370680 0.7403820 -0.0812495 0.0607969 0.9644530 0.2571650 -0.4562370 -0.7750290 -0.1167420 0.6210480 0.0326727 
194 0.6334820 -0.2345830 0.7373400 -0.0881449 0.0620573 0.9652690 0.2537820 -0.4545590 -0.7712650 -0.1150090 0.6260380 0.0298306 
195 0.6367230 -0.2349400 0.7344300 -0.0939378 0.0624505 0.9650370 0.2545670 -0.4534350 -0.7685590 -0.1162230 0.6291330 0.0280774 
196 0.6373700 -0.2375030 0.7330430 -0.0984260 0.0640545 0.9643520 0.2567520 -0.4556490 -0.7678910 -0.1166910 0.6298620 0.0294325 
197 0.6421590 -0.2299550 0.7312680 -0.1111590 0.0658275 0.9669640 0.2462660 -0.4558400 -0.7637400 -0.1100040 0.6360820 0.0262227 
198 0.6442460 -0.2269180 0.7303810 -0.1166730 0.0635122 0.9675470 0.2445800 -0.4550670 -0.7621770 -0.1111810 0.6377500 0.0249983 
199 0.6415680 -0.2247640 0.7333970 -0.1276830 0.0621202 0.9681910 0.2423790 -0.4566400 -0.7645460 -0.1099440 0.6351230 0.0276338 
200 0.6452300 -0.2233380 0.7306150 -0.1327570 0.0630545 0.9686220 0.2404080 -0.4550960 -0.7613820 -0.1090500 0.6390660 0.0253123 
201 0.6479840 -0.2195000 0.7293400 -0.1376870 0.0579033 0.9689990 0.2401820 -0.4562880 -0.7594500 -0.1134030 0.6406060 0.0266470 
202 0.6524540 -0.2112360 0.7277930 -0.1499920 0.0509241 0.9704170 0.2360030 -0.4556560 -0.7561150 -0.1169190 0.6439100 0.0264377 
203 0.6554400 -0.2073130 0.7262360 -0.1550610 0.0468502 0.9708970 0.2348710 -0.4562840 -0.7537920 -0.1199200 0.6460780 0.0273013 
204 0.6577490 -0.2037230 0.7251650 -0.1614840 0.0434782 0.9713940 0.2334600 -0.4546010 -0.7519820 -0.1220290 0.6477910 0.0249281 
205 0.6582990 -0.2060690 0.7240010 -0.1676870 0.0417738 0.9703190 0.2381940 -0.4545430 -0.7515960 -0.1265590 0.6473680 0.0265185 
206 0.6582130 -0.2045720 0.7245040 -0.1769370 0.0385689 0.9702710 0.2389270 -0.4547220 -0.7518430 -0.1293220 0.6465350 0.0288444 
207 0.6609120 -0.2014050 0.7229330 -0.1828600 0.0347079 0.9704870 0.2386420 -0.4544690 -0.7496600 -0.1326300 0.6483970 0.0273647 
208 0.6625150 -0.2052300 0.7203850 -0.1959720 0.0367331 0.9694780 0.2424120 -0.4529760 -0.7481480 -0.1341400 0.6498320 0.0293967 
209 0.6642950 -0.2071850 0.7181830 -0.2021090 0.0369651 0.9687480 0.2452780 -0.4523150 -0.7465560 -0.1363890 0.6511930 0.0290808 
210 0.6650680 -0.2114120 0.7162330 -0.2085270 0.0394272 0.9676940 0.2490260 -0.4515630 -0.7457410 -0.1373800 0.6519180 0.0300585 
211 0.6660470 -0.2163640 0.7138400 -0.2146100 0.0432644 0.9666010 0.2526070 -0.4511910 -0.7446540 -0.1373650 0.6531630 0.0305773 
212 0.6649840 -0.2196000 0.7138440 -0.2239070 0.0465747 0.9661290 0.2538230 -0.4502590 -0.7454040 -0.1355410 0.6526870 0.0318329 
213 0.6662870 -0.2287630 0.7097380 -0.2359430 0.0572178 0.9646590 0.2572140 -0.4484010 -0.7434970 -0.1307690 0.6558290 0.0335782 
214 0.6677980 -0.2304680 0.7077640 -0.2415920 0.0575384 0.9639970 0.2596150 -0.4486730 -0.7421150 -0.1326470 0.6570160 0.0331984 
215 0.6685520 -0.2342300 0.7058150 -0.2481800 0.0610352 0.9631830 0.2618260 -0.4471820 -0.7411560 -0.1319650 0.6582340 0.0357330 
216 0.6734830 -0.2375780 0.6999840 -0.2537930 0.0636872 0.9620720 0.2652560 -0.4474770 -0.7364540 -0.1340660 0.6630700 0.0347193 
217 0.6736750 -0.2389690 0.6993260 -0.2626340 0.0606972 0.9609720 0.2699060 -0.4473600 -0.7365310 -0.1393810 0.6618870 0.0363896 
218 0.6737550 -0.2422030 0.6981350 -0.2688640 0.0617522 0.9599090 0.2734240 -0.4470700 -0.7363700 -0.1411100 0.6617000 0.0389363 
219 0.6792420 -0.2432770 0.6924210 -0.2794490 0.0592638 0.9585630 0.2786480 -0.4490910 -0.7315180 -0.1482340 0.6655130 0.0373847 
220 0.6812990 -0.2401540 0.6914900 -0.2863030 0.0547211 0.9587170 0.2790480 -0.4497210 -0.7299570 -0.1522760 0.6663140 0.0372409 
221 0.6821550 -0.2403930 0.6905620 -0.2926710 0.0539652 0.9583890 0.2803190 -0.4499700 -0.7292140 -0.1539550 0.6667420 0.0375659 
222 0.6838650 -0.2370700 0.6900190 -0.2977740 0.0514501 0.9590540 0.2785100 -0.4509570 -0.7277920 -0.1549620 0.6680610 0.0393107 
223 0.6859080 -0.2327060 0.6894770 -0.3051880 0.0491681 0.9601440 0.2751460 -0.4518720 -0.7260250 -0.1548250 0.6700120 0.0352182 
224 0.6818550 -0.2311810 0.6939950 -0.3175390 0.0467598 0.9605800 0.2740430 -0.4509590 -0.7299910 -0.1544060 0.6657860 0.0360900 
225 0.6833960 -0.2290840 0.6931740 -0.3294360 0.0439278 0.9606740 0.2741810 -0.4519260 -0.7287250 -0.1569250 0.6665840 0.0356101 
226 0.6849630 -0.2256460 0.6927550 -0.3355250 0.0417775 0.9614320 0.2718530 -0.4521800 -0.7273790 -0.1572680 0.6679720 0.0350675 
227 0.6865810 -0.2234650 0.6918590 -0.3421210 0.0416976 0.9621300 0.2693810 -0.4524150 -0.7258560 -0.1561030 0.6698990 0.0336179 
228 0.6898320 -0.2216350 0.6892100 -0.3488430 0.0411783 0.9624580 0.2682900 -0.4522210 -0.7227980 -0.1566940 0.6730610 0.0313252 
229 0.6940020 -0.2202970 0.6854420 -0.3553180 0.0376179 0.9618330 0.2710390 -0.4526530 -0.7189900 -0.1623170 0.6758010 0.0293831 
230 0.6913670 -0.2190350 0.6885030 -0.3675680 0.0352971 0.9620410 0.2706130 -0.4509570 -0.7216410 -0.1627910 0.6728540 0.0328949 
231 0.6952830 -0.2175430 0.6850230 -0.3736840 0.0348364 0.9621740 0.2702000 -0.4509200 -0.7178920 -0.1640010 0.6765610 0.0315489 
232 0.7061290 -0.2114790 0.6757650 -0.3852380 0.0295615 0.9623310 0.2702690 -0.4510500 -0.7074660 -0.1708680 0.6857810 0.0292668 
233 0.7111980 -0.2084180 0.6713860 -0.3914600 0.0270547 0.9624480 0.2701140 -0.4506910 -0.7024710 -0.1739400 0.6901300 0.0282999 
234 0.7147930 -0.2043710 0.6688070 -0.4037850 0.0236021 0.9628510 0.2689990 -0.4496370 -0.6989370 -0.1764940 0.6930630 0.0287031 
235 0.7231010 -0.2022060 0.6604820 -0.4104220 0.0206097 0.9620830 0.2719770 -0.4509770 -0.6904340 -0.1830550 0.6998510 0.0240900 
236 0.7288890 -0.2027490 0.6539210 -0.4158960 0.0173313 0.9603020 0.2784240 -0.4510650 -0.6844120 -0.1916070 0.7034680 0.0225046 
237 0.7348850 -0.2032010 0.6470350 -0.4208450 0.0166823 0.9591860 0.2822840 -0.4488710 -0.6779870 -0.1966520 0.7082810 0.0255857 
238 0.7436100 -0.1988750 0.6383520 -0.4255130 0.0137407 0.9590830 0.2827910 -0.4497800 -0.6684720 -0.2015150 0.7159170 0.0236356 
239 0.7449180 -0.1964910 0.6375640 -0.4356030 0.0103791 0.9589430 0.2834090 -0.4495610 -0.6670750 -0.2044990 0.7163740 0.0220386 
240 0.7576690 -0.1925820 0.6235790 -0.4455710 0.0115707 0.9592860 0.2822000 -0.4478500 -0.6525370 -0.2065990 0.7290490 0.0224908 
241 0.7635170 -0.1911470 0.6168500 -0.4515310 0.0115730 0.9590870 0.2828730 -0.4490120 -0.6456840 -0.2088400 0.7344920 0.0183205 
242 0.7690770 -0.1935090 0.6091600 -0.4571020 0.0139726 0.9579300 0.2866610 -0.4481450 -0.6390040 -0.2119520 0.7394260 0.0176456 
243 0.7730220 -0.1941840 0.6039280 -0.4648870 0.0135684 0.9568420 0.2902910 -0.4478090 -0.6342340 -0.2162070 0.7422950 0.0202543 
244 0.7781540 -0.1935610 0.5975030 -0.4684280 0.0146675 0.9566680 0.2908110 -0.4469950 -0.6279020 -0.2175320 0.7472750 0.0221216 
245 0.7837480 -0.1911450 0.5909340 -0.4728390 0.0154080 0.9571540 0.2891680 -0.4471040 -0.6208880 -0.2175300 0.7531130 0.0215132 
246 0.7891110 -0.1883960 0.5846460 -0.4766640 0.0151101 0.9574690 0.2881400 -0.4471590 -0.6140650 -0.2185400 0.7583960 0.0206807 
247 0.7933260 -0.1878920 0.5790780 -0.4811500 0.0166095 0.9575090 0.2879260 -0.4472520 -0.6085710 -0.2188010 0.7627370 0.0203066 
248 0.7969580 -0.1852890 0.5749140 -0.4883340 0.0153582 0.9576980 0.2873660 -0.4472790 -0.6038390 -0.2201890 0.7660910 0.0221368 
249 0.8029330 -0.1823160 0.5675020 -0.4919900 0.0143912 0.9577270 0.2873190 -0.4478650 -0.5958950 -0.2225310 0.7716150 0.0211810 
250 0.8078800 -0.1812240 0.5607920 -0.4954740 0.0144958 0.9573710 0.2884990 -0.4480810 -0.5891690 -0.2249430 0.7760670 0.0211662 
251 0.8179720 -0.1765140 0.5475080 -0.5019050 0.0136655 0.9574540 0.2882620 -0.4491190 -0.5750950 -0.2283080 0.7855830 0.0232698 
252 0.8228770 -0.1732190 0.5411730 -0.5054380 0.0140303 0.9583050 0.2854010 -0.4490080 -0.5680460 -0.2272570 0.7909980 0.0224509 
253 0.8253960 -0.1691440 0.5386200 -0.5130660 0.0096351 0.9581440 0.2861230 -0.4496890 -0.5644720 -0.2309750 0.7924780 0.0220079 
254 0.8295200 -0.1665050 0.5330780 -0.5148670 0.0072609 0.9576560 0.2878220 -0.4497350 -0.5584290 -0.2348840 0.7956040 0.0246901 
255 0.8341720 -0.1613350 0.5273780 -0.5184680 0.0048951 0.9583830 0.2854450 -0.4501220 -0.5514820 -0.2355280 0.8002460 0.0256621 
256 0.8397040 -0.1561580 0.5201080 -0.5205000 0.0021870 0.9587270 0.2843180 -0.4499240 -0.5430410 -0.2376060 0.8053880 0.0258409 
257 0.8431800 -0.1542460 0.5150300 -0.5225860 0.0011751 0.9584870 0.2851330 -0.4496790 -0.5376310 -0.2398130 0.8083580 0.0279640 
258 0.8467020 -0.1532980 0.5095050 -0.5250750 0.0023408 0.9586590 0.2845480 -0.4497480 -0.5320620 -0.2397350 0.8120570 0.0294142 
259 0.8507640 -0.1506330 0.5034990 -0.5272110 0.0013010 0.9586450 0.2846020 -0.4499670 -0.5255470 -0.2414740 0.8157760 0.0294968 
260 0.8516990 -0.1465910 0.5031110 -0.5333160 -0.0031831 0.9586120 0.2846980 -0.4495400 -0.5240220 -0.2440790 0.8159820 0.0326644 
261 0.8546800 -0.1442220 0.4987210 -0.5354190 -0.0037068 0.9589190 0.2836560 -0.4499170 -0.5191430 -0.2442840 0.8190340 0.0342375 
262 0.8575620 -0.1421030 0.4943620 -0.5377300 -0.0037852 0.9593130 0.2823180 -0.4501100 -0.5143660 -0.2439760 0.8221330 0.0344722 
263 0.8604820 -0.1391630 0.4901070 -0.5393050 -0.0055314 0.9593640 0.2821170 -0.4503130 -0.5094510 -0.2454680 0.8247460 0.0353233 
264 0.8619470 -0.1394720 0.4874380 -0.5412850 -0.0049642 0.9590500 0.2831930 -0.4505280 -0.5069750 -0.2465170 0.8259570 0.0352998 
265 0.8633340 -0.1415760 0.4843660 -0.5437340 -0.0026847 0.9585360 0.2849580 -0.4504250 -0.5046260 -0.2473140 0.8271570 0.0367364 
266 0.8658070 -0.1409710 0.4801090 -0.5462460 -0.0025051 0.9582610 0.2858850 -0.4505920 -0.5003710 -0.2487240 0.8293160 0.0377328 
267 0.8684130 -0.1416370 0.4751830 -0.5484650 -0.0007467 0.9579590 0.2869030 -0.4502320 -0.4958420 -0.2495050 0.8317980 0.0396104 
268 0.8702750 -0.1428110 0.4714080 -0.5529620 0.0012759 0.9576970 0.2877750 -0.4503590 -0.4925640 -0.2498420 0.8336420 0.0426533 
269 0.8740080 -0.1416030 0.4648220 -0.5547890 0.0017974 0.9575320 0.2883230 -0.4510800 -0.4859090 -0.2511610 0.8371450 0.0427886 
270 0.8779690 -0.1407940 0.4575450 -0.5572700 0.0024398 0.9570760 0.2898260 -0.4511600 -0.4787110 -0.2533420 0.8406270 0.0423969 
271 0.8821620 -0.1433110 0.4486110 -0.5594530 0.0056975 0.9557530 0.2941170 -0.4509080 -0.4709110 -0.2569030 0.8439450 0.0446853 
272 0.8862420 -0.1429800 0.4406030 -0.5611390 0.0066633 0.9550070 0.2965070 -0.4508910 -0.4631740 -0.2598410 0.8473210 0.0485616 
273 0.8906730 -0.1379750 0.4332030 -0.5636490 0.0042384 0.9553170 0.2955540 -0.4511180 -0.4546260 -0.2614060 0.8514590 0.0501460 
274 0.8957500 -0.1329190 0.4242210 -0.5651990 0.0016323 0.9552330 0.2958510 -0.4515460 -0.4445540 -0.2643160 0.8558670 0.0497129 
275 0.8997990 -0.1317210 0.4159460 -0.5668760 0.0019004 0.9545130 0.2981640 -0.4510020 -0.4363000 -0.2674970 0.8591200 0.0521033 
276 0.9036020 -0.1317110 0.4076220 -0.5682120 0.0036470 0.9538890 0.3001370 -0.4509760 -0.4283580 -0.2697180 0.8624160 0.0541062 
277 0.9080230 -0.1308530 0.3979590 -0.5699070 0.0054069 0.9535460 0.3011990 -0.4509920 -0.4188850 -0.2713440 0.8665500 0.0555804 
278 0.9127970 -0.1302470 0.3870890 -0.5700410 0.0075724 0.9530190 0.3028150 -0.4511560 -0.4083440 -0.2734780 0.8708990 0.0558236 
279 0.9168120 -0.1282350 0.3781680 -0.5707420 0.0075626 0.9524400 0.3046330 -0.4513920 -0.3992470 -0.2764310 0.8741780 0.0566628 
280 0.9221880 -0.1232170 0.3665880 -0.5695580 0.0055656 0.9520190 0.3059900 -0.4511920 -0.3867010 -0.2801400 0.8786260 0.0572372 
281 0.9268720 -0.1189350 0.3560370 -0.5697730 0.0039530 0.9515190 0.3075650 -0.4511470 -0.3753560 -0.2836660 0.8824060 0.0582939 
282 0.9308110 -0.1167230 0.3463620 -0.5702590 0.0042887 0.9510590 0.3089790 -0.4508160 -0.3654760 -0.2861160 0.8857570 0.0585726 
283 0.9352780 -0.1106260 0.3361790 -0.5717300 0.0005234 0.9503220 0.3112670 -0.4509930 -0.3539130 -0.2909450 0.8888740 0.0605262 
284 0.9407980 -0.0995326 0.3240250 -0.5712230 -0.0069552 0.9500480 0.3120260 -0.4512300 -0.3388960 -0.2958070 0.8931110 0.0611123 
285 0.9452580 -0.0905906 0.3134970 -0.5702750 -0.0127221 0.9497330 0.3128020 -0.4513960 -0.3260760 -0.2996670 0.8965900 0.0606661 
286 0.9492580 -0.0828224 0.3033950 -0.5709150 -0.0182474 0.9485710 0.3160380 -0.4511180 -0.3139670 -0.3055380 0.8989280 0.0604287 
287 0.9540840 -0.0734427 0.2903960 -0.5690690 -0.0246959 0.9468890 0.3206110 -0.4502110 -0.2985190 -0.3130620 0.9015980 0.0638038 
288 0.9583530 -0.0637721 0.2783750 -0.5670460 -0.0297832 0.9471160 0.3195060 -0.4494490 -0.2840290 -0.3144900 0.9057720 0.0668672 
289 0.9619690 -0.0567186 0.2672040 -0.5667640 -0.0320938 0.9479620 0.3167630 -0.4498660 -0.2712650 -0.3132920 0.9100900 0.0649611 
290 0.9656480 -0.0486139 0.2552670 -0.5645080 -0.0360980 0.9477240 0.3170420 -0.4497890 -0.2573360 -0.3153660 0.9134130 0.0645750 
291 0.9688900 -0.0385555 0.2444700 -0.5620390 -0.0419560 0.9479060 0.3157760 -0.4498340 -0.2439090 -0.3162090 0.9167990 0.0650166 
292 0.9716180 -0.0297373 0.2346780 -0.5606330 -0.0466102 0.9485520 0.3131730 -0.4497690 -0.2319170 -0.3152230 0.9202440 0.0630598 
293 0.9744770 -0.0172842 0.2238200 -0.5586220 -0.0555669 0.9474320 0.3150940 -0.4498770 -0.2175000 -0.3194890 0.9222910 0.0611213 
294 0.9770830 -0.0063529 0.2127620 -0.5565400 -0.0633361 0.9456030 0.3190980 -0.4492880 -0.2032160 -0.3252610 0.9235310 0.0604691 
295 0.9795520 0.0025980 0.2011740 -0.5532970 -0.0684822 0.9445140 0.3212540 -0.4482010 -0.1891770 -0.3284620 0.9253780 0.0609452 
296 0.9818950 0.0132032 0.1889640 -0.5503950 -0.0747463 0.9436260 0.3224640 -0.4483900 -0.1740540 -0.3307500 0.9275290 0.0597562 
297 0.9818950 0.0132029 0.1889640 -0.5503950 -0.0747461 0.9436260 0.3224640 -0.4483900 -0.1740540 -0.3307500 0.9275290 0.0597563 
298 0.9839910 0.0262910 0.1762670 -0.5476960 -0.0831749 0.9424840 0.3237380 -0.4484410 -0.1576180 -0.3332160 0.9295820 0.0571879 
299 0.9858130 0.0407801 0.1628180 -0.5433380 -0.0927439 0.9408490 0.3258860 -0.4476230 -0.1398980 -0.3363630 0.9312830 0.0562147 
300 0.9872450 0.0522263 0.1504020 -0.5406840 -0.0998183 0.9389850 0.3291550 -0.4476270 -0.1240340 -0.3399690 0.9322210 0.0560535 
301 0.9872440 0.0522272 0.1504030 -0.5406860 -0.0998196 0.9389860 0.3291530 -0.4476260 -0.1240360 -0.3399680 0.9322210 0.0560528 
302 0.9884690 0.0672443 0.1356740 -0.5379550 -0.1092120 0.9372340 0.3311560 -0.4480190 -0.1048900 -0.3421550 0.9337710 0.0530499 
303 0.9888120 0.0839806 0.1232770 -0.5355690 -0.1211550 0.9342780 0.3353300 -0.4483380 -0.0870136 -0.3465140 0.9340000 0.0497021 
304 0.9888160 0.0839783 0.1232510 -0.5355430 -0.1211430 0.9342850 0.3353160 -0.4483250 -0.0869923 -0.3464970 0.9340090 0.0496970 
305 0.9890840 0.0976966 0.1103100 -0.5324440 -0.1299980 0.9310070 0.3410680 -0.4481120 -0.0693779 -0.3516850 0.9335440 0.0486192 
306 0.9893660 0.1105460 0.0945233 -0.5284580 -0.1367080 0.9286510 0.3448450 -0.4481990 -0.0496579 -0.3541000 0.9338880 0.0486064 
307 0.9895830 0.1111000 0.0915578 -0.5254880 -0.1361670 0.9287760 0.3447220 -0.4474470 -0.0467382 -0.3535980 0.9342290 0.0503906 
308 0.9891700 0.1246890 0.0774338 -0.5226000 -0.1439640 0.9269990 0.3463350 -0.4476060 -0.0285967 -0.3537320 0.9349100 0.0483748 
