1 -0.4078040 -0.6903010 0.5976450 -0.2658330 0.0631517 0.6316540 0.7726740 -0.1366270 -0.9108830 0.3528420 -0.2139970 -0.4050470 
2 -0.4089280 -0.6902900 0.5968900 -0.2658530 0.0624145 0.6313910 0.7729490 -0.1366670 -0.9104300 0.3533350 -0.2151090 -0.4050260 
3 -0.4095380 -0.6926240 0.5937600 -0.2657420 0.0583901 0.6296090 0.7747150 -0.1365450 -0.9104220 0.3519450 -0.2174070 -0.4051500 
4 -0.4104280 -0.6904470 0.5956780 -0.2656580 0.0577097 0.6322560 0.7726070 -0.1364410 -0.9100650 0.3514760 -0.2196500 -0.4051960 
5 -0.4138120 -0.6872800 0.5969980 -0.2656560 0.0588737 0.6342040 0.7709210 -0.1364900 -0.9084570 0.3541640 -0.2219780 -0.4051600 
6 -0.4185940 -0.6885690 0.5921590 -0.2655600 0.0542653 0.6319040 0.7731450 -0.1364450 -0.9065510 0.3557670 -0.2271460 -0.4051500 
7 -0.4194740 -0.6898380 0.5900550 -0.2654590 0.0532359 0.6301940 0.7746100 -0.1363280 -0.9062050 0.3563410 -0.2276260 -0.4051870 
8 -0.4210170 -0.6918160 0.5866310 -0.2654780 0.0507277 0.6277730 0.7767420 -0.1363750 -0.9056330 0.3567790 -0.2292090 -0.4051260 
9 -0.4287840 -0.6979540 0.5735880 -0.2652240 0.0432540 0.6183280 0.7847290 -0.1361070 -0.9023710 0.3612890 -0.2349400 -0.4052390 
10 -0.4329700 -0.6981930 0.5701430 -0.2651240 0.0437261 0.6154900 0.7869310 -0.1360070 -0.9003470 0.3656470 -0.2359590 -0.4052570 
11 -0.4388540 -0.6983690 0.5654100 -0.2650410 0.0414591 0.6128330 0.7891240 -0.1358600 -0.8976010 0.3697520 -0.2399910 -0.4052650 
12 -0.4553790 -0.6950340 0.5563790 -0.2647300 0.0403428 0.6081850 0.7927690 -0.1355870 -0.8893830 0.3834570 -0.2489150 -0.4053900 
13 -0.4652570 -0.6959110 0.5470310 -0.2645790 0.0376079 0.6018940 0.7976900 -0.1354480 -0.8843760 0.3917040 -0.2538640 -0.4054110 
14 -0.4719480 -0.6955860 0.5416870 -0.2643650 0.0346134 0.5993260 0.7997570 -0.1350740 -0.8809460 0.3961930 -0.2587740 -0.4055750 
15 -0.4765460 -0.7037590 0.5269030 -0.2640640 0.0177997 0.5914860 0.8061190 -0.1347850 -0.8789690 0.3935320 -0.2693440 -0.4055850 
16 -0.4830720 -0.7057220 0.5182630 -0.2638190 0.0101921 0.5873360 0.8092790 -0.1345680 -0.8755210 0.3962220 -0.2765330 -0.4056480 
17 -0.4904530 -0.7073190 0.5090740 -0.2635620 0.0062321 0.5812950 0.8136690 -0.1343500 -0.8714450 0.4022390 -0.2806900 -0.4057380 
18 -0.5046160 -0.7076950 0.4945000 -0.2630620 -0.0081609 0.5766570 0.8169450 -0.1337160 -0.8633050 0.4082080 -0.2967660 -0.4059410 
19 -0.5137840 -0.7053130 0.4884260 -0.2628440 -0.0146299 0.5764340 0.8170120 -0.1334750 -0.8577950 0.4126220 -0.3064810 -0.4060000 
20 -0.5210600 -0.7055290 0.4803390 -0.2625950 -0.0253724 0.5753290 0.8175280 -0.1332360 -0.8531430 0.4137940 -0.3176820 -0.4060640 
21 -0.5263300 -0.7094600 0.4686610 -0.2622190 -0.0350635 0.5688260 0.8217100 -0.1329950 -0.8495570 0.4160580 -0.3242660 -0.4061860 
22 -0.5314300 -0.7223420 0.4424970 -0.2616420 -0.0563402 0.5513480 0.8323710 -0.1325180 -0.8452270 0.4174160 -0.3337000 -0.4062620 
23 -0.5337180 -0.7275550 0.4310560 -0.2612870 -0.0642678 0.5431480 0.8371740 -0.1321690 -0.8432170 0.4191110 -0.3366460 -0.4063860 
24 -0.5347280 -0.7329450 0.4205440 -0.2609900 -0.0699419 0.5343520 0.8423630 -0.1319390 -0.8421250 0.4210210 -0.3369970 -0.4064310 
25 -0.5316100 -0.7422100 0.4080620 -0.2605290 -0.0756920 0.5214830 0.8498980 -0.1314200 -0.8436000 0.4209270 -0.3334050 -0.4067470 
26 -0.5314900 -0.7468280 0.3997080 -0.2601920 -0.0799342 0.5139880 0.8540650 -0.1309550 -0.8432840 0.4219770 -0.3328770 -0.4069380 
27 -0.5363080 -0.7482080 0.3905870 -0.2596040 -0.0841313 0.5078540 0.8573250 -0.1302950 -0.8398190 0.4269290 -0.3353140 -0.4070730 
28 -0.5395570 -0.7448370 0.3925510 -0.2593440 -0.0831766 0.5111150 0.8554780 -0.1299720 -0.8378310 0.4289280 -0.3377290 -0.4072210 
29 -0.5413020 -0.7430310 0.3935700 -0.2591380 -0.0841284 0.5135860 0.8539040 -0.1298690 -0.8366090 0.4291090 -0.3405150 -0.4071850 
30 -0.5412030 -0.7444280 0.3910580 -0.2588920 -0.0819294 0.5095200 0.8565500 -0.1297690 -0.8368910 0.4315280 -0.3367440 -0.4072040 
31 -0.5371420 -0.7483390 0.3891890 -0.2586530 -0.0821368 0.5056140 0.8588410 -0.1294250 -0.8394830 0.4293530 -0.3330530 -0.4072990 
32 -0.5349210 -0.7497030 0.3896220 -0.2584050 -0.0811291 0.5045900 0.8595390 -0.1291630 -0.8409980 0.4281760 -0.3307390 -0.4073750 
33 -0.5323100 -0.7517190 0.3893140 -0.2581880 -0.0782476 0.5016050 0.8615510 -0.1289970 -0.8429260 0.4281490 -0.3258300 -0.4074120 
34 -0.5310110 -0.7543470 0.3859900 -0.2576080 -0.0713089 0.4936830 0.8667130 -0.1282940 -0.8443590 0.4327100 -0.3159430 -0.4079310 
35 -0.5306740 -0.7514870 0.3919850 -0.2574150 -0.0690759 0.4992850 0.8636800 -0.1280870 -0.8447570 0.4312550 -0.3168670 -0.4080240 
36 -0.5278190 -0.7504600 0.3977650 -0.2572480 -0.0666797 0.5034800 0.8614300 -0.1279560 -0.8467360 0.4281560 -0.3157870 -0.4081030 
37 -0.5247440 -0.7533540 0.3963600 -0.2569690 -0.0642122 0.4993190 0.8640360 -0.1277620 -0.8488350 0.4279460 -0.3103890 -0.4082720 
38 -0.5174060 -0.7585870 0.3960250 -0.2567520 -0.0642189 0.4959030 0.8660000 -0.1274810 -0.8533270 0.4226420 -0.3052990 -0.4084020 
39 -0.5105290 -0.7614410 0.3994600 -0.2566020 -0.0639553 0.4969030 0.8654460 -0.1272310 -0.8574790 0.4162880 -0.3023820 -0.4085660 
40 -0.5059520 -0.7633920 0.4015530 -0.2563660 -0.0655931 0.4982390 0.8645550 -0.1269760 -0.8600640 0.4110840 -0.3021590 -0.4087380 
41 -0.4939750 -0.7710320 0.4018680 -0.2559710 -0.0619336 0.4922240 0.8682630 -0.1266730 -0.8672670 0.4040110 -0.2908990 -0.4089480 
42 -0.4899020 -0.7746150 0.3999590 -0.2557940 -0.0642135 0.4896030 0.8695780 -0.1262980 -0.8694090 0.4003250 -0.2895980 -0.4091470 
43 -0.4889770 -0.7730360 0.4041260 -0.2555050 -0.0655307 0.4945340 0.8666840 -0.1260220 -0.8698320 0.3973060 -0.2924730 -0.4093800 
44 -0.4883330 -0.7670690 0.4160960 -0.2553030 -0.0620044 0.5061080 0.8602380 -0.1258100 -0.8704520 0.3942830 -0.2947110 -0.4095580 
45 -0.4882470 -0.7654900 0.4190940 -0.2551840 -0.0632880 0.5100170 0.8578330 -0.1256530 -0.8704070 0.3923110 -0.2974610 -0.4097220 
46 -0.4893370 -0.7661250 0.4166550 -0.2549870 -0.0686992 0.5101420 0.8573420 -0.1254150 -0.8693840 0.3909060 -0.3022640 -0.4099550 
47 -0.4909610 -0.7630750 0.4203250 -0.2547870 -0.0683157 0.5147130 0.8546360 -0.1252450 -0.8684990 0.3908790 -0.3048340 -0.4101440 
48 -0.4907360 -0.7594770 0.4270500 -0.2546430 -0.0677422 0.5218990 0.8503130 -0.1250700 -0.8686710 0.3883500 -0.3075630 -0.4103280 
49 -0.4855590 -0.7590470 0.4336820 -0.2543390 -0.0695451 0.5280550 0.8463580 -0.1248150 -0.8714330 0.3807960 -0.3091900 -0.4105770 
50 -0.4817500 -0.7633150 0.4304260 -0.2541760 -0.0686020 0.5225240 0.8498600 -0.1246600 -0.8736200 0.3798920 -0.3040910 -0.4107550 
51 -0.4778820 -0.7675610 0.4271740 -0.2539300 -0.0698836 0.5179750 0.8525360 -0.1243120 -0.8756400 0.3775600 -0.3011710 -0.4110250 
52 -0.4806670 -0.7629780 0.4322310 -0.2537950 -0.0637718 0.5220150 0.8505490 -0.1242230 -0.8745810 0.3812660 -0.2995720 -0.4113650 
53 -0.4803830 -0.7579610 0.4412790 -0.2537300 -0.0663180 0.5330860 0.8434580 -0.1240330 -0.8745480 0.3759180 -0.3063520 -0.4114880 
54 -0.4787800 -0.7566120 0.4453180 -0.2535450 -0.0688646 0.5380360 0.8401040 -0.1239340 -0.8752300 0.3715590 -0.3097050 -0.4115980 
55 -0.4750080 -0.7597770 0.4439670 -0.2534610 -0.0716740 0.5362460 0.8410130 -0.1237990 -0.8770580 0.3676670 -0.3091770 -0.4117190 
56 -0.4739390 -0.7610960 0.4428480 -0.2532440 -0.0740859 0.5356000 0.8412160 -0.1235200 -0.8774360 0.3658760 -0.3102280 -0.4119490 
57 -0.4750070 -0.7562610 0.4499310 -0.2530480 -0.0691514 0.5417940 0.8376620 -0.1232080 -0.8772610 0.3667820 -0.3096520 -0.4122890 
58 -0.4757450 -0.7552970 0.4507700 -0.2530220 -0.0729310 0.5445900 0.8355260 -0.1231230 -0.8765550 0.3646220 -0.3141700 -0.4124010 
59 -0.4800180 -0.7553230 0.4461720 -0.2528970 -0.0742794 0.5417660 0.8372410 -0.1229430 -0.8741080 0.3687490 -0.3161630 -0.4125280 
60 -0.4824100 -0.7531600 0.4472470 -0.2527210 -0.0719582 0.5429370 0.8366850 -0.1227210 -0.8729850 0.3714420 -0.3161140 -0.4127210 
61 -0.4853070 -0.7518190 0.4463690 -0.2526420 -0.0746531 0.5442850 0.8355720 -0.1226170 -0.8711510 0.3721860 -0.3202710 -0.4128250 
62 -0.4904510 -0.7507510 0.4425280 -0.2525480 -0.0762375 0.5428110 0.8363880 -0.1224900 -0.8681280 0.3764700 -0.3234570 -0.4129500 
63 -0.4960640 -0.7478180 0.4412360 -0.2523940 -0.0758907 0.5435660 0.8359280 -0.1223110 -0.8649630 0.3811880 -0.3263960 -0.4130840 
64 -0.4964640 -0.7460830 0.4437160 -0.2523040 -0.0762784 0.5466780 0.8338610 -0.1221380 -0.8647000 0.3801360 -0.3283160 -0.4132470 
65 -0.4971350 -0.7463830 0.4424580 -0.2521460 -0.0879483 0.5506560 0.8300860 -0.1218490 -0.8632040 0.3737520 -0.3393930 -0.4134690 
66 -0.4993590 -0.7486800 0.4360260 -0.2520200 -0.0906376 0.5456450 0.8331000 -0.1217380 -0.8616410 0.3764950 -0.3403310 -0.4135640 
67 -0.5008800 -0.7505420 0.4310530 -0.2519140 -0.0953644 0.5428540 0.8343950 -0.1215740 -0.8602470 0.3768240 -0.3434790 -0.4137380 
68 -0.5072350 -0.7486780 0.4268430 -0.2517290 -0.1015160 0.5437450 0.8330880 -0.1214210 -0.8558080 0.3792400 -0.3518100 -0.4138540 
69 -0.5137790 -0.7447240 0.4259310 -0.2516040 -0.1007070 0.5453870 0.8321120 -0.1212340 -0.8519920 0.3846270 -0.3552070 -0.4140080 
70 -0.5183610 -0.7416700 0.4257080 -0.2514480 -0.1014750 0.5476390 0.8305380 -0.1212010 -0.8491200 0.3873200 -0.3591360 -0.4140730 
71 -0.5186560 -0.7412020 0.4261640 -0.2512680 -0.1070990 0.5508450 0.8277080 -0.1210670 -0.8482490 0.3836540 -0.3650810 -0.4141310 
72 -0.5236820 -0.7399550 0.4221650 -0.2510720 -0.1030580 0.5469350 0.8308080 -0.1208160 -0.8456570 0.3915720 -0.3626780 -0.4143300 
73 -0.5239910 -0.7434830 0.4155310 -0.2508700 -0.1001740 0.5382810 0.8367910 -0.1206070 -0.8458120 0.3968450 -0.3565320 -0.4144440 
74 -0.5198290 -0.7500730 0.4088620 -0.2507310 -0.1032240 0.5302540 0.8415320 -0.1204700 -0.8480110 0.3952490 -0.3530670 -0.4146130 
75 -0.5223620 -0.7494480 0.4067740 -0.2504820 -0.1080130 0.5313400 0.8402450 -0.1203380 -0.8458550 0.3949750 -0.3585020 -0.4147910 
76 -0.5254570 -0.7435710 0.4135190 -0.2502270 -0.1102190 0.5414170 0.8334980 -0.1201490 -0.8436510 0.3923890 -0.3664470 -0.4149060 
77 -0.5274380 -0.7361030 0.4242180 -0.2500270 -0.1072930 0.5530330 0.8262220 -0.1200250 -0.8427910 0.3902650 -0.3706700 -0.4150380 
78 -0.5299420 -0.7273020 0.4361120 -0.2498070 -0.1041070 0.5661680 0.8176890 -0.1199330 -0.8416200 0.3879260 -0.3757530 -0.4151370 
79 -0.5265520 -0.7206530 0.4510020 -0.2496360 -0.1047770 0.5814680 0.8067940 -0.1197890 -0.8436610 0.3775640 -0.3816810 -0.4152380 
80 -0.5293010 -0.7127590 0.4602340 -0.2494220 -0.1054050 0.5934910 0.7979090 -0.1196380 -0.8418610 0.3738230 -0.3892630 -0.4153090 
81 -0.5298850 -0.7042360 0.4725190 -0.2494540 -0.1075310 0.6084650 0.7862620 -0.1197440 -0.8412250 0.3658180 -0.3981430 -0.4153510 
82 -0.5354210 -0.6940810 0.4812230 -0.2492310 -0.1032310 0.6192830 0.7783520 -0.1193480 -0.8382530 0.3670690 -0.4032280 -0.4154760 
83 -0.5355720 -0.6928080 0.4828880 -0.2491260 -0.1076780 0.6231660 0.7746420 -0.1191320 -0.8375970 0.3628800 -0.4083500 -0.4155580 
84 -0.5413430 -0.6917280 0.4779760 -0.2489420 -0.1062130 0.6201820 0.7772350 -0.1190500 -0.8340670 0.3699830 -0.4092010 -0.4156160 
85 -0.5404070 -0.6876140 0.4849200 -0.2486870 -0.1033680 0.6262120 0.7727700 -0.1188840 -0.8350300 0.3674850 -0.4094860 -0.4156700 
86 -0.5345160 -0.6874420 0.4916460 -0.2484880 -0.1075460 0.6323160 0.7672100 -0.1187700 -0.8382880 0.3572110 -0.4119140 -0.4156390 
87 -0.5272950 -0.6910210 0.4944190 -0.2483520 -0.1106890 0.6327930 0.7663680 -0.1186780 -0.8424420 0.3493750 -0.4101570 -0.4156720 
88 -0.5245390 -0.6902680 0.4983870 -0.2482130 -0.1066280 0.6340350 0.7659180 -0.1186520 -0.8446830 0.3486120 -0.4061780 -0.4156810 
89 -0.5168770 -0.6890820 0.5079410 -0.2480660 -0.1052930 0.6400160 0.7611130 -0.1185470 -0.8495590 0.3399190 -0.4033650 -0.4157240 
90 -0.5114200 -0.6887850 0.5138340 -0.2479530 -0.1063740 0.6440910 0.7575170 -0.1184370 -0.8527210 0.3327510 -0.4026700 -0.4157630 
91 -0.5079290 -0.6921310 0.5127990 -0.2478700 -0.1084970 0.6419730 0.7590120 -0.1184230 -0.8545390 0.3298870 -0.4011710 -0.4157690 
92 -0.5053280 -0.6917720 0.5158440 -0.2476590 -0.1118360 0.6452430 0.7557470 -0.1182810 -0.8556490 0.3242110 -0.4034250 -0.4158040 
93 -0.5049780 -0.6836540 0.5268910 -0.2475810 -0.1067870 0.6552360 0.7478390 -0.1183830 -0.8565010 0.3213770 -0.4038840 -0.4157530 
94 -0.5010210 -0.6824020 0.5322650 -0.2474720 -0.1049570 0.6583980 0.7453160 -0.1183850 -0.8590470 0.3175540 -0.4014940 -0.4156420 
95 -0.4928360 -0.6903370 0.5296670 -0.2474140 -0.1028120 0.6506630 0.7523740 -0.1184330 -0.8640270 0.3163410 -0.3916450 -0.4156190 
96 -0.4887520 -0.6916230 0.5317690 -0.2470920 -0.0990756 0.6495900 0.7538010 -0.1180140 -0.8667790 0.3157370 -0.3860120 -0.4157450 
97 -0.4900670 -0.6814660 0.5435430 -0.2469390 -0.0892707 0.6595120 0.7463750 -0.1180860 -0.8671020 0.3172510 -0.3840400 -0.4156810 
98 -0.4844350 -0.6700730 0.5624280 -0.2469110 -0.0756534 0.6725810 0.7361460 -0.1181550 -0.8715500 0.3140660 -0.3765150 -0.4156460 
99 -0.4655590 -0.6704770 0.5776810 -0.2468900 -0.0751750 0.6803350 0.7290360 -0.1181110 -0.8818180 0.2959820 -0.3671390 -0.4156120 
100 -0.4589010 -0.6691180 0.5845440 -0.2467840 -0.0754642 0.6848850 0.7247330 -0.1180770 -0.8852770 0.2884690 -0.3647890 -0.4156090 
101 -0.4612270 -0.6596290 0.5934300 -0.2467030 -0.0665957 0.6926670 0.7181770 -0.1182570 -0.8847800 0.2917220 -0.3634050 -0.4154900 
102 -0.4571100 -0.6520830 0.6048460 -0.2467760 -0.0566175 0.7000070 0.7118880 -0.1183680 -0.8876060 0.2911660 -0.3569000 -0.4153890 
103 -0.4484720 -0.6556570 0.6074430 -0.2467030 -0.0544895 0.6984130 0.7136180 -0.1182530 -0.8921340 0.2869380 -0.3489450 -0.4153490 
104 -0.4474540 -0.6571500 0.6065790 -0.2466130 -0.0491296 0.6953060 0.7170330 -0.1182050 -0.8929560 0.2910380 -0.3434030 -0.4153250 
105 -0.4477400 -0.6541490 0.6096050 -0.2465910 -0.0409807 0.6960550 0.7168180 -0.1183150 -0.8932240 0.2959660 -0.3384590 -0.4152220 
106 -0.4431520 -0.6535840 0.6135500 -0.2465110 -0.0365595 0.6970320 0.7161070 -0.1182360 -0.8957010 0.2949130 -0.3327860 -0.4151960 
107 -0.4408830 -0.6512760 0.6176250 -0.2464270 -0.0362539 0.7004720 0.7127580 -0.1180830 -0.8968320 0.2918520 -0.3324380 -0.4151610 
108 -0.4430540 -0.6508000 0.6165730 -0.2464340 -0.0368547 0.7004010 0.7127980 -0.1181330 -0.8957370 0.2930840 -0.3343000 -0.4151060 
109 -0.4479380 -0.6501240 0.6137510 -0.2463320 -0.0398486 0.7003080 0.7127280 -0.1180930 -0.8931760 0.2948010 -0.3396010 -0.4150690 
110 -0.4559410 -0.6431800 0.6151720 -0.2463060 -0.0403963 0.7054400 0.7076170 -0.1182300 -0.8890930 0.2977810 -0.3476210 -0.4149330 
111 -0.4587260 -0.6435400 0.6127200 -0.2463750 -0.0488244 0.7067650 0.7057620 -0.1183880 -0.8872350 0.2938360 -0.3556320 -0.4146450 
112 -0.4691220 -0.6467920 0.6013190 -0.2463600 -0.0564743 0.7014700 0.7104580 -0.1184580 -0.8813260 0.2993320 -0.3656020 -0.4145470 
113 -0.4830670 -0.6469380 0.5900150 -0.2463090 -0.0598783 0.6966840 0.7148740 -0.1186180 -0.8735340 0.3100030 -0.3752830 -0.4143510 
114 -0.4929750 -0.6417720 0.5874560 -0.2462300 -0.0585205 0.6981320 0.7135730 -0.1186750 -0.8680730 0.3173960 -0.3817190 -0.4142360 
115 -0.5004750 -0.6336190 0.5899600 -0.2462890 -0.0584924 0.7046320 0.7071580 -0.1188580 -0.8637730 0.3194060 -0.3897120 -0.4140590 
116 -0.5114080 -0.6288640 0.5856550 -0.2463470 -0.0573091 0.7049600 0.7069280 -0.1190680 -0.8574250 0.3279650 -0.3965620 -0.4138690 
117 -0.5234810 -0.6257310 0.5782980 -0.2462810 -0.0551537 0.7021860 0.7098540 -0.1191560 -0.8502500 0.3397000 -0.4020930 -0.4137640 
118 -0.5299680 -0.6221270 0.5762740 -0.2463030 -0.0544141 0.7031010 0.7090050 -0.1193170 -0.8462700 0.3443920 -0.4064740 -0.4136020 
119 -0.5353350 -0.6232290 0.5700890 -0.2464130 -0.0572798 0.7001830 0.7116620 -0.1195620 -0.8426950 0.3483230 -0.4105310 -0.4133910 
120 -0.5501330 -0.6254190 0.5533580 -0.2464060 -0.0594548 0.6902960 0.7210800 -0.1196970 -0.8329580 0.3637900 -0.4169390 -0.4132120 
121 -0.5644410 -0.6220240 0.5426720 -0.2464310 -0.0567009 0.6850690 0.7262680 -0.1198960 -0.8235240 0.3791650 -0.4219500 -0.4130590 
122 -0.5704890 -0.6180600 0.5408730 -0.2463990 -0.0563150 0.6864400 0.7250030 -0.1200350 -0.8193720 0.3831470 -0.4264120 -0.4128670 
123 -0.5794960 -0.6169280 0.5325270 -0.2465250 -0.0559779 0.6820140 0.7291930 -0.1204180 -0.8130510 0.3927550 -0.4297590 -0.4126290 
124 -0.5929660 -0.6179280 0.5162900 -0.2465650 -0.0591145 0.6728490 0.7374140 -0.1205920 -0.8030550 0.4067410 -0.4355050 -0.4124650 
125 -0.6017700 -0.6208760 0.5023800 -0.2465940 -0.0668103 0.6659500 0.7429990 -0.1207150 -0.7958700 0.4135510 -0.4422300 -0.4123400 
126 -0.6081820 -0.6203780 0.4952230 -0.2465970 -0.0737796 0.6653440 0.7428830 -0.1207520 -0.7903610 0.4152710 -0.4504210 -0.4122380 
127 -0.6162290 -0.6157190 0.4910720 -0.2466650 -0.0779042 0.6681280 0.7399570 -0.1210490 -0.7837050 0.4177260 -0.4596870 -0.4120380 
128 -0.6277010 -0.6105040 0.4829870 -0.2467620 -0.0825247 0.6691340 0.7385460 -0.1214280 -0.7740680 0.4237270 -0.4703970 -0.4117450 
129 -0.6398200 -0.6061230 0.4724890 -0.2469320 -0.0870314 0.6679900 0.7390640 -0.1216580 -0.7635810 0.4317460 -0.4801450 -0.4116430 
130 -0.6509790 -0.6014920 0.4630700 -0.2470340 -0.0957061 0.6701950 0.7359890 -0.1218610 -0.7530380 0.4347950 -0.4938490 -0.4114640 
131 -0.6616030 -0.5992700 0.4507290 -0.2471200 -0.1052690 0.6693640 0.7354390 -0.1223350 -0.7424290 0.4391200 -0.5059380 -0.4110160 
132 -0.6698300 -0.6011230 0.4358660 -0.2472020 -0.1144850 0.6636050 0.7392710 -0.1224220 -0.7336350 0.4452860 -0.5133220 -0.4108840 
133 -0.6763240 -0.6008740 0.4260710 -0.2473360 -0.1227270 0.6622600 0.7391540 -0.1225960 -0.7263090 0.4476180 -0.5216460 -0.4107420 
134 -0.6849720 -0.5989860 0.4147630 -0.2474920 -0.1302150 0.6607670 0.7392100 -0.1228690 -0.7168380 0.4523300 -0.5306040 -0.4105400 
135 -0.6934790 -0.5967390 0.4037190 -0.2475690 -0.1351640 0.6581560 0.7406490 -0.1230560 -0.7076850 0.4590560 -0.5370750 -0.4103650 
136 -0.6994010 -0.5936140 0.3980700 -0.2477170 -0.1382860 0.6588180 0.7394840 -0.1233600 -0.7012240 0.4621490 -0.5428660 -0.4101210 
137 -0.7074960 -0.5894930 0.3898050 -0.2479010 -0.1400930 0.6576090 0.7402190 -0.1236130 -0.6926930 0.4690930 -0.5478390 -0.4099690 
138 -0.7175270 -0.5849350 0.3781620 -0.2480630 -0.1440980 0.6558350 0.7410240 -0.1238870 -0.6814630 0.4772120 -0.5548670 -0.4097460 
139 -0.7254070 -0.5807450 0.3694860 -0.2481930 -0.1462610 0.6545860 0.7417040 -0.1241380 -0.6726010 0.4839960 -0.5597820 -0.4096040 
140 -0.7319730 -0.5774840 0.3615630 -0.2483240 -0.1483990 0.6530570 0.7426260 -0.1243500 -0.6649760 0.4899270 -0.5637180 -0.4094170 
141 -0.7401650 -0.5734260 0.3511950 -0.2484540 -0.1487430 0.6489660 0.7461360 -0.1245840 -0.6557670 0.5000260 -0.5656350 -0.4092350 
142 -0.7457690 -0.5728700 0.3400710 -0.2485590 -0.1492800 0.6411780 0.7527320 -0.1248550 -0.6492640 0.5105990 -0.5636890 -0.4089800 
143 -0.7512780 -0.5709370 0.3310780 -0.2486480 -0.1442850 0.6315920 0.7617570 -0.1250900 -0.6440220 0.5245210 -0.5568780 -0.4088300 
144 -0.7587480 -0.5651850 0.3238320 -0.2487600 -0.1370310 0.6245140 0.7688990 -0.1253130 -0.6368070 0.5390260 -0.5512970 -0.4086840 
145 -0.7666610 -0.5578790 0.3178070 -0.2488840 -0.1341670 0.6232610 0.7704190 -0.1255710 -0.6278770 0.5480110 -0.5526790 -0.4084950 
146 -0.7710610 -0.5550450 0.3120750 -0.2490530 -0.1353950 0.6218010 0.7713830 -0.1258670 -0.6222000 0.5525300 -0.5545970 -0.4082930 
147 -0.7731930 -0.5554310 0.3060540 -0.2491730 -0.1403340 0.6204950 0.7715520 -0.1261420 -0.6184480 0.5536090 -0.5577080 -0.4081070 
148 -0.7780370 -0.5527910 0.2984640 -0.2493180 -0.1419850 0.6175360 0.7736210 -0.1263940 -0.6119630 0.5595290 -0.5589530 -0.4079100 
149 -0.7829080 -0.5512120 0.2884800 -0.2494140 -0.1386600 0.6066270 0.7828000 -0.1266190 -0.6064890 0.5728600 -0.5513640 -0.4077130 
150 -0.7884720 -0.5474120 0.2804510 -0.2495200 -0.1330940 0.5970100 0.7911160 -0.1267700 -0.6004990 0.5864460 -0.5435830 -0.4076090 
151 -0.7922500 -0.5443850 0.2756520 -0.2496170 -0.1284940 0.5904520 0.7967790 -0.1269790 -0.5965140 0.5958290 -0.5377360 -0.4074620 
152 -0.7939500 -0.5425840 0.2743100 -0.2497440 -0.1206170 0.5827800 0.8036280 -0.1272520 -0.5958980 0.6049550 -0.5281430 -0.4072840 
153 -0.7959000 -0.5417150 0.2703470 -0.2498560 -0.1154080 0.5741010 0.8106110 -0.1275580 -0.5943260 0.6139650 -0.5194450 -0.4070490 
154 -0.7974730 -0.5416720 0.2657590 -0.2499530 -0.1136870 0.5674810 0.8155000 -0.1278000 -0.5925470 0.6201260 -0.5141320 -0.4068790 
155 -0.7951680 -0.5445730 0.2667370 -0.2501000 -0.1097840 0.5618950 0.8198910 -0.1281840 -0.5963690 0.6226670 -0.5065860 -0.4065860 
156 -0.7936360 -0.5459740 0.2684290 -0.2502920 -0.1038040 0.5562590 0.8245000 -0.1285340 -0.5994710 0.6264890 -0.4981420 -0.4063950 
157 -0.7931520 -0.5478720 0.2659820 -0.2503950 -0.1006200 0.5486160 0.8299980 -0.1288200 -0.6006540 0.6315510 -0.4902630 -0.4061950 
158 -0.7932060 -0.5494410 0.2625630 -0.2505170 -0.0967916 0.5394460 0.8364390 -0.1290980 -0.6012120 0.6380540 -0.4810730 -0.4059920 
159 -0.7917810 -0.5533530 0.2586200 -0.2505880 -0.0953171 0.5301570 0.8425250 -0.1293300 -0.6033220 0.6424440 -0.4725120 -0.4059130 
160 -0.7880030 -0.5592150 0.2575470 -0.2507370 -0.0944970 0.5232190 0.8469430 -0.1296490 -0.6083770 0.6430560 -0.4651420 -0.4056050 
161 -0.7870540 -0.5616270 0.2551900 -0.2508270 -0.0897332 0.5135060 0.8533810 -0.1298880 -0.6103230 0.6487580 -0.4545530 -0.4053940 
162 -0.7852960 -0.5635140 0.2564420 -0.2509910 -0.0820532 0.5052780 0.8590470 -0.1302080 -0.6136600 0.6535640 -0.4430310 -0.4051680 
163 -0.7814020 -0.5684480 0.2574450 -0.2510400 -0.0764470 0.4966460 0.8645800 -0.1303140 -0.6193280 0.6559030 -0.4315360 -0.4050980 
164 -0.7694550 -0.5776180 0.2725740 -0.2513670 -0.0610402 0.4913140 0.8688410 -0.1309320 -0.6357770 0.6518960 -0.4133020 -0.4046930 
165 -0.7614810 -0.5805380 0.2883100 -0.2516350 -0.0463155 0.4923900 0.8691420 -0.1313720 -0.6465300 0.6484820 -0.4018330 -0.4044250 
166 -0.7527460 -0.5822850 0.3071110 -0.2517480 -0.0291419 0.4955300 0.8681020 -0.1314980 -0.6576660 0.6445100 -0.3899770 -0.4043950 
167 -0.7446710 -0.5820160 0.3266830 -0.2520690 -0.0118049 0.5008720 0.8654410 -0.1321610 -0.6673270 0.6406130 -0.3798560 -0.4040230 
168 -0.7343920 -0.5842160 0.3454840 -0.2523310 0.0059635 0.5034460 0.8640060 -0.1327250 -0.6786990 0.6365800 -0.3662430 -0.4038070 
169 -0.7222620 -0.5897540 0.3612870 -0.2523260 0.0151725 0.5087420 0.8607850 -0.1327960 -0.6914530 0.6271940 -0.3584970 -0.4036540 
170 -0.7123760 -0.5913400 0.3779390 -0.2525540 0.0246256 0.5171360 0.8555490 -0.1332270 -0.7013660 0.6187800 -0.3538330 -0.4034160 
171 -0.7023310 -0.5935330 0.3930020 -0.2528420 0.0319145 0.5252760 0.8503330 -0.1336540 -0.7111350 0.6097580 -0.3499750 -0.4032340 
172 -0.6934940 -0.5965740 0.4039370 -0.2532880 0.0351318 0.5319950 0.8460180 -0.1342320 -0.7196050 0.6009000 -0.3479760 -0.4030050 
173 -0.6865750 -0.5989510 0.4121560 -0.2536140 0.0386603 0.5360040 0.8433300 -0.1346420 -0.7260300 0.5949440 -0.3448510 -0.4028860 
174 -0.6789750 -0.6009490 0.4217270 -0.2538570 0.0453421 0.5390120 0.8410770 -0.1349900 -0.7327600 0.5901920 -0.3387270 -0.4027820 
175 -0.6569150 -0.6083340 0.4454130 -0.2543910 0.0559727 0.5497820 0.8334310 -0.1356510 -0.7518840 0.5724240 -0.3271100 -0.4025980 
176 -0.6448980 -0.6123430 0.4573210 -0.2545280 0.0619458 0.5545290 0.8298560 -0.1358060 -0.7617540 0.5635010 -0.3196820 -0.4026030 
177 -0.6286370 -0.6159590 0.4747740 -0.2546180 0.0666871 0.5655430 0.8220180 -0.1358680 -0.7748340 0.5484130 -0.3144450 -0.4025190 
178 -0.6112690 -0.6173490 0.4952080 -0.2548550 0.0708306 0.5805340 0.8111500 -0.1361580 -0.7882470 0.5309060 -0.3111350 -0.4023870 
179 -0.5965200 -0.6183110 0.5117180 -0.2552690 0.0766185 0.5907950 0.8031760 -0.1366540 -0.7989320 0.5183180 -0.3050470 -0.4023460 
180 -0.5826150 -0.6189230 0.5267770 -0.2556640 0.0823550 0.5998500 0.7958630 -0.1370860 -0.8085650 0.5070650 -0.2985100 -0.4023020 
181 -0.5709730 -0.6192980 0.5389430 -0.2560700 0.0885207 0.6062030 0.7903680 -0.1375570 -0.8161820 0.4989870 -0.2913050 -0.4022500 
182 -0.5537580 -0.6131990 0.5633280 -0.2561160 0.1005040 0.6223590 0.7762530 -0.1373260 -0.8265900 0.4864730 -0.2830080 -0.4023030 
183 -0.5465020 -0.6110390 0.5726840 -0.2565020 0.1018080 0.6302900 0.7696560 -0.1377930 -0.8312460 0.4789220 -0.2822460 -0.4022810 
184 -0.5394820 -0.6074640 0.5830490 -0.2568280 0.1058780 0.6380220 0.7627050 -0.1380610 -0.8353140 0.4731970 -0.2798840 -0.4022490 
185 -0.5334170 -0.6024720 0.5937120 -0.2572240 0.1098230 0.6466390 0.7548490 -0.1383730 -0.8386930 0.4678520 -0.2787630 -0.4023250 
186 -0.5254770 -0.5932460 0.6098630 -0.2580560 0.1145100 0.6609690 0.7416250 -0.1393610 -0.8430670 0.4595420 -0.2793920 -0.4022880 
187 -0.5184700 -0.5891880 0.6197140 -0.2579910 0.1166170 0.6692390 0.7338390 -0.1393140 -0.8471060 0.4527430 -0.2782720 -0.4022070 
188 -0.5099480 -0.5850110 0.6306460 -0.2581690 0.1198800 0.6776490 0.7255490 -0.1396050 -0.8518110 0.4455940 -0.2754350 -0.4024040 
189 -0.5015500 -0.5806890 0.6412860 -0.2590000 0.1266430 0.6839940 0.7184100 -0.1403960 -0.8558090 0.4415330 -0.2695170 -0.4024860 
190 -0.4773340 -0.5768810 0.6628420 -0.2593000 0.1238100 0.7026470 0.7006840 -0.1407960 -0.8699560 0.4165270 -0.2639740 -0.4023490 
191 -0.4696160 -0.5695280 0.6746100 -0.2601610 0.1291490 0.7115750 0.6906390 -0.1416090 -0.8733740 0.4114600 -0.2606130 -0.4024640 
192 -0.4606020 -0.5654480 0.6841890 -0.2606740 0.1300310 0.7195230 0.6821870 -0.1422910 -0.8780310 0.4031820 -0.2578880 -0.4025170 
193 -0.4523870 -0.5631290 0.6915430 -0.2611330 0.1278480 0.7264680 0.6752030 -0.1428650 -0.8826100 0.3938660 -0.2566500 -0.4026530 
194 -0.4414000 -0.5527970 0.7068110 -0.2621340 0.1338670 0.7383160 0.6610360 -0.1438120 -0.8872690 0.3864000 -0.2518920 -0.4025250 
195 -0.4317830 -0.5481800 0.7162830 -0.2628780 0.1391410 0.7441390 0.6533740 -0.1443590 -0.8911810 0.3817800 -0.2450320 -0.4025520 
196 -0.4199560 -0.5466440 0.7244430 -0.2641370 0.1427540 0.7485190 0.6475650 -0.1455110 -0.8962470 0.3753660 -0.2363090 -0.4025810 
197 -0.4083440 -0.5471010 0.7307090 -0.2646990 0.1440480 0.7518380 0.6434200 -0.1460800 -0.9013910 0.3679940 -0.2282000 -0.4025440 
198 -0.3829010 -0.5448470 0.7460090 -0.2656610 0.1491830 0.7604830 0.6319880 -0.1468910 -0.9116640 0.3532800 -0.2099080 -0.4023840 
199 -0.3693750 -0.5449880 0.7526950 -0.2664130 0.1511250 0.7639650 0.6273100 -0.1476410 -0.9169100 0.3454630 -0.1998280 -0.4025430 
200 -0.3578920 -0.5467480 0.7569550 -0.2672860 0.1585530 0.7632950 0.6262920 -0.1483990 -0.9202030 0.3441630 -0.1864890 -0.4026220 
201 -0.3463160 -0.5467400 0.7623260 -0.2677630 0.1673110 0.7635870 0.6236520 -0.1488280 -0.9230780 0.3435260 -0.1729680 -0.4024890 
202 -0.3228200 -0.5525110 0.7684520 -0.2694130 0.1795650 0.7614230 0.6228900 -0.1502990 -0.9292710 0.3390680 -0.1465910 -0.4028610 
203 -0.3091990 -0.5575190 0.7704340 -0.2701730 0.1896150 0.7577240 0.6244200 -0.1508920 -0.9319030 0.3391560 -0.1285740 -0.4029490 
204 -0.2951360 -0.5647140 0.7707090 -0.2705180 0.1963550 0.7535740 0.6273520 -0.1514000 -0.9350610 0.3364870 -0.1115220 -0.4030450 
205 -0.2857300 -0.5679710 0.7718590 -0.2711040 0.2042140 0.7508500 0.6281090 -0.1519860 -0.9362990 0.3370940 -0.0985525 -0.4030590 
206 -0.2639640 -0.5773670 0.7726380 -0.2722040 0.2180840 0.7445790 0.6309060 -0.1529820 -0.9395540 0.3350370 -0.0706276 -0.4033550 
207 -0.2519350 -0.5851820 0.7707730 -0.2728600 0.2224080 0.7401330 0.6346170 -0.1536080 -0.9418400 0.3313080 -0.0563158 -0.4036200 
208 -0.2376120 -0.5938700 0.7686730 -0.2734590 0.2290200 0.7347770 0.6384770 -0.1540980 -0.9439760 0.3277510 -0.0385840 -0.4042000 
209 -0.2263650 -0.6033810 0.7646500 -0.2741670 0.2365030 0.7274880 0.6440710 -0.1546140 -0.9448940 0.3266370 -0.0219764 -0.4045360 
210 -0.2168410 -0.6108970 0.7614360 -0.2743230 0.2390900 0.7230050 0.6481510 -0.1549180 -0.9464760 0.3225970 -0.0107180 -0.4042660 
211 -0.1984770 -0.6249100 0.7550460 -0.2756020 0.2439250 0.7146380 0.6555860 -0.1558970 -0.9492670 0.3142930 0.0105921 -0.4049740 
212 -0.1875700 -0.6329780 0.7511030 -0.2760790 0.2462020 0.7099680 0.6597950 -0.1562940 -0.9508950 0.3086820 0.0226717 -0.4051060 
213 -0.1748010 -0.6407510 0.7475840 -0.2761780 0.2449810 0.7070930 0.6633280 -0.1564450 -0.9536400 0.2990940 0.0333718 -0.4052040 
214 -0.1667800 -0.6476630 0.7434500 -0.2768660 0.2487360 0.7019870 0.6673410 -0.1567900 -0.9541040 0.2962220 0.0440200 -0.4056380 
215 -0.1527350 -0.6570630 0.7382010 -0.2777740 0.2549400 0.6954870 0.6717920 -0.1573910 -0.9548180 0.2908030 0.0612861 -0.4056930 
216 -0.1430490 -0.6593970 0.7380600 -0.2777590 0.2561770 0.6956470 0.6711550 -0.1572460 -0.9559870 0.2850820 0.0694105 -0.4058320 
217 -0.1361380 -0.6611060 0.7378380 -0.2783120 0.2596820 0.6949180 0.6705630 -0.1575940 -0.9560500 0.2828920 0.0770722 -0.4060270 
218 -0.1272210 -0.6641520 0.7366930 -0.2790240 0.2628920 0.6935870 0.6706900 -0.1581300 -0.9564010 0.2789970 0.0863614 -0.4063830 
219 -0.1117590 -0.6691470 0.7346780 -0.2802020 0.2719090 0.6905040 0.6702760 -0.1589290 -0.9558110 0.2746750 0.1047780 -0.4069360 
220 -0.1002330 -0.6757810 0.7302550 -0.2809750 0.2784700 0.6855650 0.6726470 -0.1595690 -0.9552000 0.2707760 0.1194690 -0.4075260 
221 -0.0853182 -0.6773350 0.7307110 -0.2806100 0.2792810 0.6877270 0.6701000 -0.1590260 -0.9564110 0.2612460 0.1304910 -0.4072710 
222 -0.0774961 -0.6812500 0.7279380 -0.2813310 0.2857620 0.6843220 0.6708530 -0.1596120 -0.9551620 0.2600050 0.1416430 -0.4077250 
223 -0.0619949 -0.6928900 0.7183740 -0.2826110 0.2996430 0.6736340 0.6755960 -0.1605650 -0.9520350 0.2571390 0.1658580 -0.4082280 
224 -0.0489627 -0.6959460 0.7164230 -0.2841150 0.3034060 0.6730250 0.6745240 -0.1613830 -0.9516020 0.2503940 0.1782010 -0.4093300 
225 -0.0425844 -0.7005490 0.7123320 -0.2848060 0.3113160 0.6681780 0.6757370 -0.1617300 -0.9493520 0.2505360 0.1896380 -0.4094930 
226 -0.0379707 -0.7051130 0.7080770 -0.2855690 0.3216240 0.6622600 0.6767350 -0.1620620 -0.9461060 0.2534310 0.2016350 -0.4099210 
227 -0.0192150 -0.7112070 0.7027200 -0.2866190 0.3330920 0.6581440 0.6752000 -0.1628740 -0.9426980 0.2470450 0.2242510 -0.4107550 
228 -0.0032684 -0.7187880 0.6952210 -0.2884490 0.3382180 0.6534590 0.6772000 -0.1646400 -0.9410620 0.2373500 0.2409720 -0.4125130 
229 0.0065080 -0.7264100 0.6872310 -0.2888480 0.3403070 0.6478340 0.6815440 -0.1649850 -0.9402920 0.2294340 0.2514180 -0.4119650 
230 0.0076618 -0.7335870 0.6795520 -0.2891920 0.3466110 0.6393910 0.6863240 -0.1652810 -0.9379780 0.2302810 0.2591680 -0.4116090 
231 0.0088209 -0.7379120 0.6748390 -0.2894860 0.3582450 0.6324010 0.6868250 -0.1652480 -0.9335860 0.2356990 0.2699320 -0.4115400 
232 0.0256620 -0.7421930 0.6696950 -0.2905680 0.3651090 0.6305940 0.6848690 -0.1662080 -0.9306110 0.2269360 0.2871640 -0.4117680 
233 0.0324578 -0.7426870 0.6688510 -0.2909550 0.3683340 0.6309910 0.6827740 -0.1663100 -0.9291270 0.2241990 0.2940380 -0.4117670 
234 0.0385983 -0.7442030 0.6668370 -0.2926270 0.3712000 0.6302600 0.6818960 -0.1678760 -0.9277500 0.2212100 0.3005750 -0.4129950 
235 0.0475293 -0.7471110 0.6629980 -0.2931710 0.3733930 0.6289180 0.6819390 -0.1680610 -0.9264550 0.2151470 0.3088580 -0.4134660 
236 0.0582020 -0.7490010 0.6600070 -0.2937510 0.3743120 0.6292690 0.6811100 -0.1685860 -0.9254750 0.2074070 0.3169850 -0.4136220 
237 0.0660223 -0.7536190 0.6539870 -0.2943280 0.3754020 0.6260230 0.6834970 -0.1692070 -0.9245070 0.2003820 0.3242420 -0.4139810 
238 0.0732572 -0.7612500 0.6443080 -0.2953850 0.3902110 0.6164190 0.6839320 -0.1694490 -0.9178070 0.2013130 0.3422050 -0.4148340 
239 0.0812406 -0.7624640 0.6419100 -0.2959810 0.3954540 0.6158340 0.6814430 -0.1700160 -0.9148860 0.1984850 0.3515510 -0.4152160 
240 0.0884428 -0.7636900 0.6394960 -0.2976450 0.3955630 0.6161460 0.6810980 -0.1714880 -0.9141700 0.1927230 0.3565810 -0.4164320 
241 0.0938881 -0.7673710 0.6342920 -0.2983490 0.3997550 0.6125490 0.6818950 -0.1718970 -0.9118010 0.1895390 0.3642710 -0.4171110 
242 0.1016720 -0.7689690 0.6311490 -0.2988300 0.4065180 0.6111640 0.6791330 -0.1720270 -0.9079680 0.1875250 0.3747380 -0.4174120 
243 0.1102790 -0.7683230 0.6304910 -0.2993330 0.4110950 0.6128140 0.6748780 -0.1723900 -0.9048970 0.1847670 0.3834340 -0.4178320 
244 0.1176020 -0.7678760 0.6297110 -0.3002620 0.4137900 0.6143310 0.6718440 -0.1731050 -0.9027440 0.1815580 0.3899860 -0.4186890 
245 0.1257190 -0.7689960 0.6267690 -0.3012030 0.4184480 0.6139350 0.6693170 -0.1737390 -0.8994980 0.1781240 0.3989680 -0.4195870 
246 0.1369730 -0.7683770 0.6251690 -0.3026420 0.4219430 0.6162560 0.6649760 -0.1747670 -0.8962160 0.1727020 0.4086210 -0.4206810 
247 0.1460550 -0.7712900 0.6195000 -0.3039700 0.4234300 0.6146930 0.6654770 -0.1759440 -0.8940780 0.1651180 0.4163660 -0.4222780 
248 0.1608000 -0.7792000 0.6057980 -0.3052320 0.4363510 0.6066670 0.6644950 -0.1765470 -0.8852920 0.1574900 0.4375570 -0.4232630 
249 0.1689830 -0.7850360 0.5959560 -0.3063880 0.4469570 0.5999410 0.6635510 -0.1774670 -0.8784500 0.1542380 0.4522570 -0.4246080 
250 0.1754290 -0.7898530 0.5876710 -0.3076870 0.4536920 0.5946250 0.6637660 -0.1782590 -0.8737210 0.1501780 0.4626640 -0.4256520 
251 0.1864720 -0.7919460 0.5814210 -0.3079800 0.4577610 0.5936730 0.6618210 -0.1785190 -0.8693000 0.1427400 0.4732250 -0.4256230 
252 0.1985690 -0.7932380 0.5756250 -0.3086000 0.4639660 0.5934220 0.6577120 -0.1788860 -0.8633110 0.1364690 0.4858710 -0.4260890 
253 0.2054510 -0.7958330 0.5695950 -0.3089780 0.4736410 0.5901660 0.6537340 -0.1790370 -0.8564190 0.1354740 0.4981900 -0.4261430 
254 0.2135920 -0.7965780 0.5655450 -0.3094190 0.4829040 0.5893230 0.6476890 -0.1793430 -0.8492240 0.1347630 0.5105460 -0.4263510 
255 0.2253920 -0.7948150 0.5634430 -0.3102820 0.4898120 0.5923660 0.6396770 -0.1799000 -0.8421890 0.1318030 0.5228250 -0.4277010 
256 0.2332530 -0.7953710 0.5594440 -0.3114430 0.4961050 0.5921440 0.6350160 -0.1806170 -0.8363450 0.1294230 0.5327070 -0.4288980 
257 0.2390960 -0.7963900 0.5555150 -0.3118360 0.5009710 0.5912590 0.6320130 -0.1808540 -0.8317820 0.1271850 0.5403360 -0.4288220 
258 0.2456000 -0.7964390 0.5526000 -0.3124420 0.5083390 0.5912060 0.6261520 -0.1812810 -0.8253920 0.1271250 0.5500610 -0.4292450 
259 0.2534670 -0.7969530 0.5482890 -0.3134610 0.5139550 0.5911280 0.6216250 -0.1821040 -0.8195150 0.1242340 0.5594300 -0.4304380 
260 0.2614080 -0.7973950 0.5439000 -0.3136980 0.5158620 0.5916820 0.6195150 -0.1822270 -0.8158140 0.1186310 0.5660160 -0.4305850 
261 0.2687380 -0.7970400 0.5408390 -0.3135110 0.5192830 0.5927950 0.6155810 -0.1819970 -0.8112490 0.1154190 0.5731960 -0.4299760 
262 0.2761440 -0.7958550 0.5388500 -0.3134320 0.5243920 0.5946070 0.6094710 -0.1819430 -0.8054550 0.1142660 0.5815380 -0.4298700 
263 0.2832010 -0.7917840 0.5411790 -0.3135910 0.5259090 0.6000850 0.6027580 -0.1817700 -0.8020080 0.1139090 0.5863510 -0.4293400 
264 0.2916380 -0.7873910 0.5431050 -0.3138560 0.5259810 0.6062490 0.5964950 -0.1818580 -0.7989320 0.1117020 0.5909580 -0.4294980 
265 0.2995730 -0.7848290 0.5424940 -0.3137580 0.5283890 0.6099210 0.5905930 -0.1817710 -0.7943930 0.1097220 0.5974110 -0.4294670 
266 0.3059430 -0.7815870 0.5436180 -0.3137600 0.5308120 0.6140470 0.5841100 -0.1817500 -0.7903400 0.1098550 0.6027390 -0.4293520 
267 0.3094520 -0.7787730 0.5456670 -0.3140520 0.5327440 0.6173060 0.5788930 -0.1818840 -0.7876690 0.1115610 0.6059130 -0.4292820 
268 0.3173590 -0.7747970 0.5467850 -0.3141120 0.5328650 0.6226540 0.5730240 -0.1817910 -0.7844350 0.1095080 0.6104670 -0.4290710 
269 0.3265310 -0.7712210 0.5464390 -0.3143870 0.5314200 0.6278960 0.5686300 -0.1820500 -0.7816460 0.1047130 0.6148700 -0.4293360 
270 0.3330840 -0.7682430 0.5466790 -0.3140970 0.5305060 0.6320040 0.5649200 -0.1819260 -0.7794990 0.1018510 0.6180680 -0.4285000 
271 0.3389800 -0.7653690 0.5470860 -0.3141540 0.5322680 0.6355200 0.5592890 -0.1818990 -0.7757470 0.1016080 0.6228110 -0.4284780 
272 0.3459530 -0.7626930 0.5464580 -0.3145730 0.5306970 0.6393670 0.5563900 -0.1822990 -0.7737420 0.0975191 0.6259500 -0.4292280 
273 0.3493070 -0.7612460 0.5463420 -0.3142800 0.5293120 0.6414360 0.5553270 -0.1821040 -0.7731840 0.0952054 0.6269950 -0.4287110 
274 0.3521040 -0.7617400 0.5438520 -0.3141410 0.5320160 0.6409510 0.5533000 -0.1820050 -0.7700530 0.0945181 0.6309390 -0.4285080 
275 0.3548550 -0.7618030 0.5419720 -0.3141670 0.5330070 0.6411070 0.5521640 -0.1820440 -0.7681030 0.0929358 0.6335470 -0.4284840 
276 0.3551390 -0.7641320 0.5384960 -0.3138920 0.5356320 0.6384440 0.5527090 -0.1817160 -0.7661420 0.0921476 0.6360300 -0.4281730 
277 0.3556100 -0.7679540 0.5327170 -0.3136740 0.5408940 0.6339260 0.5527860 -0.1814350 -0.7622170 0.0915670 0.6408120 -0.4276050 
278 0.3567900 -0.7718450 0.5262670 -0.3134510 0.5468650 0.6292970 0.5521990 -0.1812500 -0.7573900 0.0907780 0.6466220 -0.4266700 
279 0.3584550 -0.7743020 0.5215040 -0.3128500 0.5524980 0.6262450 0.5500570 -0.1807590 -0.7525000 0.0909592 0.6522810 -0.4259490 
280 0.3641910 -0.7735090 0.5186990 -0.3126110 0.5543160 0.6275860 0.5466890 -0.1806650 -0.7483980 0.0884238 0.6573300 -0.4255440 
281 0.3735940 -0.7717110 0.5146730 -0.3128600 0.5546750 0.6305780 0.5428700 -0.1808920 -0.7434800 0.0826632 0.6636290 -0.4259910 
282 0.3800040 -0.7707410 0.5114240 -0.3124200 0.5546880 0.6323350 0.5408090 -0.1805030 -0.7402150 0.0781712 0.6678100 -0.4250890 
283 0.3856410 -0.7705390 0.5074940 -0.3123760 0.5580580 0.6328190 0.5367600 -0.1805090 -0.7347460 0.0762142 0.6740470 -0.4251050 
284 0.3906680 -0.7717780 0.5017340 -0.3126670 0.5619090 0.6316570 0.5341050 -0.1807800 -0.7291340 0.0732712 0.6804370 -0.4255490 
285 0.3944990 -0.7729700 0.4968790 -0.3123640 0.5632770 0.6306500 0.5338540 -0.1805540 -0.7260090 0.0692755 0.6841870 -0.4249110 
286 0.3986290 -0.7735540 0.4926560 -0.3121160 0.5666190 0.6301250 0.5309290 -0.1802660 -0.7211370 0.0675045 0.6894960 -0.4247400 
287 0.4038350 -0.7743050 0.4872060 -0.3123230 0.5703320 0.6294900 0.5276970 -0.1806390 -0.7152890 0.0647668 0.6958210 -0.4253140 
288 0.4115200 -0.7755050 0.4787940 -0.3125760 0.5714120 0.6288010 0.5273490 -0.1811200 -0.7100280 0.0565738 0.7018970 -0.4258710 
289 0.4184230 -0.7761670 0.4716850 -0.3124300 0.5698320 0.6287450 0.5291240 -0.1809410 -0.7072580 0.0473837 0.7053660 -0.4252520 
290 0.4241870 -0.7766900 0.4656380 -0.3117760 0.5715980 0.6284560 0.5275590 -0.1800400 -0.7023830 0.0423736 0.7105370 -0.4238780 
291 0.4319590 -0.7760420 0.4595330 -0.3115190 0.5762330 0.6294360 0.5213120 -0.1797810 -0.6938060 0.0396127 0.7190710 -0.4237010 
292 0.4395070 -0.7761100 0.4522030 -0.3119280 0.5796860 0.6296360 0.5172250 -0.1803500 -0.6861470 0.0348114 0.7266300 -0.4243290 
293 0.4464900 -0.7777160 0.4424980 -0.3119250 0.5823640 0.6280260 0.5161740 -0.1803750 -0.6793370 0.0272282 0.7333210 -0.4243410 
294 0.4527030 -0.7793260 0.4332560 -0.3120100 0.5848320 0.6262990 0.5154820 -0.1801690 -0.6730760 0.0200219 0.7393020 -0.4240380 
295 0.4570590 -0.7790500 0.4291600 -0.3111570 0.5869470 0.6267150 0.5125640 -0.1793520 -0.6682730 0.0176225 0.7437070 -0.4219910 
296 0.4619930 -0.7772600 0.4271190 -0.3114160 0.5887870 0.6289520 0.5076900 -0.1796460 -0.6632440 0.0169326 0.7482110 -0.4224360 
297 0.4619890 -0.7773110 0.4270280 -0.3113790 0.5888420 0.6288890 0.5077050 -0.1796350 -0.6631980 0.0168977 0.7482530 -0.4224250 
298 0.4663060 -0.7769860 0.4229080 -0.3117570 0.5913940 0.6293390 0.5041690 -0.1799180 -0.6578850 0.0150084 0.7529690 -0.4231910 
299 0.4705680 -0.7771830 0.4177950 -0.3117600 0.5943820 0.6291480 0.5008820 -0.1798350 -0.6521320 0.0126307 0.7580000 -0.4229910 
300 0.4728460 -0.7763560 0.4167590 -0.3116550 0.5952180 0.6301740 0.4985950 -0.1797990 -0.6497180 0.0123036 0.7600760 -0.4218550 
301 0.4751260 -0.7757920 0.4152140 -0.3119060 0.5976970 0.6308530 0.4947550 -0.1800160 -0.6457650 0.0131011 0.7634240 -0.4229400 
302 0.4751250 -0.7757920 0.4152140 -0.3119080 0.5977010 0.6308530 0.4947510 -0.1800170 -0.6457630 0.0131056 0.7634260 -0.4229440 
303 0.4789800 -0.7762970 0.4098060 -0.3123230 0.6021670 0.6302520 0.4900790 -0.1801610 -0.6387280 0.0120334 0.7693380 -0.4238730 
304 0.4810290 -0.7767530 0.4065280 -0.3122260 0.6052840 0.6296940 0.4869460 -0.1801340 -0.6342250 0.0118295 0.7730580 -0.4230430 
