13 0.991144 -0.0252543 0.130365 -0.0314392 0.0181876 0.998314 0.0551161 0.00813191 -0.131537 -0.052257 0.989933 0.0364248
14 0.988495 -0.0295699 0.148335 -0.0331314 0.0214235 0.998189 0.056219 0.00917236 -0.149729 -0.0523944 0.987338 0.0449212
15 0.986637 -0.0328773 0.15958 -0.0349294 0.0234556 0.997888 0.0605699 0.00800629 -0.161234 -0.0560175 0.985325 0.04779
16 0.983983 -0.0415994 0.17334 -0.0337693 0.0300771 0.997192 0.0685775 0.00907001 -0.175706 -0.0622655 0.982472 0.056477
17 0.98298 -0.0488742 0.177091 -0.0320282 0.0370328 0.99689 0.0695666 0.0110101 -0.17994 -0.0618244 0.981733 0.0611847
18 0.980768 -0.0529118 0.187866 -0.0301612 0.0414866 0.997072 0.0642384 0.0152826 -0.190715 -0.0552091 0.980092 0.0714033
19 0.980329 -0.0534494 0.189995 -0.0289958 0.0419278 0.997059 0.0641548 0.0151321 -0.192866 -0.0549267 0.979687 0.0740888
20 0.979032 -0.0559916 0.19586 -0.0319891 0.0421956 0.996371 0.0739182 0.015143 -0.199288 -0.0641039 0.977842 0.0770066
21 0.978083 -0.0520528 0.201602 -0.0281258 0.0368365 0.996233 0.0785086 0.0212725 -0.204929 -0.0693616 0.976316 0.0886615
22 0.978756 -0.049552 0.198948 -0.0248193 0.0348395 0.996439 0.0767842 0.0219175 -0.202045 -0.0682218 0.976997 0.0898158
23 0.972445 -0.042745 0.229181 -0.0354276 0.0238516 0.996131 0.0845846 0.0235585 -0.23191 -0.0767876 0.969702 0.0978093
24 0.9728 -0.0436077 0.227506 -0.0247873 0.0281028 0.997084 0.0709525 0.0307693 -0.229936 -0.062629 0.971188 0.104969
25 0.973594 -0.0376711 0.225158 -0.0221619 0.0234891 0.997587 0.065338 0.0315739 -0.227076 -0.0583239 0.972129 0.107567
26 0.973484 -0.0306725 0.226689 -0.0219513 0.0162318 0.997734 0.0652948 0.0306206 -0.228178 -0.0598839 0.971776 0.10944
27 0.97226 -0.025192 0.232542 -0.0205048 0.0101313 0.997786 0.0657343 0.0339778 -0.233683 -0.0615548 0.970362 0.119509
28 0.971768 -0.0215652 0.23495 -0.0207045 0.00807578 0.998271 0.0582256 0.0371049 -0.235799 -0.0546844 0.970262 0.125374
29 0.971993 -0.0183297 0.234295 -0.0185631 0.00591885 0.998547 0.0535649 0.0368322 -0.234936 -0.0506779 0.970689 0.128061
30 0.9708 -0.0196073 0.239086 -0.00998465 0.00617707 0.998367 0.0567939 0.0358894 -0.239809 -0.0536587 0.969336 0.132179
31 0.971938 -0.0207977 0.234318 0.0020277 0.00890318 0.998623 0.0517064 0.0404241 -0.23507 -0.0481693 0.970784 0.138092
32 0.971947 -0.0228505 0.234089 0.00561062 0.0130392 0.998974 0.043375 0.0416695 -0.23484 -0.0391059 0.971247 0.142787
33 0.970693 -0.0268739 0.238814 0.00599893 0.019373 0.999244 0.0337016 0.0437433 -0.23954 -0.0280874 0.97048 0.145685
34 0.968585 -0.0384643 0.245691 0.0134355 0.0330781 0.999114 0.0260134 0.044839 -0.246474 -0.0170692 0.968999 0.151332
35 0.968414 -0.0403391 0.246065 0.0172856 0.0333431 0.998914 0.0325338 0.046003 -0.24711 -0.0233016 0.968707 0.155706
36 0.968974 -0.0438076 0.243249 0.0250974 0.0379317 0.998866 0.0287897 0.0521597 -0.244234 -0.0186696 0.969537 0.160549
37 0.968639 -0.0493993 0.243514 0.0289408 0.0457262 0.998739 0.020717 0.0552762 -0.244231 -0.00893235 0.969676 0.166291
38 0.969199 -0.0508453 0.240971 0.0320557 0.0493899 0.998707 0.0120793 0.0555334 -0.241274 0.00019426 0.970457 0.170622
39 0.968528 -0.0541551 0.242943 0.0363899 0.0512282 0.998518 0.0183538 0.0572156 -0.243577 -0.00533067 0.969867 0.177791
40 0.968568 -0.0524034 0.243165 0.0390543 0.0510027 0.998626 0.0120565 0.0598454 -0.243462 0.000724529 0.96991 0.183548
41 0.968987 -0.051573 0.24167 0.041551 0.0501958 0.998669 0.0118559 0.0597902 -0.24196 0.00064257 0.970286 0.186969
42 0.968716 -0.0527945 0.242491 0.043409 0.051495 0.998605 0.0116989 0.06167 -0.24277 0.0011541 0.970083 0.19072
43 0.968149 -0.0585883 0.243423 0.0530798 0.0608751 0.998144 -0.00187572 0.0669838 -0.242862 0.0166344 0.969918 0.199314
44 0.967656 -0.0611627 0.244747 0.056002 0.0633645 0.99799 -0.00112493 0.0679174 -0.244186 0.0165968 0.969586 0.20411
45 0.968562 -0.0544616 0.242737 0.0594651 0.0571382 0.998358 -0.00399476 0.0702162 -0.242121 0.0177387 0.970084 0.210677
46 0.968714 -0.0420728 0.244586 0.0595795 0.0469856 0.998793 -0.0142836 0.0721852 -0.24369 0.0253288 0.969522 0.214195
47 0.967307 -0.0399923 0.250436 0.0623455 0.0470461 0.998645 -0.0222411 0.0735081 -0.249207 0.033296 0.967878 0.216274
48 0.96493 -0.0476821 0.258139 0.0638682 0.0550672 0.998252 -0.0214507 0.0742707 -0.256665 0.0349134 0.96587 0.220931
49 0.963168 -0.0496623 0.264275 0.0736016 0.0596491 0.997772 -0.0298952 0.0803567 -0.262201 0.0445579 0.963984 0.231935
50 0.961587 -0.0464922 0.270535 0.0754577 0.0575257 0.997799 -0.0329945 0.0809234 -0.268405 0.0472898 0.962145 0.23652
51 0.959593 -0.0404143 0.278473 0.0785076 0.0526947 0.997934 -0.0367528 0.0834379 -0.276413 0.0499418 0.959741 0.241365
52 0.957661 -0.0408642 0.284985 0.0817668 0.0547389 0.997663 -0.0408884 0.0850574 -0.282648 0.0547569 0.95766 0.247274
53 0.956285 -0.0444794 0.289033 0.0841034 0.0588299 0.99742 -0.0411495 0.0861521 -0.286457 0.0563544 0.956434 0.252277
54 0.955456 -0.043593 0.291896 0.0896546 0.0597127 0.99713 -0.0465403 0.0911855 -0.289029 0.0618971 0.955317 0.258465
55 0.949734 -0.0536948 0.30842 0.0953199 0.0740273 0.995761 -0.054598 0.0942117 -0.304181 0.074685 0.949682 0.270766
56 0.948215 -0.057617 0.31236 0.0981918 0.077956 0.995546 -0.0530117 0.095924 -0.307914 0.0746168 0.948484 0.274414
57 0.945255 -0.0574439 0.321236 0.101487 0.0785473 0.995494 -0.0531142 0.0984368 -0.316738 0.0754387 0.945509 0.281252
58 0.943361 -0.0520906 0.327654 0.105065 0.0755537 0.995378 -0.0592838 0.103078 -0.323052 0.0806815 0.942936 0.288382
59 0.942526 -0.0496706 0.330421 0.108112 0.0742859 0.99529 -0.0622832 0.105857 -0.325771 0.0832491 0.941776 0.29491
60 0.941279 -0.0509751 0.333758 0.111649 0.0780395 0.994616 -0.0681821 0.108596 -0.328486 0.0902247 0.94019 0.301675
61 0.940569 -0.0516273 0.335655 0.114696 0.080686 0.994048 -0.0732022 0.110085 -0.329878 0.0959344 0.939136 0.307467
62 0.940108 -0.0490194 0.337332 0.117603 0.0790032 0.993994 -0.0757312 0.111415 -0.331594 0.0978459 0.938335 0.312317
63 0.939929 -0.0460236 0.338254 0.122084 0.0783823 0.993493 -0.0826291 0.114183 -0.33225 0.104179 0.93742 0.319129
64 0.93955 -0.0438412 0.339593 0.125204 0.0792272 0.99269 -0.0910419 0.117478 -0.33312 0.112443 0.936156 0.324005
65 0.938931 -0.0451627 0.341129 0.127709 0.0794233 0.993025 -0.0871379 0.11831 -0.334814 0.10891 0.935969 0.327536
66 0.938892 -0.046248 0.34109 0.130345 0.0787882 0.993499 -0.0821669 0.120807 -0.335072 0.10402 0.936433 0.333508
67 0.938855 -0.043677 0.341532 0.133077 0.07678 0.993502 -0.0840099 0.124014 -0.335643 0.105096 0.936108 0.338957
68 0.938169 -0.0380815 0.344078 0.135537 0.0727684 0.993418 -0.0884632 0.126306 -0.338444 0.108031 0.934764 0.343831
69 0.937758 -0.03356 0.345664 0.137758 0.0690756 0.993458 -0.0909428 0.127328 -0.340351 0.109159 0.933941 0.349229
70 0.939126 -0.0295479 0.342301 0.140421 0.0669933 0.99292 -0.0980904 0.132413 -0.336979 0.115051 0.934456 0.353965
71 0.939311 -0.0258625 0.342089 0.142563 0.0642114 0.992786 -0.101256 0.13435 -0.337003 0.117077 0.934196 0.358253
72 0.939343 -0.0224629 0.342244 0.145007 0.0616332 0.992665 -0.10401 0.1363 -0.337397 0.118794 0.933837 0.363197
73 0.940867 -0.0137455 0.338497 0.147572 0.0543165 0.992371 -0.110677 0.139097 -0.334393 0.122519 0.934436 0.369476
74 0.942556 -0.00796092 0.333952 0.149827 0.048651 0.992328 -0.113658 0.140241 -0.330485 0.123376 0.935712 0.372666
75 0.943206 -0.00334182 0.332191 0.151971 0.0431656 0.992705 -0.112576 0.141545 -0.329392 0.120521 0.93647 0.376482
76 0.944772 -0.000518602 0.327728 0.155239 0.0417346 0.992048 -0.118742 0.146113 -0.325061 0.125862 0.93728 0.383814
77 0.947324 0.00279099 0.320265 0.15783 0.039531 0.991297 -0.125569 0.148081 -0.317828 0.131615 0.938969 0.388991
78 0.948762 0.000977204 0.315989 0.159253 0.040905 0.991201 -0.125883 0.14914 -0.313332 0.132359 0.940375 0.391592
79 0.949857 -0.00551189 0.312637 0.161741 0.0457849 0.99152 -0.121623 0.150613 -0.309316 0.129839 0.942054 0.39613
80 0.950939 -0.00765519 0.309283 0.164301 0.0471989 0.991581 -0.120577 0.152416 -0.305756 0.12926 0.943295 0.402339
81 0.952083 -0.00723937 0.305755 0.166279 0.0478861 0.990918 -0.125649 0.155245 -0.302069 0.13427 0.943783 0.408091
82 0.953533 -0.00698492 0.301207 0.168641 0.0491339 0.989953 -0.132587 0.157634 -0.297255 0.141225 0.944296 0.41351
83 0.954794 -0.00699002 0.297185 0.170299 0.0506281 0.988942 -0.139397 0.160038 -0.292925 0.148141 0.94459 0.417503
84 0.955339 -0.00838496 0.295393 0.172279 0.0536198 0.987923 -0.14537 0.162556 -0.290607 0.154717 0.944251 0.421855
85 0.955779 -0.00843484 0.293965 0.174314 0.0560398 0.986496 -0.153898 0.165672 -0.288698 0.163566 0.943345 0.427593
86 0.956565 -0.00718184 0.29143 0.176155 0.0564252 0.985353 -0.160923 0.16799 -0.286006 0.170377 0.942959 0.431598
87 0.956681 -0.00430556 0.291108 0.17771 0.056037 0.983918 -0.169604 0.170791 -0.285696 0.17857 0.941536 0.436147
88 0.956833 -0.00347451 0.290619 0.179525 0.0575693 0.982382 -0.177796 0.172716 -0.284881 0.186852 0.940175 0.440284
89 0.957091 -0.00186339 0.28978 0.18046 0.058481 0.980647 -0.186846 0.175241 -0.283824 0.195776 0.938678 0.444806
90 0.957784 0.00342006 0.287468 0.182204 0.0552381 0.979109 -0.195691 0.177296 -0.282132 0.203309 0.937586 0.447934
91 0.957918 0.00966714 0.286878 0.183481 0.0503001 0.978314 -0.200925 0.17868 -0.282599 0.2069 0.936659 0.451026
92 0.959233 0.0121809 0.282353 0.185002 0.0488797 0.976864 -0.208201 0.180397 -0.278356 0.213515 0.936445 0.455962
93 0.961164 0.0163928 0.27549 0.18702 0.0452736 0.975345 -0.215994 0.181759 -0.272238 0.220078 0.936724 0.458994
94 0.961497 0.023423 0.273816 0.188597 0.0405399 0.973372 -0.22562 0.184479 -0.27181 0.228033 0.934944 0.462878
95 0.96197 0.030104 0.27149 0.190203 0.0366412 0.970705 -0.237466 0.18597 -0.270686 0.238383 0.932686 0.467089
96 0.963353 0.0345227 0.266005 0.191831 0.0331673 0.968742 -0.245843 0.186584 -0.266177 0.245656 0.932096 0.469169
97 0.964614 0.0379937 0.260913 0.193705 0.0309228 0.966432 -0.255054 0.18755 -0.261845 0.254097 0.93106 0.472608
98 0.965151 0.0416274 0.258361 0.194202 0.0291926 0.963979 -0.264371 0.187837 -0.260059 0.262701 0.92917 0.475618
99 0.966165 0.0453014 0.253915 0.195785 0.0265749 0.961731 -0.272704 0.188698 -0.256551 0.270225 0.927987 0.478251
100 0.967149 0.0479151 0.249655 0.197296 0.0246709 0.959749 -0.279774 0.188728 -0.253011 0.276742 0.927038 0.480776
101 0.968331 0.048016 0.245009 0.198788 0.0251575 0.957573 -0.28709 0.188958 -0.248399 0.284162 0.92604 0.483835
102 0.968336 0.0478162 0.245029 0.198745 0.0254469 0.95747 -0.28741 0.189159 -0.248351 0.284545 0.925935 0.483886
103 0.969749 0.0509189 0.238736 0.200303 0.023803 0.953617 -0.30008 0.190036 -0.242943 0.296685 0.923557 0.487596
104 0.971365 0.0536506 0.231457 0.201376 0.021724 0.950036 -0.311384 0.189762 -0.236599 0.307495 0.921666 0.488583
105 0.972064 0.0466691 0.230029 0.201382 0.0285091 0.949301 -0.313072 0.189078 -0.232978 0.310884 0.921451 0.488351
106 0.97289 0.0414857 0.227516 0.203311 0.0333662 0.948307 -0.315595 0.189501 -0.228848 0.31463 0.921215 0.490823
107 0.97413 0.0418389 0.222082 0.205198 0.0334013 0.945264 -0.324592 0.19001 -0.223507 0.323612 0.919413 0.494283
108 0.975608 0.0396 0.215919 0.206565 0.0353167 0.942468 -0.332426 0.189771 -0.21666 0.331943 0.918081 0.49539
109 0.977446 0.0295415 0.209109 0.208058 0.0428552 0.94182 -0.333374 0.189589 -0.206791 0.334817 0.919312 0.495214
110 0.977543 0.0290912 0.208717 0.208212 0.0430734 0.941933 -0.333026 0.189481 -0.206286 0.334537 0.919528 0.494976
111 0.978198 0.0248516 0.206184 0.208629 0.0460605 0.942126 -0.33208 0.189879 -0.202504 0.334337 0.920441 0.496608
112 0.979162 0.0176263 0.202314 0.2098 0.0515975 0.941942 -0.331788 0.189717 -0.196416 0.335313 0.921404 0.498617
113 0.980369 0.0104859 0.196892 0.210643 0.0565164 0.941739 -0.331563 0.189446 -0.188897 0.336181 0.922659 0.499568
114 0.982536 -0.000645541 0.186071 0.212054 0.0624386 0.943157 -0.32643 0.189083 -0.175284 0.332348 0.926726 0.499232
115 0.982539 -0.000655544 0.186056 0.212061 0.0624407 0.943161 -0.326418 0.189076 -0.175267 0.332336 0.926733 0.499234
116 0.983779 -0.00578215 0.179289 0.212797 0.0641248 0.944773 -0.321391 0.189154 -0.167529 0.327675 0.929819 0.499668
117 0.984676 -0.0107735 0.174062 0.214166 0.0664337 0.946007 -0.317265 0.189001 -0.161246 0.323966 0.932226 0.500747
118 0.986315 -0.0161194 0.164085 0.214994 0.0679339 0.946536 -0.315365 0.188991 -0.150229 0.322196 0.934677 0.501766
119 0.988308 -0.0184378 0.15135 0.215808 0.065366 0.948047 -0.311343 0.189113 -0.137747 0.317596 0.938168 0.501158
120 0.989717 -0.0170898 0.142012 0.216687 0.0608572 0.948803 -0.309951 0.18913 -0.129444 0.315406 0.940087 0.501988
121 0.989809 -0.0171501 0.141362 0.21678 0.0604211 0.949508 -0.30787 0.187973 -0.128945 0.313274 0.940868 0.500971
122 0.990839 -0.0163504 0.134057 0.217024 0.0570681 0.950355 -0.305889 0.188002 -0.122401 0.310737 0.942582 0.500401
123 0.992025 -0.0159701 0.125022 0.217156 0.0532715 0.952111 -0.301076 0.187453 -0.114227 0.305336 0.945369 0.499152
124 0.993197 -0.0144759 0.115541 0.217777 0.0489474 0.952224 -0.301453 0.187751 -0.105657 0.305058 0.946455 0.49924
125 0.994225 -0.0126525 0.106571 0.217889 0.0443343 0.952754 -0.300491 0.187896 -0.0977337 0.30348 0.947812 0.498421
126 0.995421 -0.0100042 0.0950589 0.218259 0.0382052 0.953253 -0.299748 0.188245 -0.0876164 0.302007 0.949271 0.498141
127 0.996577 -0.00259553 0.0826258 0.218335 0.0273802 0.953455 -0.300291 0.188637 -0.0780005 0.301525 0.950262 0.496052
128 0.997543 0.00292762 0.0699921 0.218984 0.0181296 0.954299 -0.298304 0.188271 -0.0676667 0.29884 0.951901 0.496219
129 0.997544 0.00294424 0.0699862 0.218985 0.0181119 0.954299 -0.298304 0.188272 -0.067666 0.298839 0.951902 0.496212
130 0.998419 0.00811138 0.0556123 0.21922 0.00878158 0.954859 -0.296929 0.188836 -0.0555104 0.296948 0.953279 0.495481
131 0.998968 0.0182786 0.0415781 0.219369 -0.00500815 0.954191 -0.299155 0.189202 -0.0451416 0.298638 0.953298 0.494887
132 0.999187 0.0278354 0.0291656 0.219036 -0.0178374 0.953971 -0.299368 0.18988 -0.0361562 0.298604 0.953692 0.492888
133 0.999223 0.036328 0.0153123 0.218886 -0.0301067 0.953928 -0.298521 0.190206 -0.0254515 0.297828 0.95428 0.491233
134 0.998808 0.0485633 0.00485315 0.218993 -0.0448742 0.952906 -0.299926 0.191385 -0.01919 0.299351 0.95395 0.489712
135 0.998511 0.0543972 -0.00410315 0.218939 -0.0531161 0.952338 -0.300385 0.191874 -0.0124325 0.300156 0.953809 0.488346
136 0.99829 0.0558395 -0.0173097 0.218494 -0.0584606 0.952661 -0.298362 0.192375 -0.000170042 0.298863 0.954296 0.48637
137 0.997851 0.0594305 -0.0276051 0.217748 -0.0649369 0.953306 -0.294941 0.193237 0.00878762 0.296099 0.955117 0.483862
138 0.996956 0.068276 -0.0376515 0.217396 -0.0763347 0.953074 -0.292956 0.194092 0.0158828 0.294939 0.955384 0.482008
139 0.996004 0.0753084 -0.048007 0.217662 -0.0861659 0.951658 -0.294827 0.195471 0.0234833 0.297785 0.954344 0.481042
140 0.994664 0.0821144 -0.0624634 0.21767 -0.0970803 0.949864 -0.297209 0.195958 0.0349266 0.301687 0.952767 0.479462
141 0.993308 0.0877513 -0.0750911 0.217223 -0.106446 0.947851 -0.300412 0.196778 0.0448136 0.306395 0.950849 0.477221
142 0.992041 0.0915529 -0.0864441 0.216625 -0.113656 0.946568 -0.301815 0.19767 0.0541932 0.309238 0.949439 0.474533
143 0.990196 0.0967939 -0.100709 0.216607 -0.123114 0.945363 -0.30188 0.198347 0.0659868 0.311319 0.948012 0.472456
144 0.990147 0.0967358 -0.101249 0.216995 -0.123348 0.944785 -0.303591 0.198924 0.0662903 0.313088 0.947408 0.473262
145 0.988343 0.101974 -0.113048 0.216672 -0.132076 0.943633 -0.3035 0.199785 0.0757264 0.314893 0.946101 0.470964
146 0.986614 0.106591 -0.123413 0.216487 -0.139687 0.942913 -0.30233 0.201292 0.0841425 0.315522 0.94518 0.469107
147 0.984346 0.11082 -0.137046 0.216051 -0.147586 0.943325 -0.297246 0.202295 0.0963382 0.312819 0.944914 0.466372
148 0.981339 0.11692 -0.152657 0.216021 -0.15797 0.942862 -0.293354 0.202886 0.109635 0.311995 0.943737 0.465293
149 0.978536 0.122382 -0.165802 0.215514 -0.167164 0.941902 -0.291337 0.20346 0.120515 0.312799 0.942143 0.463858
150 0.97563 0.12545 -0.180021 0.215128 -0.174387 0.941261 -0.289167 0.204419 0.133171 0.313513 0.9402 0.461474
151 0.972085 0.129821 -0.195439 0.214358 -0.182823 0.941189 -0.284145 0.204196 0.147057 0.311944 0.938651 0.460901
152 0.968151 0.13548 -0.210542 0.214151 -0.19226 0.940971 -0.278586 0.204752 0.160371 0.310192 0.93705 0.459791
153 0.964187 0.142124 -0.22393 0.213556 -0.201858 0.940892 -0.271984 0.205124 0.172038 0.307445 0.935885 0.459019
154 0.960029 0.149466 -0.236653 0.212889 -0.211762 0.940737 -0.264899 0.20532 0.183035 0.304425 0.934785 0.458644
155 0.955172 0.156028 -0.251599 0.211444 -0.221896 0.939897 -0.259531 0.204963 0.195983 0.303726 0.932385 0.459613
156 0.951214 0.160396 -0.263562 0.210461 -0.229408 0.938908 -0.25656 0.203774 0.20631 0.304507 0.929899 0.461907
157 0.948151 0.165012 -0.271625 0.209364 -0.236087 0.937851 -0.254358 0.203494 0.212772 0.305297 0.928182 0.462323
158 0.944088 0.169391 -0.282849 0.208238 -0.244119 0.935781 -0.2544 0.202872 0.221592 0.309225 0.924812 0.463469
159 0.940162 0.170929 -0.294753 0.207355 -0.250337 0.933362 -0.257228 0.202295 0.231143 0.315624 0.920301 0.46495
160 0.936538 0.175196 -0.303649 0.206879 -0.25841 0.930322 -0.260242 0.202019 0.236898 0.322192 0.916554 0.465777
161 0.933387 0.179878 -0.310536 0.206401 -0.265646 0.92811 -0.260852 0.202192 0.24129 0.325969 0.91407 0.465615
162 0.931123 0.182878 -0.31554 0.204889 -0.269961 0.927336 -0.259168 0.201174 0.245216 0.326501 0.912834 0.466565
163 0.9274 0.187876 -0.323469 0.203877 -0.2782 0.924479 -0.26066 0.200539 0.250069 0.331725 0.909629 0.468211
164 0.923831 0.191508 -0.331453 0.203254 -0.285321 0.921729 -0.262692 0.200139 0.255202 0.337253 0.906163 0.46923
165 0.92119 0.194563 -0.336977 0.202775 -0.290706 0.919773 -0.263642 0.200132 0.258648 0.340826 0.903847 0.469339
166 0.91817 0.198534 -0.342851 0.201812 -0.296488 0.918329 -0.262233 0.199537 0.262788 0.342426 0.902046 0.470871
167 0.914206 0.201661 -0.351511 0.200536 -0.303169 0.915921 -0.263015 0.198645 0.268916 0.347017 0.898478 0.473248
168 0.910732 0.20634 -0.357759 0.199447 -0.310421 0.913369 -0.263432 0.198226 0.27241 0.350972 0.895886 0.474368
169 0.908454 0.212415 -0.359987 0.196989 -0.31725 0.911154 -0.262965 0.197807 0.272146 0.353097 0.895131 0.475834
170 0.904613 0.218196 -0.36615 0.195664 -0.325192 0.908645 -0.261943 0.197001 0.275546 0.356027 0.892928 0.477917
171 0.900538 0.223221 -0.3731 0.194001 -0.332966 0.905902 -0.261678 0.196072 0.27958 0.35988 0.890124 0.480649
172 0.896973 0.224978 -0.380557 0.192452 -0.338017 0.903826 -0.26238 0.195161 0.284928 0.363982 0.886754 0.483193
173 0.894237 0.225258 -0.386781 0.190807 -0.341896 0.901466 -0.265455 0.193985 0.288874 0.369619 0.883139 0.486345
174 0.891423 0.226331 -0.392605 0.18942 -0.346468 0.89881 -0.268515 0.193269 0.292104 0.375385 0.879637 0.487953
175 0.888286 0.228345 -0.398505 0.186189 -0.350224 0.898084 -0.266059 0.191526 0.297138 0.375903 0.877728 0.490585
176 0.885134 0.229142 -0.405009 0.184346 -0.353785 0.896756 -0.265828 0.190058 0.302282 0.378579 0.874816 0.49394
177 0.883269 0.230445 -0.408328 0.182317 -0.357986 0.893866 -0.269908 0.188598 0.302792 0.384576 0.87202 0.497121
178 0.880561 0.233091 -0.412652 0.180784 -0.363399 0.890989 -0.272175 0.187342 0.304227 0.389624 0.869275 0.499235
179 0.87818 0.236174 -0.415958 0.178881 -0.367929 0.889212 -0.2719 0.186095 0.30566 0.391821 0.867784 0.50148
180 0.875838 0.236606 -0.420625 0.176525 -0.370754 0.887829 -0.272582 0.184231 0.308949 0.394686 0.865317 0.505176
181 0.873351 0.234911 -0.426701 0.173165 -0.371949 0.887253 -0.272829 0.180868 0.314502 0.396987 0.862259 0.509427
182 0.869031 0.23833 -0.433571 0.170965 -0.379567 0.883266 -0.275264 0.178987 0.317355 0.403782 0.858048 0.512663
183 0.864703 0.241439 -0.440449 0.168438 -0.387063 0.879155 -0.277972 0.177114 0.32011 0.410845 0.853661 0.515865
184 0.860893 0.243396 -0.446791 0.166131 -0.393023 0.875802 -0.280184 0.175653 0.323104 0.416808 0.849632 0.518579
185 0.857035 0.244452 -0.45358 0.16335 -0.39766 0.873585 -0.280565 0.173665 0.327656 0.420825 0.845901 0.522064
186 0.853283 0.245137 -0.460236 0.159634 -0.400084 0.873828 -0.27633 0.169536 0.334428 0.419921 0.843697 0.523285
187 0.848267 0.245894 -0.46902 0.157111 -0.40579 0.870873 -0.277335 0.167968 0.340262 0.425578 0.838514 0.526203
188 0.842817 0.246303 -0.478533 0.15417 -0.410746 0.868909 -0.276196 0.166216 0.347773 0.429339 0.8335 0.529182
189 0.836849 0.246928 -0.48858 0.151592 -0.416058 0.86692 -0.274491 0.164859 0.35578 0.432986 0.828217 0.532254
190 0.834592 0.246769 -0.492505 0.146517 -0.414165 0.870578 -0.265636 0.159697 0.363213 0.425675 0.82878 0.533391
191 0.829376 0.246943 -0.501153 0.143649 -0.417877 0.869581 -0.263074 0.157818 0.370829 0.427608 0.824401 0.536533
192 0.824275 0.246603 -0.509664 0.140698 -0.421237 0.868586 -0.260994 0.155818 0.378325 0.42982 0.819832 0.539532
193 0.818691 0.24581 -0.518962 0.137921 -0.425219 0.866882 -0.260202 0.154108 0.385919 0.433698 0.814232 0.542293
194 0.814261 0.245838 -0.525873 0.134999 -0.426142 0.868288 -0.253925 0.151035 0.394185 0.430858 0.811776 0.542086
195 0.807298 0.247774 -0.535609 0.132159 -0.431113 0.867393 -0.248537 0.148945 0.403003 0.431552 0.807064 0.544588
196 0.798616 0.250883 -0.547056 0.129557 -0.439456 0.86414 -0.245237 0.146833 0.411207 0.436257 0.800368 0.547757
197 0.791818 0.25165 -0.556503 0.127428 -0.446161 0.860574 -0.245667 0.145517 0.41709 0.442814 0.793695 0.550462
198 0.787479 0.251665 -0.562621 0.123978 -0.447708 0.860941 -0.241534 0.141243 0.423598 0.442092 0.790645 0.551466
199 0.782079 0.24638 -0.572406 0.121912 -0.449707 0.859004 -0.244695 0.139356 0.431411 0.448787 0.782608 0.553378
200 0.776246 0.24217 -0.582062 0.120501 -0.452548 0.85684 -0.247032 0.138007 0.43891 0.455169 0.774712 0.55486
201 0.770836 0.240538 -0.589876 0.118943 -0.455753 0.855195 -0.246839 0.136112 0.445085 0.459111 0.768841 0.556243
202 0.764561 0.241658 -0.597535 0.117359 -0.461237 0.852691 -0.245314 0.133938 0.45023 0.463163 0.763396 0.557741
203 0.758002 0.246075 -0.604053 0.114989 -0.468014 0.850246 -0.240924 0.129812 0.454309 0.465326 0.759655 0.558816
204 0.752572 0.247706 -0.610145 0.113791 -0.475711 0.845189 -0.243628 0.128135 0.45534 0.4736 0.753902 0.5598
205 0.747352 0.248319 -0.616281 0.111744 -0.481553 0.841505 -0.244901 0.125251 0.45779 0.479799 0.748479 0.561272
206 0.741384 0.244435 -0.624981 0.110606 -0.485972 0.837809 -0.248811 0.123027 0.462797 0.488188 0.739927 0.561796
207 0.736225 0.239693 -0.632866 0.109431 -0.491313 0.832425 -0.25628 0.121521 0.465385 0.499616 0.730617 0.562641
208 0.732461 0.235766 -0.638682 0.107657 -0.49527 0.828207 -0.262262 0.117824 0.467128 0.508417 0.723397 0.562252
209 0.726554 0.229783 -0.647548 0.107102 -0.501256 0.821839 -0.270782 0.115245 0.46996 0.521325 0.712291 0.562622
210 0.721012 0.222443 -0.656248 0.106912 -0.506094 0.815946 -0.279464 0.113062 0.473298 0.53362 0.700884 0.562171
211 0.714593 0.214448 -0.665859 0.106637 -0.50928 0.81203 -0.285029 0.110205 0.479573 0.542789 0.689485 0.562383
212 0.710285 0.208475 -0.672335 0.104888 -0.510232 0.810481 -0.287721 0.10504 0.484932 0.54741 0.682043 0.560429
213 0.707033 0.202435 -0.677588 0.104307 -0.514847 0.804207 -0.296957 0.10357 0.484807 0.558812 0.672824 0.559633
214 0.704829 0.195026 -0.682042 0.10467 -0.516398 0.80026 -0.304822 0.101699 0.486363 0.567053 0.664758 0.559217
215 0.700905 0.1891 -0.687731 0.104803 -0.519102 0.796498 -0.310039 0.0984406 0.489148 0.57431 0.656432 0.55993
216 0.698961 0.181044 -0.691864 0.103627 -0.518008 0.795165 -0.315247 0.0944993 0.493072 0.578737 0.649572 0.558869
217 0.695 0.172365 -0.698044 0.10361 -0.519475 0.791598 -0.321744 0.0921128 0.497113 0.586228 0.639699 0.558976
218 0.691481 0.167844 -0.702625 0.103512 -0.522704 0.78761 -0.326267 0.0896143 0.498633 0.592873 0.632351 0.558401
219 0.688456 0.165346 -0.706179 0.102974 -0.52865 0.781001 -0.332517 0.0876598 0.496546 0.602245 0.625095 0.558959
220 0.682676 0.159269 -0.713153 0.103358 -0.535759 0.772769 -0.340279 0.086177 0.496907 0.614378 0.612881 0.559777
221 0.677145 0.152275 -0.719921 0.103078 -0.540029 0.767407 -0.345623 0.0837481 0.499843 0.622815 0.601879 0.559265
222 0.672955 0.144964 -0.725339 0.10311 -0.544602 0.760676 -0.353244 0.0824266 0.50054 0.632738 0.590849 0.559247
223 0.668074 0.137701 -0.731242 0.103194 -0.547941 0.755917 -0.358259 0.0798394 0.503426 0.640021 0.580461 0.559211
224 0.662607 0.129366 -0.73771 0.1037 -0.553146 0.748596 -0.365558 0.0788927 0.504956 0.650283 0.567584 0.559233
225 0.659705 0.119373 -0.741983 0.103264 -0.554492 0.74374 -0.373349 0.0769009 0.507275 0.657724 0.55684 0.558579
226 0.654923 0.108842 -0.747816 0.103674 -0.556148 0.739406 -0.379446 0.0748407 0.51164 0.664404 0.544786 0.558433
227 0.650867 0.0996366 -0.752625 0.103341 -0.557786 0.735272 -0.385032 0.0728461 0.515021 0.670409 0.534141 0.557994
228 0.647428 0.0935587 -0.756362 0.102986 -0.562501 0.728283 -0.391402 0.0710131 0.514227 0.678859 0.524138 0.556852
229 0.644928 0.0887907 -0.759068 0.103325 -0.566822 0.721787 -0.39716 0.0691543 0.512622 0.686396 0.515829 0.555676
230 0.639528 0.0807582 -0.764514 0.10381 -0.569802 0.717376 -0.40087 0.0669668 0.516071 0.691989 0.504799 0.556324
231 0.630448 0.0705011 -0.773023 0.10374 -0.571612 0.715924 -0.400891 0.0641008 0.525162 0.69461 0.491652 0.556583
232 0.623107 0.062743 -0.779616 0.10363 -0.57565 0.711592 -0.402819 0.0632688 0.529495 0.699786 0.479516 0.555508
233 0.617053 0.0538811 -0.785075 0.103488 -0.580343 0.704937 -0.407757 0.0623657 0.531458 0.707221 0.466253 0.555671
234 0.609622 0.0476521 -0.791259 0.103525 -0.586217 0.699012 -0.409551 0.0602797 0.533583 0.71352 0.454068 0.555069
235 0.605018 0.0453505 -0.794919 0.102882 -0.589665 0.696389 -0.409069 0.0584588 0.535021 0.71623 0.44807 0.553078
236 0.598815 0.0414183 -0.799816 0.102776 -0.596014 0.690119 -0.410492 0.058977 0.534966 0.72251 0.437939 0.553501
237 0.590905 0.0366942 -0.805906 0.102409 -0.597221 0.69149 -0.406409 0.0566344 0.542364 0.721453 0.43052 0.553235
238 0.578666 0.0330886 -0.814893 0.102031 -0.600641 0.6932 -0.398376 0.0548596 0.551702 0.719985 0.421006 0.553059
239 0.568807 0.034256 -0.821758 0.101425 -0.606881 0.691832 -0.391233 0.053988 0.555116 0.721245 0.414308 0.552743
240 0.56113 0.0362139 -0.826935 0.10056 -0.613751 0.688525 -0.386319 0.0530303 0.555375 0.724308 0.408579 0.55348
241 0.552322 0.0366707 -0.832824 0.0999241 -0.617002 0.689787 -0.378817 0.0514235 0.56058 0.723083 0.40361 0.553425
242 0.543039 0.0393996 -0.838783 0.0990534 -0.622817 0.688883 -0.370861 0.0504905 0.563212 0.723801 0.398629 0.553522
243 0.533484 0.0415143 -0.844791 0.099101 -0.63189 0.683493 -0.365449 0.0514407 0.562237 0.728776 0.390865 0.555433
244 0.526543 0.0444127 -0.848988 0.0982911 -0.637365 0.681485 -0.359644 0.0508716 0.562599 0.730483 0.387138 0.555877
245 0.521945 0.0489599 -0.851573 0.0981047 -0.639745 0.682804 -0.352854 0.0504095 0.564181 0.72896 0.387707 0.555263
246 0.518058 0.0562391 -0.853495 0.0975113 -0.643938 0.682423 -0.345894 0.0499753 0.562992 0.728791 0.389749 0.555644
247 0.514881 0.0643523 -0.854843 0.0970327 -0.651151 0.677948 -0.341159 0.0494832 0.557585 0.732288 0.390965 0.556338
248 0.515209 0.0674799 -0.854404 0.0969472 -0.65243 0.677339 -0.339922 0.0495889 0.555783 0.73257 0.392997 0.556291
249 0.513944 0.0722576 -0.854775 0.0969631 -0.652075 0.680347 -0.334555 0.0489494 0.557369 0.72932 0.396777 0.555682
250 0.510944 0.083846 -0.855515 0.0970582 -0.65417 0.683579 -0.323699 0.0483717 0.557671 0.725044 0.40412 0.55449
251 0.51082 0.0994203 -0.85392 0.0972064 -0.657548 0.685049 -0.31359 0.0491566 0.5538 0.721681 0.41531 0.554002
252 0.511627 0.109141 -0.852247 0.0966438 -0.660979 0.683721 -0.309245 0.0499919 0.548948 0.721536 0.42195 0.555965
253 0.510076 0.113642 -0.852589 0.0963414 -0.660737 0.686387 -0.303809 0.0498617 0.550681 0.718303 0.425197 0.556303
254 0.506097 0.121167 -0.853923 0.0962929 -0.663196 0.687648 -0.295485 0.0499831 0.551395 0.715863 0.428374 0.555818
255 0.502328 0.129744 -0.854888 0.0965967 -0.669192 0.684445 -0.289338 0.0513238 0.547584 0.717427 0.43064 0.55598
256 0.501166 0.134547 -0.854827 0.0967801 -0.670464 0.684906 -0.285275 0.0524726 0.547094 0.716101 0.433461 0.555714
257 0.498709 0.1405 -0.855306 0.0968917 -0.669458 0.689221 -0.277128 0.0527733 0.550559 0.710798 0.43778 0.555023
258 0.49579 0.148594 -0.855636 0.0969918 -0.669623 0.692781 -0.267695 0.053568 0.55299 0.705673 0.442975 0.55444
259 0.493619 0.158617 -0.855091 0.0971117 -0.668914 0.697594 -0.256743 0.0546461 0.555783 0.698715 0.450447 0.553858
260 0.490995 0.165657 -0.855267 0.0966826 -0.668504 0.701151 -0.247971 0.0564774 0.558593 0.693502 0.455004 0.555289
261 0.484566 0.172742 -0.857529 0.0964215 -0.668095 0.705882 -0.235328 0.0572388 0.564663 0.686943 0.457454 0.555552
262 0.484581 0.172713 -0.857526 0.0964294 -0.668063 0.705909 -0.235341 0.0572457 0.564689 0.686923 0.457453 0.555547
263 0.479731 0.182324 -0.858263 0.0964402 -0.670355 0.707282 -0.224448 0.0589575 0.566112 0.683016 0.461527 0.55536
264 0.475585 0.190421 -0.858813 0.0963222 -0.671279 0.709514 -0.214417 0.060121 0.568511 0.678476 0.46526 0.555868
265 0.467586 0.195851 -0.861978 0.0962467 -0.670303 0.714256 -0.201324 0.0609189 0.576244 0.671923 0.465256 0.555834
266 0.4647 0.201957 -0.86213 0.0961983 -0.66841 0.718598 -0.191949 0.0658055 0.580759 0.665455 0.468922 0.553973
267 0.453629 0.21153 -0.865723 0.0954309 -0.671229 0.72011 -0.175765 0.0664705 0.586236 0.66083 0.468648 0.555601
268 0.442492 0.222104 -0.868833 0.0948521 -0.675123 0.720205 -0.159727 0.0676051 0.590262 0.657247 0.468633 0.55598
269 0.43154 0.233258 -0.871415 0.094407 -0.680163 0.718687 -0.144453 0.0691237 0.59258 0.655042 0.468796 0.556516
270 0.435031 0.234115 -0.869447 0.0943129 -0.681561 0.716627 -0.148056 0.0714955 0.588407 0.656989 0.471319 0.555257
271 0.424838 0.241589 -0.872438 0.0938557 -0.680344 0.720972 -0.131651 0.0725177 0.597198 0.649488 0.47066 0.555391
272 0.410859 0.250287 -0.876671 0.0923826 -0.681868 0.722656 -0.113246 0.0733342 0.605187 0.644302 0.467572 0.556728
273 0.390982 0.257232 -0.883722 0.0909152 -0.687369 0.720135 -0.0944948 0.073106 0.612092 0.644389 0.458373 0.559452
274 0.376143 0.262735 -0.888531 0.0900848 -0.689864 0.719587 -0.0792613 0.0749698 0.618551 0.642778 0.451919 0.558635
275 0.362088 0.274505 -0.890808 0.089395 -0.694575 0.716791 -0.0614437 0.0770406 0.621657 0.640981 0.450206 0.558233
276 0.364524 0.27513 -0.889621 0.089064 -0.6948 0.716427 -0.0631296 0.0780142 0.61998 0.641121 0.452315 0.557257
277 0.350225 0.28916 -0.890914 0.0880337 -0.701473 0.71128 -0.0448972 0.0792684 0.620707 0.640677 0.451947 0.558781
278 0.336837 0.300968 -0.892165 0.0859024 -0.705622 0.708053 -0.0275493 0.079713 0.623408 0.638811 0.450868 0.56061
279 0.320206 0.309345 -0.895418 0.0840799 -0.708373 0.705774 -0.00948967 0.0795686 0.629028 0.637329 0.445125 0.562783
280 0.302778 0.316588 -0.898942 0.0825074 -0.708795 0.705348 0.0096756 0.0798422 0.637131 0.634236 0.43796 0.563908
281 0.302768 0.31658 -0.898948 0.0825159 -0.708803 0.70534 0.00967099 0.0798464 0.637126 0.634249 0.437948 0.563912
282 0.28315 0.326227 -0.901888 0.0803954 -0.715329 0.698228 0.0279806 0.0804991 0.638852 0.637224 0.431062 0.566778
283 0.264772 0.332538 -0.90516 0.07808 -0.723696 0.688877 0.0413885 0.0802815 0.637307 0.644102 0.423052 0.571116
284 0.252065 0.336998 -0.907136 0.0774008 -0.727448 0.684187 0.0520383 0.0807443 0.638187 0.646777 0.417608 0.570936
285 0.252065 0.336998 -0.907136 0.0774012 -0.727448 0.684187 0.052038 0.0807445 0.638187 0.646777 0.417608 0.570936
286 0.238238 0.344814 -0.907935 0.0775905 -0.732961 0.677172 0.0648496 0.0811754 0.637189 0.650032 0.414063 0.572017
287 0.224298 0.352355 -0.90859 0.0771815 -0.740393 0.667839 0.0762143 0.0810165 0.633647 0.655619 0.410676 0.574189
288 0.224292 0.352352 -0.908593 0.0771838 -0.740394 0.667838 0.0762166 0.0810148 0.633648 0.655622 0.41067 0.574193
289 0.211452 0.35549 -0.910448 0.0769321 -0.744952 0.661639 0.0853265 0.0806835 0.632721 0.660197 0.404728 0.575747
290 0.197701 0.358931 -0.912186 0.0763616 -0.747842 0.656844 0.0963755 0.0790462 0.633756 0.663117 0.398282 0.577407
291 0.185522 0.365189 -0.91226 0.0764862 -0.749717 0.652748 0.108837 0.0789368 0.635222 0.663745 0.394887 0.576492
292 0.185394 0.365296 -0.912243 0.0764201 -0.749833 0.652598 0.108937 0.0788914 0.635122 0.663834 0.394899 0.576572
293 0.170336 0.373878 -0.911702 0.0764613 -0.754339 0.644768 0.123476 0.0791286 0.634002 0.6667 0.391858 0.57733
294 0.155685 0.379718 -0.911908 0.0762411 -0.757371 0.638541 0.136586 0.0790814 0.634154 0.669388 0.386999 0.578803
295 0.140296 0.384683 -0.912324 0.0760661 -0.756991 0.635598 0.151592 0.078957 0.638186 0.669353 0.380374 0.579351
296 0.139272 0.383521 -0.91297 0.0770538 -0.758107 0.634439 0.150867 0.0793077 0.637085 0.671118 0.37911 0.580175
297 0.122051 0.389614 -0.912855 0.0768021 -0.756856 0.631528 0.168348 0.0791695 0.642084 0.670353 0.37196 0.580721
298 0.103226 0.394585 -0.913043 0.077203 -0.756708 0.626919 0.185381 0.0806318 0.645552 0.671771 0.3633 0.583038
299 0.103226 0.394585 -0.913043 0.0772029 -0.756708 0.626919 0.185381 0.0806316 0.645552 0.67177 0.3633 0.583038
300 0.083874 0.402602 -0.911524 0.0763505 -0.753046 0.624684 0.206619 0.0809241 0.6526 0.66909 0.355573 0.584549
301 0.0640446 0.410924 -0.909417 0.0754761 -0.751212 0.61975 0.227134 0.0811652 0.656947 0.668618 0.348383 0.585937
302 0.0640501 0.410926 -0.909416 0.0754766 -0.751215 0.619749 0.22713 0.0811682 0.656943 0.668619 0.348389 0.585933
303 0.04606 0.418967 -0.906833 0.0743342 -0.750772 0.61335 0.245241 0.0816368 0.658953 0.669529 0.3428 0.587687
304 0.0275815 0.42233 -0.906023 0.0749854 -0.750625 0.607319 0.260242 0.0832502 0.660153 0.672905 0.333762 0.588862
305 0.0275859 0.422343 -0.906016 0.0749851 -0.75063 0.607311 0.260245 0.0832462 0.660146 0.672904 0.333777 0.58885
306 0.00935805 0.426868 -0.904265 0.0750305 -0.750792 0.600294 0.275606 0.0830076 0.660473 0.676336 0.326107 0.589877
307 -0.00561457 0.435341 -0.900248 0.0754796 -0.749759 0.593869 0.291858 0.0828903 0.661687 0.676608 0.323066 0.590639
308 -0.00560432 0.435315 -0.900261 0.0754833 -0.749744 0.593896 0.291842 0.0829065 0.661704 0.676601 0.323046 0.590655
309 -0.0197756 0.444871 -0.895376 0.074023 -0.748258 0.587382 0.30837 0.084355 0.663113 0.676071 0.321263 0.591509
310 -0.0226379 0.443315 -0.89608 0.0773907 -0.747905 0.587272 0.309434 0.0844016 0.66342 0.677188 0.318263 0.592224
311 -0.0374449 0.450446 -0.892018 0.0752421 -0.748016 0.579268 0.323915 0.0860571 0.662623 0.679373 0.31525 0.59274
312 -0.0531107 0.45424 -0.889295 0.0740446 -0.747715 0.572194 0.336924 0.0878563 0.661893 0.682833 0.309252 0.59319
313 -0.0531116 0.454241 -0.889294 0.0740439 -0.747715 0.572192 0.336925 0.0878553 0.661893 0.682833 0.309253 0.59319
314 -0.0702789 0.455326 -0.887546 0.0717907 -0.747514 0.565111 0.349102 0.0900072 0.660517 0.687988 0.300648 0.593774
315 -0.0849577 0.454453 -0.88671 0.0699031 -0.745715 0.56122 0.359083 0.0933972 0.660826 0.69174 0.291213 0.593623
316 -0.0811897 0.453008 -0.887802 0.0713752 -0.744291 0.564874 0.356297 0.0943234 0.662902 0.689711 0.291308 0.592735
317 -0.10194 0.453373 -0.885472 0.0719033 -0.739886 0.560436 0.37213 0.0935296 0.664964 0.693083 0.278314 0.593084
318 -0.119188 0.4512 -0.884428 0.0775057 -0.732796 0.561066 0.384988 0.0917511 0.669929 0.693991 0.263765 0.593938
319 -0.119277 0.451139 -0.884447 0.0775807 -0.732651 0.561202 0.385064 0.0916826 0.670071 0.693921 0.263589 0.594001
320 -0.132404 0.456033 -0.880059 0.0763256 -0.731868 0.553802 0.39708 0.0945729 0.66846 0.696662 0.26043 0.594173
321 -0.148865 0.461858 -0.874372 0.0754099 -0.729001 0.546175 0.412614 0.0956971 0.668129 0.698842 0.255388 0.594264
322 -0.148866 0.461858 -0.874372 0.07541 -0.729001 0.546174 0.412615 0.0956967 0.668129 0.698842 0.255389 0.594264
323 -0.165273 0.466114 -0.869151 0.0736166 -0.725954 0.539035 0.427121 0.0980382 0.66759 0.701555 0.249289 0.594643
324 -0.183037 0.471037 -0.862914 0.0746408 -0.724661 0.528507 0.442207 0.097854 0.664352 0.706261 0.244606 0.59413
325 -0.182854 0.469592 -0.863741 0.0757394 -0.725673 0.528269 0.44083 0.0985593 0.663298 0.707401 0.244173 0.594372
326 -0.199746 0.474914 -0.857064 0.0763152 -0.727106 0.514493 0.454548 0.100853 0.656825 0.71397 0.242545 0.594179
327 -0.218974 0.471586 -0.8542 0.0700022 -0.732007 0.499442 0.463382 0.111169 0.645148 0.726749 0.23584 0.595383
328 -0.218977 0.471557 -0.854215 0.0700456 -0.731975 0.499493 0.463378 0.111145 0.645184 0.726733 0.23579 0.595388
329 -0.243937 0.467692 -0.849564 0.0694235 -0.727521 0.491003 0.479196 0.110736 0.641255 0.734969 0.220482 0.595071
330 -0.263771 0.468887 -0.842953 0.0695648 -0.721959 0.483581 0.494899 0.108467 0.639687 0.739118 0.210963 0.593643
331 -0.263778 0.468922 -0.842932 0.0695159 -0.721949 0.483567 0.494927 0.108469 0.639696 0.739104 0.210983 0.593643
332 -0.275868 0.469434 -0.838766 0.0678757 -0.719439 0.477843 0.504057 0.109689 0.63742 0.742495 0.205908 0.593397
333 -0.286106 0.466162 -0.83716 0.0662965 -0.715798 0.476841 0.510153 0.114974 0.637006 0.745195 0.197251 0.594198
334 -0.304641 0.462534 -0.83262 0.0642921 -0.712774 0.469138 0.521405 0.115836 0.631781 0.752311 0.186763 0.594209
335 -0.304641 0.462534 -0.83262 0.0642921 -0.712774 0.469138 0.521405 0.115836 0.631781 0.752311 0.186763 0.594209
336 -0.319319 0.460891 -0.828018 0.065961 -0.708571 0.464073 0.531567 0.114413 0.629256 0.756449 0.178387 0.593911
337 -0.332313 0.464785 -0.820697 0.0664844 -0.704063 0.456752 0.543759 0.113984 0.627586 0.75852 0.175453 0.593659
338 -0.332305 0.464949 -0.820607 0.0664954 -0.704204 0.456479 0.543805 0.113925 0.627431 0.758584 0.175729 0.593519
339 -0.342293 0.468357 -0.814541 0.0633127 -0.70043 0.450645 0.553459 0.116305 0.626286 0.759974 0.173799 0.594006
340 -0.350038 0.470788 -0.809835 0.0634054 -0.695283 0.448772 0.561413 0.116571 0.627738 0.75958 0.170243 0.593768
341 -0.355181 0.473506 -0.806001 0.0600234 -0.694088 0.443969 0.566686 0.122791 0.626169 0.760712 0.170966 0.593229
342 -0.35525 0.473528 -0.805958 0.0600361 -0.694062 0.443927 0.566751 0.122745 0.626159 0.760723 0.170953 0.593227
343 -0.367745 0.469709 -0.802581 0.0587581 -0.690898 0.439673 0.573889 0.123581 0.622434 0.765546 0.162833 0.593482
344 -0.377141 0.468948 -0.798656 0.0591843 -0.689288 0.433836 0.580231 0.123405 0.618585 0.769333 0.159623 0.593307
345 -0.384281 0.471167 -0.793933 0.0585988 -0.686452 0.429224 0.586984 0.124635 0.617343 0.770564 0.158491 0.592778
346 -0.384269 0.471169 -0.793937 0.0586018 -0.686461 0.429222 0.586975 0.12464 0.61734 0.770563 0.158503 0.592772
347 -0.393447 0.471865 -0.789014 0.0569441 -0.683372 0.423992 0.594334 0.127075 0.614981 0.773029 0.155641 0.592688
348 -0.405609 0.467379 -0.785518 0.0550442 -0.682776 0.416433 0.600333 0.129122 0.607699 0.779833 0.150206 0.592771
349 -0.416289 0.46384 -0.78202 0.0547488 -0.68253 0.408827 0.605816 0.129806 0.600713 0.785947 0.146394 0.592494
350 -0.412921 0.463774 -0.783843 0.0559288 -0.683733 0.410704 0.603184 0.131439 0.601669 0.785007 0.147509 0.591869
351 -0.421011 0.463251 -0.779839 0.0551913 -0.681951 0.405223 0.608881 0.133244 0.598074 0.788158 0.145311 0.591004
352 -0.430874 0.465339 -0.77318 0.0542321 -0.677526 0.399126 0.617783 0.135913 0.596075 0.790036 0.143307 0.590268
353 -0.445269 0.470199 -0.762003 0.0528056 -0.673255 0.38524 0.631125 0.136612 0.590308 0.794042 0.145028 0.591154
354 -0.445129 0.470063 -0.762169 0.0527937 -0.673389 0.385328 0.630928 0.136676 0.590261 0.79408 0.145014 0.591151
355 -0.452462 0.473697 -0.755572 0.050223 -0.674371 0.372647 0.637462 0.139745 0.583526 0.797963 0.150839 0.591037
356 -0.459087 0.473276 -0.751831 0.0478175 -0.674275 0.365398 0.641746 0.144214 0.57844 0.801557 0.151368 0.589646
357 -0.473076 0.469232 -0.745668 0.0463878 -0.668377 0.360272 0.650751 0.146154 0.573997 0.806241 0.143188 0.589428
