1 0.6920640 -0.3303040 0.6418310 -0.2165680 0.4017480 0.9149750 0.0376800 -0.1734950 -0.5997050 0.2317770 0.7659200 -0.2489560 
2 0.6916450 -0.3287490 0.6430790 -0.2164840 0.4012850 0.9152340 0.0362876 -0.1734940 -0.6004980 0.2329600 0.7649390 -0.2489760 
3 0.6897300 -0.3293300 0.6448370 -0.2164280 0.4028520 0.9145500 0.0361787 -0.1735030 -0.6016500 0.2348200 0.7634640 -0.2490050 
4 0.6877320 -0.3341580 0.6444870 -0.2163320 0.4079280 0.9122360 0.0376833 -0.1734770 -0.6005170 0.2369880 0.7636860 -0.2491580 
5 0.6796910 -0.3503640 0.6444100 -0.2162270 0.4234910 0.9047700 0.0452443 -0.1734640 -0.5988950 0.2421500 0.7633400 -0.2491060 
6 0.6797580 -0.3560040 0.6412420 -0.2161260 0.4287920 0.9022140 0.0463436 -0.1733520 -0.5950360 0.2434570 0.7659380 -0.2490300 
7 0.6817670 -0.3612810 0.6361360 -0.2159860 0.4306090 0.9011370 0.0502857 -0.1732900 -0.5914130 0.2396430 0.7699360 -0.2490080 
8 0.6834270 -0.3683500 0.6302740 -0.2157950 0.4325410 0.8998200 0.0568623 -0.1732640 -0.5880780 0.2337580 0.7742880 -0.2489470 
9 0.6862770 -0.3814300 0.6193020 -0.2153510 0.4388530 0.8961590 0.0656331 -0.1731680 -0.5800270 0.2267400 0.7824050 -0.2487180 
10 0.6899640 -0.3852490 0.6128070 -0.2151150 0.4387660 0.8959310 0.0692281 -0.1731020 -0.5757030 0.2211140 0.7871940 -0.2486740 
11 0.6946450 -0.3894800 0.6047930 -0.2148080 0.4385060 0.8957430 0.0731957 -0.1731230 -0.5702470 0.2143600 0.7930120 -0.2487020 
12 0.6973250 -0.3930540 0.5993720 -0.2145540 0.4389320 0.8952640 0.0764273 -0.1730800 -0.5666360 0.2097890 0.7968140 -0.2486710 
13 0.6998000 -0.3953010 0.5949930 -0.2142450 0.4373830 0.8956540 0.0806262 -0.1730480 -0.5647790 0.2038180 0.7996770 -0.2485590 
14 0.7002450 -0.4023710 0.5897070 -0.2136660 0.4371380 0.8947360 0.0914225 -0.1729550 -0.5644180 0.1937650 0.8024260 -0.2483370 
15 0.6994870 -0.4038520 0.5895940 -0.2133710 0.4377000 0.8942710 0.0932637 -0.1728990 -0.5649220 0.1928290 0.8022970 -0.2482180 
16 0.6996820 -0.4049010 0.5886430 -0.2130470 0.4400000 0.8933260 0.0914786 -0.1729250 -0.5628890 0.1949970 0.8032010 -0.2481710 
17 0.7001800 -0.4037400 0.5888480 -0.2128950 0.4394380 0.8937270 0.0902569 -0.1728290 -0.5627100 0.1955660 0.8031880 -0.2481400 
18 0.7014660 -0.4061820 0.5856300 -0.2126800 0.4398050 0.8932890 0.0927711 -0.1726940 -0.5608190 0.1924870 0.8052520 -0.2480490 
19 0.7018010 -0.4106280 0.5821170 -0.2122990 0.4408600 0.8922230 0.0978771 -0.1727140 -0.5595690 0.1879420 0.8071930 -0.2479010 
20 0.7005220 -0.4133500 0.5817300 -0.2119940 0.4432210 0.8908950 0.0992998 -0.1726910 -0.5593070 0.1882730 0.8072970 -0.2477570 
21 0.7001300 -0.4150820 0.5809690 -0.2113300 0.4444670 0.8901560 0.1003550 -0.1725920 -0.5588080 0.1879600 0.8077160 -0.2474360 
22 0.6978420 -0.4168600 0.5824460 -0.2110860 0.4488520 0.8882240 0.0979274 -0.1725270 -0.5581650 0.1930940 0.8069490 -0.2473810 
23 0.6958010 -0.4217200 0.5813890 -0.2108240 0.4533430 0.8857180 0.0999134 -0.1724080 -0.5570820 0.1940490 0.8074680 -0.2473170 
24 0.6941030 -0.4262330 0.5801260 -0.2104780 0.4558440 0.8839560 0.1040600 -0.1723860 -0.5571600 0.1922190 0.8078520 -0.2471440 
25 0.6936580 -0.4268730 0.5801880 -0.2101590 0.4567230 0.8835090 0.1039940 -0.1723620 -0.5569940 0.1928490 0.8078160 -0.2469400 
26 0.6942970 -0.4287100 0.5780650 -0.2098010 0.4601070 0.8820400 0.1015270 -0.1723670 -0.5534020 0.1954820 0.8096500 -0.2469810 
27 0.6931540 -0.4270150 0.5806860 -0.2095060 0.4592740 0.8825600 0.1007760 -0.1722850 -0.5555230 0.1968410 0.8078660 -0.2468990 
28 0.6901900 -0.4258090 0.5850850 -0.2091140 0.4587340 0.8827780 0.1013210 -0.1721630 -0.5596440 0.1984670 0.8046170 -0.2468890 
29 0.6888960 -0.4269990 0.5857420 -0.2088570 0.4578940 0.8827840 0.1050060 -0.1721190 -0.5619210 0.1958700 0.8036670 -0.2467750 
30 0.6881140 -0.4276670 0.5861730 -0.2086110 0.4571520 0.8828700 0.1074800 -0.1720790 -0.5634810 0.1940120 0.8030250 -0.2466500 
31 0.6873110 -0.4276290 0.5871430 -0.2083530 0.4564810 0.8830570 0.1087910 -0.1720300 -0.5650030 0.1932460 0.8021400 -0.2465260 
32 0.6857630 -0.4271970 0.5892640 -0.2080900 0.4559880 0.8832070 0.1096340 -0.1719720 -0.5672770 0.1935140 0.8004680 -0.2464030 
33 0.6820450 -0.4293700 0.5919930 -0.2078730 0.4595130 0.8813540 0.1098300 -0.1719530 -0.5689130 0.1971190 0.7984250 -0.2464560 
34 0.6733320 -0.4419700 0.5926940 -0.2075760 0.4674870 0.8755660 0.1218170 -0.1718290 -0.5727820 0.1950540 0.7961620 -0.2463230 
35 0.6721360 -0.4448170 0.5919220 -0.2073680 0.4664970 0.8752140 0.1279910 -0.1718170 -0.5749910 0.1901020 0.7957680 -0.2462300 
36 0.6718600 -0.4455740 0.5916650 -0.2071720 0.4637860 0.8759090 0.1329870 -0.1717880 -0.5775010 0.1850570 0.7951390 -0.2461190 
37 0.6705770 -0.4461700 0.5926710 -0.2069680 0.4623260 0.8761440 0.1364740 -0.1717850 -0.5801560 0.1824910 0.7937980 -0.2459930 
38 0.6689280 -0.4474390 0.5935770 -0.2068670 0.4634900 0.8753650 0.1375240 -0.1717270 -0.5811300 0.1831230 0.7929400 -0.2460460 
39 0.6667020 -0.4528050 0.5920100 -0.2065600 0.4630110 0.8740600 0.1471050 -0.1716250 -0.5840620 0.1760320 0.7923920 -0.2459690 
40 0.6640390 -0.4557090 0.5927750 -0.2063560 0.4615750 0.8735450 0.1544910 -0.1715990 -0.5882180 0.1710220 0.7904120 -0.2458950 
41 0.6603640 -0.4572070 0.5957190 -0.2061780 0.4609810 0.8730420 0.1590430 -0.1716090 -0.5928030 0.1695890 0.7872890 -0.2458190 
42 0.6580480 -0.4570500 0.5983960 -0.2060980 0.4607500 0.8729720 0.1600890 -0.1715890 -0.5955510 0.1703650 0.7850440 -0.2458160 
43 0.6584250 -0.4563970 0.5984800 -0.2059580 0.4581350 0.8739170 0.1624210 -0.1715250 -0.5971510 0.1672430 0.7845000 -0.2458150 
44 0.6560030 -0.4591690 0.5990190 -0.2056800 0.4592190 0.8726700 0.1660290 -0.1715270 -0.5989810 0.1661660 0.7833330 -0.2458060 
45 0.6505390 -0.4625160 0.6023940 -0.2055170 0.4610940 0.8707890 0.1706430 -0.1714210 -0.6034830 0.1667500 0.7797450 -0.2458930 
46 0.6400180 -0.4641900 0.6122950 -0.2050980 0.4609100 0.8695300 0.1774250 -0.1713460 -0.6147680 0.1686570 0.7704640 -0.2457210 
47 0.6385730 -0.4609790 0.6162160 -0.2049680 0.4556890 0.8717640 0.1799280 -0.1712700 -0.6201390 0.1659060 0.7667480 -0.2457570 
48 0.6335240 -0.4635340 0.6195030 -0.2048060 0.4539710 0.8710620 0.1875130 -0.1712060 -0.6265440 0.1624430 0.7622690 -0.2457530 
49 0.6246040 -0.4694970 0.6240530 -0.2045780 0.4557410 0.8680560 0.1969260 -0.1711340 -0.6341690 0.1614050 0.7561600 -0.2456910 
50 0.6129440 -0.4773100 0.6296620 -0.2042360 0.4609830 0.8632540 0.2056390 -0.1711080 -0.6417120 0.1642180 0.7491580 -0.2455640 
51 0.5927960 -0.4826880 0.6446740 -0.2037830 0.4606420 0.8598340 0.2202120 -0.1709340 -0.6606060 0.1664230 0.7320540 -0.2454760 
52 0.5806650 -0.4848990 0.6539880 -0.2035620 0.4595300 0.8582990 0.2283760 -0.1708650 -0.6720560 0.1679170 0.7212100 -0.2454450 
53 0.5665750 -0.4880320 0.6639420 -0.2033750 0.4603290 0.8557490 0.2361980 -0.1707940 -0.6834400 0.1718080 0.7095010 -0.2454460 
54 0.5539110 -0.4903680 0.6728460 -0.2030710 0.4597220 0.8539210 0.2438750 -0.1707300 -0.6941460 0.1742370 0.6984290 -0.2453630 
55 0.5442410 -0.4922540 0.6793290 -0.2028890 0.4603050 0.8521990 0.2487490 -0.1707090 -0.7013710 0.1773190 0.6903880 -0.2453480 
56 0.5137030 -0.4949820 0.7007870 -0.2022280 0.4619000 0.8478790 0.2602870 -0.1704990 -0.7230200 0.1899830 0.6641900 -0.2452880 
57 0.5019530 -0.4927580 0.7107980 -0.2019900 0.4620000 0.8475180 0.2612820 -0.1704260 -0.7311630 0.1972380 0.6530680 -0.2453050 
58 0.4874090 -0.4914730 0.7217240 -0.2019080 0.4615090 0.8466680 0.2648810 -0.1703980 -0.7412430 0.2039770 0.6394940 -0.2453360 
59 0.4706110 -0.4929450 0.7318000 -0.2017440 0.4601740 0.8447770 0.2731150 -0.1703680 -0.7528380 0.2082250 0.6244010 -0.2452930 
60 0.4491630 -0.4923040 0.7455800 -0.2010770 0.4543100 0.8444060 0.2838670 -0.1701750 -0.7693210 0.2112220 0.6029350 -0.2452350 
61 0.4392670 -0.4901890 0.7528340 -0.2007660 0.4525250 0.8446650 0.2859420 -0.1700730 -0.7760580 0.2150710 0.5928560 -0.2452260 
62 0.4285940 -0.4865500 0.7612990 -0.2006130 0.4488310 0.8459470 0.2879670 -0.1699810 -0.7841290 0.2182740 0.5809470 -0.2453480 
63 0.4066010 -0.4854120 0.7739840 -0.2003220 0.4509300 0.8434200 0.2920700 -0.1699960 -0.7945670 0.2302570 0.5618220 -0.2452810 
64 0.3985060 -0.4880560 0.7765270 -0.2001690 0.4545010 0.8404770 0.2950040 -0.1699640 -0.7966320 0.2353710 0.5567570 -0.2452630 
65 0.3950030 -0.4888200 0.7778350 -0.1997530 0.4528350 0.8402820 0.2981040 -0.1698330 -0.7993200 0.2344790 0.5532690 -0.2451880 
66 0.3898870 -0.4883530 0.7807050 -0.1995090 0.4572400 0.8385680 0.2962010 -0.1697880 -0.7993250 0.2414850 0.5502410 -0.2451630 
67 0.3825120 -0.4906980 0.7828790 -0.1991980 0.4635410 0.8348850 0.2968110 -0.1696640 -0.7992590 0.2493630 0.5468120 -0.2451470 
68 0.3718290 -0.4933640 0.7863430 -0.1990680 0.4698340 0.8305900 0.2989600 -0.1696290 -0.8006240 0.2582890 0.5406360 -0.2451480 
69 0.3647630 -0.4962230 0.7878520 -0.1987720 0.4715110 0.8280780 0.3032570 -0.1695230 -0.8028860 0.2608640 0.5360260 -0.2451540 
70 0.3395650 -0.4989320 0.7973470 -0.1984420 0.4740310 0.8229650 0.3130870 -0.1694320 -0.8123980 0.2716540 0.5159590 -0.2451250 
71 0.3305390 -0.5014960 0.7995290 -0.1982540 0.4764720 0.8199320 0.3173120 -0.1693680 -0.8146890 0.2760690 0.5099680 -0.2451220 
72 0.3112310 -0.5056540 0.8046420 -0.1977310 0.4821890 0.8136350 0.3247970 -0.1691760 -0.8189200 0.2869030 0.4970490 -0.2450950 
73 0.2920720 -0.5093940 0.8094520 -0.1978390 0.4871490 0.8075720 0.3324350 -0.1692290 -0.8230310 0.2972290 0.4840200 -0.2451360 
74 0.2815240 -0.5124040 0.8112870 -0.1973120 0.4879710 0.8044450 0.3387530 -0.1690330 -0.8262130 0.3005170 0.4765090 -0.2450000 
75 0.2731170 -0.5129000 0.8138430 -0.1970880 0.4881600 0.8028820 0.3421700 -0.1690060 -0.8289190 0.3038340 0.4696580 -0.2449790 
76 0.2473710 -0.5120740 0.8225500 -0.1966930 0.4819650 0.8014870 0.3540170 -0.1688710 -0.8405460 0.3088660 0.4450660 -0.2449110 
77 0.2299040 -0.5122400 0.8274990 -0.1965250 0.4786640 0.7998390 0.3621300 -0.1688180 -0.8473630 0.3128390 0.4290770 -0.2448970 
78 0.2153930 -0.5118290 0.8316470 -0.1961310 0.4758080 0.7987130 0.3683270 -0.1686710 -0.8527680 0.3163690 0.4155690 -0.2448480 
79 0.2045920 -0.5091240 0.8360230 -0.1958270 0.4729310 0.7992010 0.3709640 -0.1684880 -0.8570170 0.3194850 0.4042910 -0.2448570 
80 0.1748210 -0.5079040 0.8434870 -0.1953780 0.4675540 0.7967520 0.3828570 -0.1683620 -0.8665050 0.3274440 0.3767610 -0.2447470 
81 0.1614090 -0.5058570 0.8473820 -0.1949190 0.4629610 0.7971100 0.3876630 -0.1681650 -0.8715580 0.3297330 0.3628530 -0.2447100 
82 0.1477450 -0.5015380 0.8524260 -0.1946190 0.4573300 0.7988510 0.3907510 -0.1680420 -0.8769380 0.3321090 0.3473950 -0.2446200 
83 0.1352970 -0.4977520 0.8567020 -0.1941190 0.4601270 0.7973240 0.3905860 -0.1677890 -0.8774840 0.3413460 0.3369040 -0.2446380 
84 0.1128740 -0.4867030 0.8662440 -0.1935010 0.4603910 0.7981990 0.3884820 -0.1675040 -0.8805110 0.3549610 0.3141700 -0.2445660 
85 0.1012990 -0.4796620 0.8715870 -0.1931570 0.4606100 0.7991490 0.3862630 -0.1673810 -0.8818030 0.3623330 0.3018900 -0.2445400 
86 0.0912187 -0.4706260 0.8776050 -0.1928940 0.4593930 0.8017890 0.3822190 -0.1672720 -0.8835370 0.3683000 0.2893410 -0.2444780 
87 0.0751955 -0.4531530 0.8882560 -0.1923610 0.4627150 0.8049260 0.3714700 -0.1669910 -0.8833120 0.3830770 0.2702070 -0.2444430 
88 0.0633789 -0.4468860 0.8923430 -0.1923100 0.4624610 0.8054970 0.3705470 -0.1669630 -0.8843720 0.3891890 0.2577190 -0.2443660 
89 0.0556839 -0.4432440 0.8946700 -0.1919050 0.4625120 0.8055730 0.3703170 -0.1667850 -0.8848630 0.3931750 0.2498630 -0.2443690 
90 0.0458771 -0.4365450 0.8985120 -0.1916990 0.4617820 0.8068540 0.3684350 -0.1667180 -0.8858060 0.3980140 0.2386050 -0.2443080 
91 0.0247050 -0.4340610 0.9005450 -0.1916140 0.4586770 0.8053280 0.3755830 -0.1666540 -0.8882600 0.4037800 0.2189890 -0.2441460 
92 0.0129969 -0.4373220 0.8992110 -0.1913610 0.4602810 0.8009610 0.3828870 -0.1665480 -0.8876780 0.4089140 0.2117010 -0.2441050 
93 0.0037601 -0.4421380 0.8969390 -0.1910340 0.4621000 0.7962030 0.3905440 -0.1665150 -0.8868200 0.4130070 0.2073060 -0.2440860 
94 -0.0050160 -0.4425220 0.8967440 -0.1906790 0.4653040 0.7927280 0.3937950 -0.1663540 -0.8851370 0.4192340 0.2019310 -0.2440180 
95 -0.0134608 -0.4418640 0.8969810 -0.1903340 0.4680340 0.7899390 0.3961570 -0.1662490 -0.8836080 0.4251500 0.1961740 -0.2440460 
96 -0.0318743 -0.4403920 0.8972400 -0.1901360 0.4639270 0.7886150 0.4035570 -0.1662590 -0.8853000 0.4291170 0.1791730 -0.2438490 
97 -0.0374828 -0.4429770 0.8957490 -0.1898110 0.4654670 0.7854600 0.4079130 -0.1661460 -0.8842710 0.4322320 0.1767500 -0.2438060 
98 -0.0398218 -0.4429450 0.8956640 -0.1895600 0.4700740 0.7826820 0.4079700 -0.1660970 -0.8817280 0.4372750 0.1770490 -0.2437510 
99 -0.0430589 -0.4438700 0.8950560 -0.1893860 0.4736950 0.7797150 0.4094590 -0.1660810 -0.8796350 0.4416150 0.1766860 -0.2437040 
100 -0.0452791 -0.4462840 0.8937450 -0.1891770 0.4739440 0.7779680 0.4124830 -0.1660970 -0.8793900 0.4422620 0.1762880 -0.2436520 
101 -0.0447685 -0.4564690 0.8886120 -0.1887680 0.4761240 0.7722310 0.4206730 -0.1661810 -0.8782380 0.4419220 0.1827640 -0.2434620 
102 -0.0391624 -0.4621520 0.8859360 -0.1884900 0.4782740 0.7697890 0.4227050 -0.1661520 -0.8773370 0.4402740 0.1908880 -0.2434220 
103 -0.0349242 -0.4680810 0.8829950 -0.1882930 0.4778130 0.7681900 0.4261200 -0.1661130 -0.8777670 0.4367890 0.1968270 -0.2434260 
104 -0.0324280 -0.4739370 0.8799610 -0.1879360 0.4724450 0.7685850 0.4313610 -0.1660700 -0.8807630 0.4297220 0.1989860 -0.2433210 
105 -0.0273886 -0.4765150 0.8787400 -0.1876770 0.4677260 0.7707950 0.4325580 -0.1660200 -0.8834490 0.4228570 0.2017680 -0.2432900 
106 -0.0269098 -0.4841590 0.8745660 -0.1873330 0.4696110 0.7662090 0.4386220 -0.1660460 -0.8824630 0.4225090 0.2067480 -0.2431390 
107 -0.0242045 -0.4908370 0.8709150 -0.1870670 0.4718990 0.7623950 0.4427920 -0.1660190 -0.8813200 0.4217010 0.2131720 -0.2431250 
108 -0.0225317 -0.4926210 0.8699520 -0.1867030 0.4745490 0.7606250 0.4430040 -0.1659150 -0.8799400 0.4228170 0.2166350 -0.2431000 
109 -0.0208266 -0.4930540 0.8697500 -0.1864780 0.4760640 0.7600940 0.4422900 -0.1659000 -0.8791640 0.4232680 0.2188950 -0.2430750 
110 -0.0173115 -0.4929830 0.8698670 -0.1862130 0.4750990 0.7614490 0.4409940 -0.1658400 -0.8797620 0.4209070 0.2210340 -0.2430570 
111 -0.0111402 -0.4916630 0.8707140 -0.1860490 0.4735860 0.7643190 0.4376440 -0.1658150 -0.8806770 0.4172340 0.2243300 -0.2430390 
112 0.0033890 -0.4886200 0.8724900 -0.1855030 0.4789840 0.7666880 0.4275080 -0.1656910 -0.8778170 0.4164600 0.2366400 -0.2429630 
113 0.0071462 -0.4873510 0.8731770 -0.1855900 0.4869970 0.7643460 0.4226230 -0.1658110 -0.8733750 0.4222140 0.2428000 -0.2429300 
114 0.0095245 -0.4945020 0.8691240 -0.1854280 0.4944070 0.7578210 0.4257560 -0.1658180 -0.8691780 0.4256460 0.2517030 -0.2429200 
115 0.0163820 -0.4972220 0.8674690 -0.1849180 0.4946840 0.7579920 0.4251290 -0.1655580 -0.8689180 0.4221590 0.2583850 -0.2428870 
116 0.0219689 -0.4925360 0.8700150 -0.1844670 0.4953900 0.7612420 0.4184480 -0.1653550 -0.8683930 0.4218040 0.2607210 -0.2429240 
117 0.0217850 -0.4874870 0.8728580 -0.1843930 0.4966140 0.7630130 0.4137450 -0.1652780 -0.8676980 0.4244600 0.2587150 -0.2429280 
118 0.0184299 -0.4860890 0.8737150 -0.1840180 0.4862970 0.7678940 0.4169580 -0.1650710 -0.8735990 0.4172010 0.2505360 -0.2429850 
119 0.0153381 -0.4860700 0.8737850 -0.1837460 0.4824100 0.7690480 0.4193390 -0.1649810 -0.8758110 0.4150910 0.2462810 -0.2429480 
120 0.0180242 -0.4840500 0.8748550 -0.1835100 0.4849050 0.7694370 0.4157330 -0.1648820 -0.8743810 0.4167280 0.2485870 -0.2429830 
121 0.0189701 -0.4827320 0.8755620 -0.1832990 0.4927420 0.7665000 0.4119260 -0.1648390 -0.8699690 0.4236120 0.2524030 -0.2430130 
122 0.0268669 -0.4790120 0.8773970 -0.1828560 0.4975590 0.7676730 0.4038720 -0.1645800 -0.8670140 0.4257060 0.2589620 -0.2430060 
123 0.0419267 -0.4742870 0.8793710 -0.1825030 0.4970040 0.7734240 0.3934490 -0.1644360 -0.8667350 0.4205550 0.2681500 -0.2429910 
124 0.0596549 -0.4695910 0.8808660 -0.1822150 0.4935840 0.7808890 0.3828660 -0.1643240 -0.8676500 0.4119420 0.2783670 -0.2430080 
125 0.0787386 -0.4666730 0.8809180 -0.1818310 0.4811170 0.7917280 0.3764200 -0.1641000 -0.8731130 0.3941860 0.2868640 -0.2430760 
126 0.0789144 -0.4699650 0.8791500 -0.1815630 0.4672590 0.7964620 0.3838200 -0.1640040 -0.8805920 0.3805020 0.2824480 -0.2431080 
127 0.0827202 -0.4725410 0.8774180 -0.1813120 0.4531070 0.8020040 0.3892090 -0.1639320 -0.8876100 0.3653690 0.2804540 -0.2431020 
128 0.0975976 -0.4769340 0.8735040 -0.1811380 0.4476000 0.8049520 0.3894940 -0.1639800 -0.8888920 0.3529660 0.2920370 -0.2430700 
129 0.1255560 -0.4767390 0.8700320 -0.1807410 0.4490860 0.8092890 0.3786460 -0.1638650 -0.8846230 0.3431780 0.3157080 -0.2430330 
130 0.1494940 -0.4715330 0.8690850 -0.1803230 0.4527710 0.8140390 0.3637840 -0.1637710 -0.8790050 0.3391130 0.3351900 -0.2429390 
131 0.1692860 -0.4627620 0.8701690 -0.1802050 0.4339740 0.8277100 0.3557550 -0.1638020 -0.8848780 0.3174060 0.3409470 -0.2431310 
132 0.1738820 -0.4631740 0.8690420 -0.1800800 0.4261040 0.8309830 0.3576330 -0.1638690 -0.8878060 0.3081170 0.3418530 -0.2431630 
133 0.1786090 -0.4611640 0.8691530 -0.1800980 0.4260820 0.8324850 0.3541500 -0.1639040 -0.8868780 0.3070760 0.3451830 -0.2431530 
134 0.1854150 -0.4653220 0.8655040 -0.1801040 0.4264210 0.8316260 0.3557570 -0.1639400 -0.8853170 0.3031060 0.3526190 -0.2431690 
135 0.2002570 -0.4730930 0.8579510 -0.1800030 0.4202520 0.8325170 0.3609760 -0.1640500 -0.8850340 0.2882680 0.3655360 -0.2431190 
136 0.2398620 -0.4848930 0.8410380 -0.1796570 0.4088710 0.8362040 0.3654970 -0.1641320 -0.8805060 0.2562070 0.3988320 -0.2430610 
137 0.2541900 -0.4875640 0.8352660 -0.1794620 0.4071600 0.8373180 0.3648550 -0.1642030 -0.8772730 0.2473440 0.4113540 -0.2430610 
138 0.2646600 -0.4862180 0.8327950 -0.1793590 0.4093110 0.8385770 0.3595160 -0.1642770 -0.8731660 0.2457230 0.4209530 -0.2430500 
139 0.2740160 -0.4869150 0.8293550 -0.1795540 0.4143720 0.8379840 0.3550750 -0.1643920 -0.8678770 0.2463660 0.4313850 -0.2431180 
140 0.2901950 -0.4919040 0.8208640 -0.1794750 0.4155490 0.8374580 0.3549410 -0.1644850 -0.8620360 0.2381070 0.4474370 -0.2430880 
141 0.3126970 -0.4942420 0.8111380 -0.1792670 0.4111420 0.8402460 0.3534810 -0.1646110 -0.8562610 0.2229600 0.4659460 -0.2429170 
142 0.3362260 -0.4969120 0.8000190 -0.1790290 0.4087590 0.8422890 0.3513760 -0.1646410 -0.8484510 0.2088730 0.4863160 -0.2428520 
143 0.3782540 -0.4887070 0.7861870 -0.1786920 0.3973270 0.8527880 0.3389440 -0.1647890 -0.8360950 0.1841670 0.5167470 -0.2427540 
144 0.3969300 -0.4872660 0.7778290 -0.1786450 0.3913670 0.8563990 0.3367680 -0.1650810 -0.8302280 0.1707440 0.5306300 -0.2426930 
145 0.4176130 -0.4846450 0.7685820 -0.1786390 0.3888090 0.8598350 0.3309250 -0.1652770 -0.8212350 0.1606330 0.5475120 -0.2427220 
146 0.4412710 -0.4757500 0.7608820 -0.1785720 0.3847870 0.8663070 0.3185130 -0.1654450 -0.8106910 0.1522270 0.5653380 -0.2426820 
147 0.4667040 -0.4622080 0.7540240 -0.1785300 0.3754260 0.8754790 0.3042880 -0.1654590 -0.8007760 0.1410680 0.5821140 -0.2426670 
148 0.4888070 -0.4524410 0.7458990 -0.1784570 0.3628670 0.8829770 0.2977920 -0.1655870 -0.7933440 0.1250990 0.5957810 -0.2426340 
149 0.5090940 -0.4420010 0.7385520 -0.1783730 0.3504980 0.8901640 0.2911340 -0.1657730 -0.7861140 0.1106470 0.6080980 -0.2425930 
150 0.5301750 -0.4280720 0.7318940 -0.1783740 0.3404910 0.8980270 0.2785940 -0.1659150 -0.7765190 0.1015000 0.6218650 -0.2426100 
151 0.5493390 -0.4182720 0.7233770 -0.1786330 0.3333930 0.9035220 0.2692540 -0.1659700 -0.7662090 0.0932568 0.6357890 -0.2427020 
152 0.5683720 -0.4154430 0.7101830 -0.1786090 0.3303800 0.9057540 0.2654400 -0.1661820 -0.7535260 0.0837616 0.6520600 -0.2426940 
153 0.5891450 -0.4082640 0.6973010 -0.1783560 0.3246840 0.9098450 0.2583840 -0.1663430 -0.7399240 0.0741772 0.6685880 -0.2424910 
154 0.6076270 -0.3977770 0.6874310 -0.1781260 0.3168240 0.9150900 0.2494670 -0.1663570 -0.7282940 0.0662117 0.6820590 -0.2425400 
155 0.6259730 -0.3828910 0.6793770 -0.1780350 0.3030680 0.9221320 0.2404610 -0.1665240 -0.7185460 0.0553752 0.6932720 -0.2426950 
156 0.6387890 -0.3759750 0.6712610 -0.1782450 0.2972790 0.9253230 0.2353780 -0.1667710 -0.7096290 0.0491942 0.7028560 -0.2426910 
157 0.6528000 -0.3697970 0.6611370 -0.1777180 0.2947730 0.9279710 0.2279900 -0.1670060 -0.6978260 0.0460532 0.7147850 -0.2425830 
158 0.6589490 -0.3562860 0.6624550 -0.1775530 0.2898660 0.9329630 0.2134410 -0.1672980 -0.6940920 0.0513762 0.7180510 -0.2426610 
159 0.6626440 -0.3420000 0.6662870 -0.1777850 0.2873230 0.9376610 0.1955420 -0.1675190 -0.6916270 0.0618643 0.7196000 -0.2429170 
160 0.6706940 -0.3315900 0.6634890 -0.1781370 0.2887820 0.9406650 0.1781950 -0.1677770 -0.6832090 0.0720891 0.7266560 -0.2436290 
161 0.6791750 -0.3187740 0.6611380 -0.1782910 0.2889430 0.9441500 0.1584050 -0.1677330 -0.6747090 0.0834467 0.7333510 -0.2441430 
162 0.6864230 -0.3093880 0.6581060 -0.1786850 0.2883490 0.9465960 0.1442560 -0.1677800 -0.6675920 0.0907433 0.7389770 -0.2447790 
163 0.6961910 -0.3011480 0.6516350 -0.1788420 0.2855080 0.9490250 0.1335540 -0.1677740 -0.6586370 0.0930678 0.7466830 -0.2453220 
164 0.7021470 -0.2954000 0.6478640 -0.1789220 0.2828640 0.9507250 0.1269280 -0.1679080 -0.6534350 0.0941349 0.7511070 -0.2457170 
165 0.7114750 -0.2825820 0.6433900 -0.1790130 0.2736780 0.9547180 0.1166800 -0.1682260 -0.6472280 0.0930669 0.7565940 -0.2459340 
166 0.7198160 -0.2715560 0.6388440 -0.1792730 0.2668530 0.9578370 0.1064760 -0.1683570 -0.6408230 0.0938341 0.7619320 -0.2468670 
167 0.7258300 -0.2655510 0.6345500 -0.1795530 0.2639720 0.9593800 0.0995438 -0.1681750 -0.6352080 0.0952512 0.7664450 -0.2471500 
168 0.7377250 -0.2563850 0.6245230 -0.1797300 0.2557230 0.9622700 0.0929645 -0.1681680 -0.6247940 0.0911229 0.7754540 -0.2474800 
169 0.7482350 -0.2516400 0.6138580 -0.1797940 0.2505380 0.9639360 0.0897658 -0.1681540 -0.6143080 0.0866290 0.7842960 -0.2481050 
170 0.7579310 -0.2429920 0.6053890 -0.1798770 0.2422570 0.9665130 0.0846407 -0.1681500 -0.6056830 0.0825082 0.7914160 -0.2483900 
171 0.7676250 -0.2314690 0.5976400 -0.1799130 0.2309230 0.9697600 0.0789890 -0.1681980 -0.5978510 0.0773750 0.7978640 -0.2486910 
172 0.7756060 -0.2196260 0.5917770 -0.1800210 0.2198870 0.9728020 0.0728442 -0.1681780 -0.5916800 0.0736255 0.8028040 -0.2490440 
173 0.7835020 -0.2095610 0.5849850 -0.1801530 0.2107850 0.9752310 0.0670451 -0.1680910 -0.5845460 0.0707759 0.8082680 -0.2492940 
174 0.7922100 -0.1982980 0.5771320 -0.1801750 0.2008540 0.9777670 0.0602484 -0.1681050 -0.5762480 0.0681897 0.8144250 -0.2492490 
175 0.8041530 -0.1838670 0.5652700 -0.1805890 0.1878420 0.9808320 0.0518146 -0.1680100 -0.5639620 0.0645145 0.8232770 -0.2505110 
176 0.8140490 -0.1722780 0.5546570 -0.1807650 0.1767910 0.9831770 0.0459082 -0.1678860 -0.5532350 0.0606867 0.8308110 -0.2512490 
177 0.8216940 -0.1664060 0.5450940 -0.1808560 0.1693200 0.9845190 0.0453142 -0.1677770 -0.5441960 0.0550610 0.8371490 -0.2514600 
178 0.8326260 -0.1557600 0.5314820 -0.1808800 0.1583930 0.9865250 0.0409787 -0.1677290 -0.5307040 0.0500631 0.8460780 -0.2514520 
179 0.8442690 -0.1442590 0.5161390 -0.1811320 0.1463790 0.9885420 0.0368561 -0.1676600 -0.5155410 0.0444354 0.8557120 -0.2520730 
180 0.8539570 -0.1390210 0.5014290 -0.1812070 0.1378660 0.9896590 0.0395902 -0.1676440 -0.5017470 0.0353219 0.8642930 -0.2524900 
181 0.8618820 -0.1311580 0.4898530 -0.1813000 0.1288980 0.9909090 0.0385238 -0.1676190 -0.4904530 0.0299381 0.8709530 -0.2524460 
182 0.8698300 -0.1220840 0.4780080 -0.1814310 0.1198000 0.9921670 0.0354013 -0.1676430 -0.4785860 0.0264723 0.8776420 -0.2525920 
183 0.8763170 -0.1169390 0.4673260 -0.1816520 0.1140700 0.9928720 0.0345455 -0.1676110 -0.4680350 0.0230349 0.8834100 -0.2530890 
184 0.8832540 -0.1152810 0.4545030 -0.1817320 0.1114550 0.9931420 0.0353085 -0.1676160 -0.4554570 0.0194702 0.8900450 -0.2534290 
185 0.8923770 -0.1090490 0.4379170 -0.1817400 0.1051220 0.9939020 0.0332844 -0.1676180 -0.4388760 0.0163326 0.8983990 -0.2536340 
186 0.9023250 -0.1024040 0.4187160 -0.1817550 0.0979162 0.9946720 0.0322553 -0.1676020 -0.4197880 0.0118944 0.9075440 -0.2539160 
187 0.9114650 -0.0981436 0.3994990 -0.1817220 0.0925527 0.9951500 0.0333145 -0.1676240 -0.4008310 0.0066097 0.9161280 -0.2538540 
188 0.9186750 -0.0916448 0.3842350 -0.1816960 0.0853775 0.9957890 0.0333772 -0.1676520 -0.3856760 0.0021423 0.9226320 -0.2537690 
189 0.9259160 -0.0838191 0.3683120 -0.1817100 0.0774492 0.9964800 0.0320723 -0.1676500 -0.3697040 -0.0011708 0.9291490 -0.2539290 
190 0.9336690 -0.0780592 0.3495270 -0.1816890 0.0720611 0.9969440 0.0301535 -0.1676430 -0.3508130 -0.0029661 0.9364410 -0.2539480 
191 0.9400710 -0.0708571 0.3335340 -0.1816500 0.0646098 0.9974660 0.0298010 -0.1676520 -0.3348000 -0.0064655 0.9422670 -0.2540930 
192 0.9458230 -0.0619507 0.3187190 -0.1816540 0.0553921 0.9980260 0.0296101 -0.1676890 -0.3199240 -0.0103514 0.9473870 -0.2540880 
193 0.9526610 -0.0537946 0.2992390 -0.1816740 0.0476339 0.9984770 0.0278497 -0.1676880 -0.3002810 -0.0122774 0.9537720 -0.2541570 
194 0.9587990 -0.0451756 0.2804700 -0.1816100 0.0388211 0.9988490 0.0281741 -0.1676880 -0.2814200 -0.0161251 0.9594490 -0.2542730 
195 0.9636800 -0.0354165 0.2647000 -0.1816410 0.0287644 0.9991660 0.0289661 -0.1676930 -0.2655050 -0.0203002 0.9638960 -0.2541430 
196 0.9688350 -0.0259073 0.2463480 -0.1816340 0.0198291 0.9994350 0.0271226 -0.1677110 -0.2469120 -0.0213925 0.9688020 -0.2539750 
197 0.9734490 -0.0179213 0.2282030 -0.1816110 0.0118021 0.9995340 0.0281513 -0.1677180 -0.2286010 -0.0247106 0.9732060 -0.2539360 
198 0.9767450 -0.0096504 0.2141870 -0.1815760 0.0037494 0.9996030 0.0279402 -0.1677210 -0.2143710 -0.0264874 0.9763930 -0.2538880 
199 0.9788370 -0.0018729 0.2046310 -0.1815650 -0.0038380 0.9996140 0.0275075 -0.1677230 -0.2046040 -0.0277107 0.9784530 -0.2538960 
200 0.9807240 0.0038743 0.1953620 -0.1815610 -0.0097024 0.9995360 0.0288845 -0.1677190 -0.1951590 -0.0302232 0.9803060 -0.2538530 
201 0.9827140 0.0084051 0.1849370 -0.1815540 -0.0142350 0.9994420 0.0302187 -0.1677220 -0.1845800 -0.0323289 0.9822860 -0.2538230 
202 0.9845010 0.0139128 0.1748290 -0.1815520 -0.0198254 0.9992870 0.0321185 -0.1677260 -0.1742570 -0.0350867 0.9840750 -0.2537690 
203 0.9861900 0.0186262 0.1645680 -0.1815570 -0.0241685 0.9992040 0.0317399 -0.1677410 -0.1638460 -0.0352789 0.9858550 -0.2536150 
204 0.9874030 0.0194530 0.1570260 -0.1815630 -0.0244464 0.9992530 0.0299310 -0.1677420 -0.1563270 -0.0333927 0.9871410 -0.2535690 
205 0.9883720 0.0214744 0.1505290 -0.1815380 -0.0259710 0.9992710 0.0279699 -0.1677410 -0.1498190 -0.0315541 0.9882100 -0.2535850 
206 0.9896850 0.0228709 0.1414210 -0.1815430 -0.0271200 0.9992350 0.0281914 -0.1677440 -0.1406680 -0.0317360 0.9895480 -0.2535400 
207 0.9911730 0.0218094 0.1307650 -0.1815350 -0.0256548 0.9992840 0.0277943 -0.1677420 -0.1300650 -0.0309037 0.9910240 -0.2535380 
208 0.9924660 0.0198255 0.1209080 -0.1815300 -0.0230579 0.9994120 0.0253936 -0.1677460 -0.1203340 -0.0279901 0.9923390 -0.2535240 
209 0.9935050 0.0183476 0.1122960 -0.1815060 -0.0213482 0.9994450 0.0255757 -0.1677430 -0.1117650 -0.0278069 0.9933460 -0.2535620 
210 0.9941500 0.0190311 0.1063160 -0.1814940 -0.0221505 0.9993560 0.0282372 -0.1677430 -0.1057100 -0.0304270 0.9939310 -0.2535440 
211 0.9947300 0.0218026 0.1001790 -0.1815000 -0.0247488 0.9992940 0.0282612 -0.1677460 -0.0994925 -0.0305916 0.9945680 -0.2534860 
212 0.9953120 0.0212470 0.0943485 -0.1814770 -0.0241443 0.9992680 0.0296735 -0.1677550 -0.0936490 -0.0318123 0.9950970 -0.2534290 
213 0.9959140 0.0202694 0.0880012 -0.1814790 -0.0232120 0.9992010 0.0325446 -0.1677540 -0.0872712 -0.0344543 0.9955890 -0.2534170 
214 0.9966270 0.0207227 0.0794113 -0.1814770 -0.0234907 0.9991430 0.0340820 -0.1677570 -0.0786370 -0.0358324 0.9962590 -0.2533870 
215 0.9971440 0.0215766 0.0723700 -0.1814730 -0.0242891 0.9990270 0.0368123 -0.1677720 -0.0715053 -0.0384650 0.9966980 -0.2533620 
216 0.9976460 0.0220020 0.0649561 -0.1814810 -0.0245820 0.9989290 0.0391911 -0.1677700 -0.0640242 -0.0406956 0.9971180 -0.2533140 
217 0.9981410 0.0228412 0.0564973 -0.1814730 -0.0251769 0.9988430 0.0409810 -0.1677720 -0.0554958 -0.0423272 0.9975610 -0.2533160 
218 0.9986160 0.0233058 0.0471513 -0.1814490 -0.0254640 0.9986310 0.0457013 -0.1678230 -0.0460217 -0.0468387 0.9978420 -0.2533070 
219 0.9990270 0.0235292 0.0373023 -0.1814620 -0.0252966 0.9985440 0.0476369 -0.1678280 -0.0361271 -0.0485342 0.9981680 -0.2532530 
220 0.9993070 0.0233928 0.0289667 -0.1814560 -0.0247473 0.9985730 0.0473214 -0.1678400 -0.0278184 -0.0480055 0.9984600 -0.2532310 
221 0.9994720 0.0234827 0.0224772 -0.1814580 -0.0245461 0.9985330 0.0482667 -0.1678380 -0.0213108 -0.0487929 0.9985820 -0.2532300 
222 0.9996230 0.0237749 0.0137075 -0.1814800 -0.0244025 0.9985690 0.0475956 -0.1678200 -0.0125563 -0.0479122 0.9987730 -0.2531810 
223 0.9995970 0.0283709 0.0010627 -0.1814740 -0.0283903 0.9986650 0.0431618 -0.1678520 0.0001633 -0.0431745 0.9990680 -0.2530880 
224 0.9994790 0.0304158 -0.0107609 -0.1814770 -0.0299533 0.9987180 0.0408022 -0.1678550 0.0119882 -0.0404586 0.9991090 -0.2530990 
225 0.9992090 0.0309035 -0.0250411 -0.1814940 -0.0299449 0.9988370 0.0377919 -0.1678320 0.0261799 -0.0370122 0.9989720 -0.2530510 
226 0.9986600 0.0328840 -0.0399537 -0.1814360 -0.0315893 0.9989690 0.0326164 -0.1678370 0.0409851 -0.0313106 0.9986690 -0.2531870 
227 0.9978980 0.0397392 -0.0511886 -0.1813930 -0.0383801 0.9988910 0.0272666 -0.1678710 0.0522154 -0.0252446 0.9983170 -0.2533370 
228 0.9971310 0.0474610 -0.0589714 -0.1813370 -0.0462341 0.9986880 0.0220001 -0.1678950 0.0599382 -0.0192105 0.9980170 -0.2534840 
229 0.9963560 0.0526647 -0.0670870 -0.1813330 -0.0519106 0.9985680 0.0129372 -0.1678620 0.0676723 -0.0094075 0.9976630 -0.2534740 
230 0.9950360 0.0608926 -0.0787073 -0.1812410 -0.0606260 0.9981440 0.0057754 -0.1679420 0.0789129 -0.0009751 0.9968810 -0.2536640 
231 0.9935260 0.0666171 -0.0920241 -0.1810930 -0.0665747 0.9977750 0.0035337 -0.1679300 0.0920548 0.0026157 0.9957510 -0.2540780 
232 0.9913900 0.0750623 -0.1072930 -0.1811760 -0.0754220 0.9971510 0.0007075 -0.1679620 0.1070410 0.0073909 0.9942270 -0.2538150 
233 0.9871080 0.0906192 -0.1319350 -0.1810720 -0.0919763 0.9957520 -0.0042157 -0.1679860 0.1309920 0.0162962 0.9912490 -0.2540660 
234 0.9844210 0.0999671 -0.1446450 -0.1810980 -0.1017020 0.9948040 -0.0046308 -0.1680090 0.1434300 0.0192693 0.9894730 -0.2539970 
235 0.9813840 0.1088110 -0.1582590 -0.1810930 -0.1112070 0.9937770 -0.0063357 -0.1680050 0.1565850 0.0238174 0.9873770 -0.2540140 
236 0.9747200 0.1280490 -0.1830950 -0.1810690 -0.1310960 0.9913590 -0.0045864 -0.1680610 0.1809250 0.0284734 0.9830850 -0.2540500 
237 0.9719080 0.1379470 -0.1906990 -0.1811090 -0.1415640 0.9899140 -0.0054086 -0.1680590 0.1880290 0.0322529 0.9816340 -0.2539450 
238 0.9656260 0.1535600 -0.2097270 -0.1810220 -0.1580290 0.9874240 -0.0046162 -0.1680400 0.2063810 0.0376004 0.9777490 -0.2541880 
239 0.9582420 0.1670110 -0.2321200 -0.1810640 -0.1727340 0.9849590 -0.0044029 -0.1680630 0.2278930 0.0443141 0.9726770 -0.2540440 
240 0.9546710 0.1739400 -0.2415540 -0.1810520 -0.1806840 0.9835240 -0.0058756 -0.1680910 0.2365520 0.0492542 0.9703700 -0.2539940 
241 0.9461670 0.1832750 -0.2667920 -0.1810280 -0.1905580 0.9816750 -0.0014340 -0.1680720 0.2616400 0.0521960 0.9637530 -0.2541080 
242 0.9411200 0.1904700 -0.2793090 -0.1810470 -0.1978870 0.9802230 0.0016729 -0.1680870 0.2741040 0.0536974 0.9602000 -0.2540580 
243 0.9324250 0.1994710 -0.3013220 -0.1810370 -0.2070380 0.9783080 0.0069602 -0.1680890 0.2961740 0.0558952 0.9534970 -0.2540930 
244 0.9226060 0.2066150 -0.3257420 -0.1810240 -0.2127910 0.9769500 0.0169773 -0.1680920 0.3217410 0.0536514 0.9453060 -0.2541040 
245 0.9182980 0.2099930 -0.3356070 -0.1810540 -0.2157130 0.9762390 0.0206045 -0.1681220 0.3319590 0.0534735 0.9417770 -0.2538690 
246 0.9113960 0.2154420 -0.3506310 -0.1810590 -0.2203360 0.9750670 0.0263993 -0.1681130 0.3475760 0.0531965 0.9361420 -0.2538270 
247 0.9037770 0.2213000 -0.3663520 -0.1810300 -0.2241420 0.9739150 0.0353586 -0.1681730 0.3646210 0.0501586 0.9298040 -0.2539000 
248 0.8970920 0.2272620 -0.3789150 -0.1810510 -0.2292150 0.9725280 0.0406220 -0.1682090 0.3777380 0.0504113 0.9245390 -0.2537700 
249 0.8937000 0.2330990 -0.3833610 -0.1810040 -0.2343770 0.9711440 0.0441100 -0.1682120 0.3825800 0.0504299 0.9225450 -0.2538300 
250 0.8858100 0.2382760 -0.3982040 -0.1810300 -0.2392440 0.9697680 0.0480852 -0.1681800 0.3976230 0.0526733 0.9160360 -0.2537490 
251 0.8770880 0.2445910 -0.4133910 -0.1810920 -0.2446400 0.9681230 0.0537591 -0.1681290 0.4133630 0.0539805 0.9089650 -0.2534540 
252 0.8685150 0.2537070 -0.4258100 -0.1810300 -0.2524690 0.9657150 0.0604385 -0.1682000 0.4265450 0.0550122 0.9027920 -0.2534920 
253 0.8611610 0.2615080 -0.4359070 -0.1810900 -0.2585810 0.9636450 0.0672630 -0.1682000 0.4376500 0.0547933 0.8974740 -0.2532890 
254 0.8537400 0.2659680 -0.4476480 -0.1811070 -0.2598820 0.9626210 0.0762981 -0.1682130 0.4512080 0.0511972 0.8909490 -0.2531980 
255 0.8477620 0.2714880 -0.4556250 -0.1811060 -0.2634160 0.9611410 0.0825778 -0.1682290 0.4603390 0.0500127 0.8863330 -0.2530680 
256 0.8424690 0.2738620 -0.4639460 -0.1810820 -0.2634210 0.9605950 0.0886892 -0.1682350 0.4699530 0.0474953 0.8814130 -0.2530300 
257 0.8376550 0.2772860 -0.4705810 -0.1811470 -0.2639700 0.9597750 0.0956617 -0.1682470 0.4781780 0.0440880 0.8771560 -0.2528380 
258 0.8312030 0.2821880 -0.4790310 -0.1811850 -0.2655430 0.9584880 0.1038640 -0.1682320 0.4884550 0.0408715 0.8716320 -0.2527080 
259 0.8259870 0.2785370 -0.4900640 -0.1809470 -0.2555090 0.9599480 0.1149530 -0.1682290 0.5024550 0.0302664 0.8640740 -0.2529180 
260 0.8195330 0.2687280 -0.5061130 -0.1810520 -0.2399120 0.9629920 0.1228340 -0.1681760 0.5203920 0.0207560 0.8536750 -0.2527080 
261 0.8119500 0.2481320 -0.5283630 -0.1811430 -0.2119390 0.9687010 0.1292310 -0.1681740 0.5438920 0.0070514 0.8391260 -0.2523570 
262 0.8081370 0.2258870 -0.5439580 -0.1809060 -0.1832610 0.9741270 0.1322570 -0.1683310 0.5597590 -0.0071953 0.8286240 -0.2525400 
263 0.8019050 0.2008060 -0.5626950 -0.1809600 -0.1513980 0.9793820 0.1337480 -0.1685340 0.5779510 -0.0220626 0.8157730 -0.2517510 
264 0.8012870 0.1677870 -0.5742700 -0.1807720 -0.1141220 0.9851100 0.1285890 -0.1684480 0.5872940 -0.0375003 0.8085040 -0.2521120 
265 0.7968760 0.1340520 -0.5890830 -0.1809740 -0.0734728 0.9893380 0.1257450 -0.1685790 0.5996590 -0.0569214 0.7982290 -0.2514950 
266 0.7929420 0.0908627 -0.6024840 -0.1810500 -0.0261166 0.9929780 0.1153820 -0.1687620 0.6087380 -0.0757561 0.7897470 -0.2508060 
267 0.7962440 0.0672655 -0.6012240 -0.1811190 -0.0055563 0.9945710 0.1039150 -0.1688080 0.6049500 -0.0794012 0.7922950 -0.2506230 
268 0.8048720 0.0482529 -0.5914840 -0.1814960 0.0107181 0.9953440 0.0957843 -0.1688400 0.5933520 -0.0834337 0.8006070 -0.2500310 
269 0.8211150 0.0375395 -0.5695270 -0.1817800 0.0110745 0.9965990 0.0816559 -0.1689020 0.5706560 -0.0733561 0.8179060 -0.2497360 
270 0.8395340 0.0307545 -0.5424360 -0.1819420 0.0089278 0.9974810 0.0703719 -0.1689840 0.5432340 -0.0639224 0.8371450 -0.2492680 
271 0.8667380 0.0229923 -0.4982330 -0.1826030 0.0064661 0.9983350 0.0573195 -0.1691160 0.4987220 -0.0529027 0.8651460 -0.2480160 
272 0.8879450 0.0217924 -0.4594330 -0.1829110 -0.0019315 0.9990450 0.0436548 -0.1690910 0.4599450 -0.0378757 0.8871390 -0.2477640 
273 0.9036260 0.0229404 -0.4277080 -0.1828390 -0.0102589 0.9994370 0.0319312 -0.1693180 0.4282000 -0.0244660 0.9033530 -0.2474540 
274 0.9191400 0.0211514 -0.3933620 -0.1834940 -0.0171008 0.9997590 0.0137996 -0.1692690 0.3935590 -0.0059569 0.9192800 -0.2467060 
275 0.9323180 0.0170772 -0.3612360 -0.1842840 -0.0200100 0.9997900 -0.0043794 -0.1694240 0.3610850 0.0113114 0.9324640 -0.2454000 
276 0.9371570 0.0157394 -0.3485530 -0.1844910 -0.0216648 0.9996790 -0.0131086 -0.1694480 0.3482350 0.0198362 0.9371970 -0.2450430 
277 0.9483900 0.0105566 -0.3169300 -0.1853000 -0.0210420 0.9993380 -0.0296798 -0.1693660 0.3164070 0.0348169 0.9479850 -0.2440000 
278 0.9555090 0.0068521 -0.2948820 -0.1868350 -0.0205723 0.9988440 -0.0434506 -0.1692700 0.2942440 0.0475839 0.9545450 -0.2416640 
279 0.9623580 0.0079270 -0.2716700 -0.1870510 -0.0239414 0.9981610 -0.0556843 -0.1697710 0.2707290 0.0600924 0.9607780 -0.2394920 
280 0.9706710 0.0239723 -0.2392150 -0.1877960 -0.0431926 0.9962150 -0.0754312 -0.1695880 0.2365010 0.0835512 0.9680320 -0.2391140 
281 0.9739470 0.0348512 -0.2240830 -0.1890150 -0.0549002 0.9949630 -0.0838717 -0.1692340 0.2200310 0.0939887 0.9709540 -0.2381250 
282 0.9785360 0.0571714 -0.1979850 -0.1899880 -0.0775571 0.9922790 -0.0967874 -0.1687540 0.1909230 0.1100650 0.9754150 -0.2388090 
283 0.9814510 0.0732668 -0.1771630 -0.1910330 -0.0924035 0.9904540 -0.1022910 -0.1684170 0.1679770 0.1167640 0.9788510 -0.2386680 
284 0.9829840 0.0838088 -0.1634560 -0.1922220 -0.1017020 0.9893270 -0.1043540 -0.1679580 0.1529660 0.1192020 0.9810160 -0.2374440 
285 0.9852230 0.1020940 -0.1375250 -0.1930960 -0.1179450 0.9866250 -0.1125150 -0.1675940 0.1241980 0.1270730 0.9840870 -0.2360980 
286 0.9859470 0.1082830 -0.1272140 -0.1936340 -0.1232720 0.9855060 -0.1165450 -0.1674470 0.1127500 0.1305890 0.9850040 -0.2366950 
287 0.9865640 0.1234030 -0.1070630 -0.1944880 -0.1360020 0.9834520 -0.1196880 -0.1671910 0.0905214 0.1326410 0.9870220 -0.2364480 
288 0.9865620 0.1309230 -0.0977490 -0.1951090 -0.1426450 0.9819080 -0.1245370 -0.1661310 0.0796757 0.1368070 0.9873880 -0.2369810 
289 0.9870400 0.1403680 -0.0777754 -0.1954150 -0.1500190 0.9791950 -0.1366460 -0.1660040 0.0569766 0.1465430 0.9875620 -0.2368040 
290 0.9867320 0.1502840 -0.0614319 -0.1970040 -0.1576360 0.9773850 -0.1409620 -0.1655160 0.0388582 0.1487760 0.9881070 -0.2387810 
291 0.9863780 0.1556960 -0.0530793 -0.1967490 -0.1618590 0.9761920 -0.1444010 -0.1654430 0.0293328 0.1510260 0.9880950 -0.2375930 
292 0.9860960 0.1605300 -0.0429472 -0.1984500 -0.1652250 0.9747500 -0.1502090 -0.1643140 0.0177497 0.1552170 0.9877210 -0.2406380 
293 0.9851440 0.1702680 -0.0223426 -0.1998600 -0.1716680 0.9729860 -0.1543660 -0.1630250 -0.0045446 0.1559080 0.9877610 -0.2454990 
294 0.9847220 0.1735550 -0.0142157 -0.1994020 -0.1736390 0.9724640 -0.1554470 -0.1629420 -0.0131544 0.1555400 0.9877420 -0.2436570 
295 0.9832290 0.1823690 0.0013346 -0.2000700 -0.1797070 0.9700720 -0.1632960 -0.1621140 -0.0310747 0.1603170 0.9865760 -0.2444390 
296 0.9822010 0.1875890 0.0095578 -0.2001530 -0.1834080 0.9688040 -0.1666760 -0.1620090 -0.0405264 0.1619570 0.9859650 -0.2448240 
297 0.9814860 0.1906230 0.0186686 -0.2005790 -0.1847560 0.9679420 -0.1701560 -0.1619110 -0.0505056 0.1635570 0.9852400 -0.2467380 
298 0.9809790 0.1930820 0.0199948 -0.2000030 -0.1867910 0.9669720 -0.1734180 -0.1610890 -0.0528184 0.1663850 0.9846450 -0.2476450 
299 0.9804910 0.1941380 0.0307904 -0.1995070 -0.1855510 0.9658250 -0.1809770 -0.1609490 -0.0648725 0.1717330 0.9830050 -0.2494130 
300 0.9810770 0.1910840 0.0312332 -0.1991490 -0.1823860 0.9662000 -0.1821890 -0.1610370 -0.0649909 0.1730440 0.9827670 -0.2496780 
301 0.9813300 0.1887670 0.0368493 -0.1995550 -0.1783960 0.9649710 -0.1923690 -0.1601620 -0.0718714 0.1822040 0.9806310 -0.2501970 
302 0.9813060 0.1873150 0.0441884 -0.1997090 -0.1752600 0.9646180 -0.1969670 -0.1600010 -0.0795197 0.1855400 0.9794140 -0.2511480 
303 0.9824830 0.1791080 0.0514542 -0.1994780 -0.1652720 0.9650350 -0.2034510 -0.1600850 -0.0860949 0.1913830 0.9777320 -0.2528510 
304 0.9828660 0.1756160 0.0559741 -0.1997710 -0.1607040 0.9651870 -0.2063690 -0.1599220 -0.0902671 0.1938370 0.9768720 -0.2533220 
305 0.9831570 0.1719280 0.0619859 -0.2000470 -0.1556470 0.9654340 -0.2090730 -0.1597510 -0.0957888 0.1959030 0.9759340 -0.2541020 
306 0.9837280 0.1624140 0.0768116 -0.2003970 -0.1427170 0.9661220 -0.2150350 -0.1593880 -0.1091340 0.2005730 0.9735810 -0.2550210 
307 0.9830170 0.1605920 0.0888105 -0.2005940 -0.1381810 0.9661970 -0.2176450 -0.1591290 -0.1207610 0.2016770 0.9719790 -0.2560400 
