1 0.3337770 -0.0212881 0.9424120 -0.1856840 0.1711070 0.9845050 -0.0383624 -0.1684240 -0.9269930 0.1740580 0.3322470 -0.3019380 
2 0.3347740 -0.0236742 0.9420010 -0.1854080 0.1725340 0.9843240 -0.0365784 -0.1684460 -0.9263680 0.1747730 0.3336110 -0.3019730 
3 0.3355340 -0.0259486 0.9416710 -0.1852540 0.1737920 0.9841670 -0.0348055 -0.1683950 -0.9258580 0.1753330 0.3347310 -0.3019590 
4 0.3367370 -0.0294345 0.9411390 -0.1850210 0.1745380 0.9841410 -0.0316698 -0.1684240 -0.9252810 0.1749290 0.3365340 -0.3019560 
5 0.3354330 -0.0394007 0.9412400 -0.1844360 0.1801430 0.9833710 -0.0230339 -0.1685310 -0.9246800 0.1772840 0.3369530 -0.3018800 
6 0.3347780 -0.0404667 0.9414280 -0.1839450 0.1839970 0.9826530 -0.0231920 -0.1686470 -0.9241580 0.1809840 0.3364170 -0.3016140 
7 0.3371050 -0.0403281 0.9406030 -0.1837430 0.1846610 0.9825080 -0.0240565 -0.1685650 -0.9231800 0.1818030 0.3386550 -0.3017750 
8 0.3358820 -0.0448331 0.9408360 -0.1827920 0.1830760 0.9829240 -0.0185202 -0.1688590 -0.9239410 0.1784650 0.3383550 -0.3014800 
9 0.3380940 -0.0429162 0.9401330 -0.1823730 0.1844240 0.9826120 -0.0214680 -0.1688470 -0.9228650 0.1806420 0.3401300 -0.3014900 
10 0.3350690 -0.0411118 0.9412960 -0.1811320 0.1780050 0.9838180 -0.0203947 -0.1693010 -0.9252260 0.1743890 0.3369650 -0.3012290 
11 0.3360930 -0.0310906 0.9413150 -0.1802970 0.1782120 0.9834990 -0.0311459 -0.1694570 -0.9248150 0.1782210 0.3360880 -0.3008180 
12 0.3414970 -0.0234147 0.9395910 -0.1800360 0.1750040 0.9837910 -0.0390894 -0.1693110 -0.9234470 0.1777810 0.3400590 -0.3011220 
13 0.3378590 -0.0327839 0.9406260 -0.1786930 0.1722510 0.9846680 -0.0275512 -0.1694720 -0.9253000 0.1713320 0.3383260 -0.3011890 
14 0.3345220 -0.0383357 0.9416080 -0.1778870 0.1744040 0.9844310 -0.0218808 -0.1698750 -0.9261090 0.1715400 0.3360000 -0.3009600 
15 0.3309250 -0.0389562 0.9428530 -0.1771030 0.1783490 0.9837220 -0.0219526 -0.1699640 -0.9266500 0.1754220 0.3324860 -0.3009370 
16 0.3158430 -0.0487642 0.9475570 -0.1756210 0.1835410 0.9829550 -0.0105926 -0.1701420 -0.9308900 0.1772610 0.3194100 -0.3008080 
17 0.3046580 -0.0530912 0.9509810 -0.1746570 0.1867950 0.9823860 -0.0049975 -0.1704890 -0.9339650 0.1791610 0.3092090 -0.3004810 
18 0.2945550 -0.0505978 0.9542940 -0.1737170 0.1914730 0.9814720 -0.0070619 -0.1708680 -0.9362560 0.1848020 0.2987860 -0.3000910 
19 0.2876990 -0.0470750 0.9565630 -0.1727620 0.1984700 0.9800400 -0.0114621 -0.1709930 -0.9369310 0.1931470 0.2912990 -0.2999210 
20 0.2732590 -0.0558935 0.9603150 -0.1712860 0.2124250 0.9771710 -0.0035712 -0.1712910 -0.9381930 0.2049710 0.2788940 -0.2995700 
21 0.2660640 -0.0571534 0.9622600 -0.1703120 0.2163200 0.9763210 -0.0018237 -0.1716640 -0.9393700 0.2086410 0.2721270 -0.2992610 
22 0.2607740 -0.0551776 0.9638220 -0.1696860 0.2176080 0.9760320 -0.0029999 -0.1718220 -0.9405550 0.2105170 0.2665310 -0.2989770 
23 0.2547790 -0.0592657 0.9651810 -0.1680250 0.2167550 0.9762220 0.0027267 -0.1722050 -0.9423930 0.2085140 0.2615670 -0.2985290 
24 0.2507960 -0.0596269 0.9662020 -0.1668860 0.2209380 0.9752840 0.0028388 -0.1725670 -0.9424900 0.2127590 0.2577710 -0.2981000 
25 0.2519740 -0.0579978 0.9659940 -0.1663470 0.2210080 0.9752720 0.0009061 -0.1726680 -0.9421590 0.2132640 0.2585610 -0.2979070 
26 0.2564120 -0.0628648 0.9645210 -0.1649330 0.2210950 0.9752410 0.0047867 -0.1728880 -0.9409410 0.2120230 0.2639630 -0.2974390 
27 0.2593260 -0.0655050 0.9635660 -0.1641890 0.2253680 0.9742580 0.0055783 -0.1730940 -0.9391270 0.2157100 0.2674130 -0.2972820 
28 0.2627350 -0.0676746 0.9624920 -0.1635220 0.2264400 0.9740020 0.0066717 -0.1731160 -0.9379210 0.2161940 0.2712290 -0.2971250 
29 0.2668650 -0.0731615 0.9609530 -0.1620590 0.2243580 0.9744340 0.0118816 -0.1733570 -0.9372550 0.2124270 0.2764570 -0.2968300 
30 0.2705260 -0.0748315 0.9598000 -0.1612220 0.2190770 0.9756030 0.0143152 -0.1735850 -0.9374550 0.2063980 0.2803190 -0.2966800 
31 0.2741660 -0.0729232 0.9589140 -0.1605370 0.2153710 0.9764500 0.0126795 -0.1736200 -0.9372560 0.2030460 0.2834150 -0.2965630 
32 0.2826130 -0.0767431 0.9561590 -0.1599720 0.2139320 0.9767310 0.0151621 -0.1737190 -0.9350740 0.2002680 0.2924540 -0.2968500 
33 0.2903020 -0.0773473 0.9538040 -0.1583720 0.2127050 0.9770090 0.0144899 -0.1742040 -0.9329960 0.1986720 0.3000790 -0.2966930 
34 0.3034290 -0.0701578 0.9502680 -0.1575110 0.2081460 0.9780810 0.0057482 -0.1742040 -0.9298420 0.1960510 0.3113810 -0.2971300 
35 0.3081550 -0.0644082 0.9491530 -0.1568130 0.2031060 0.9791570 0.0005032 -0.1740930 -0.9294020 0.1926240 0.3148140 -0.2968820 
36 0.3129520 -0.0681258 0.9473230 -0.1551190 0.1940050 0.9809790 0.0064560 -0.1738590 -0.9297440 0.1817650 0.3202160 -0.2968570 
37 0.3140950 -0.0690730 0.9468750 -0.1541640 0.1962930 0.9805240 0.0064138 -0.1743100 -0.9288770 0.1838500 0.3215370 -0.2968910 
38 0.3178710 -0.0605335 0.9462000 -0.1534540 0.1936650 0.9810650 -0.0022966 -0.1744110 -0.9281440 0.1839760 0.3235750 -0.2968900 
39 0.3169250 -0.0521966 0.9470130 -0.1524570 0.1823210 0.9832150 -0.0068230 -0.1740820 -0.9307620 0.1748230 0.3211220 -0.2965690 
40 0.3165860 -0.0494775 0.9472720 -0.1506470 0.1851810 0.9826480 -0.0105638 -0.1742660 -0.9303120 0.1787610 0.3202550 -0.2965200 
41 0.3160160 -0.0416141 0.9478410 -0.1499410 0.1869560 0.9821800 -0.0192108 -0.1743220 -0.9301510 0.1832760 0.3181650 -0.2965740 
42 0.3144210 -0.0366496 0.9485760 -0.1493500 0.1881970 0.9818270 -0.0244468 -0.1742990 -0.9304410 0.1862060 0.3156050 -0.2965160 
43 0.3192660 -0.0369055 0.9469460 -0.1482260 0.1851230 0.9824190 -0.0241269 -0.1740340 -0.9294080 0.1830050 0.3204850 -0.2967730 
44 0.3147700 -0.0456122 0.9480710 -0.1473440 0.1886830 0.9819170 -0.0154043 -0.1742000 -0.9302250 0.1837340 0.3176840 -0.2967750 
45 0.3078650 -0.0430749 0.9504550 -0.1457290 0.2033360 0.9788730 -0.0215003 -0.1744180 -0.9294480 0.1998810 0.3101190 -0.2969260 
46 0.3043070 -0.0421445 0.9516410 -0.1452730 0.2045510 0.9786070 -0.0220707 -0.1743780 -0.9303530 0.2013760 0.3064170 -0.2970240 
47 0.3013970 -0.0445831 0.9524560 -0.1445910 0.2096980 0.9775490 -0.0205995 -0.1746070 -0.9301540 0.2059360 0.3039800 -0.2969640 
48 0.3039590 -0.0429083 0.9517180 -0.1437150 0.2143830 0.9764440 -0.0244467 -0.1747990 -0.9282500 0.2114630 0.3059980 -0.2970000 
49 0.3025270 -0.0376575 0.9523970 -0.1432440 0.2140430 0.9763820 -0.0293846 -0.1740710 -0.9287960 0.2127440 0.3034420 -0.2971410 
50 0.2987290 -0.0580250 0.9525720 -0.1421640 0.2195530 0.9755550 -0.0094276 -0.1744700 -0.9287400 0.2119570 0.3041660 -0.2970400 
51 0.3104930 -0.0629199 0.9484910 -0.1407160 0.2169710 0.9761580 -0.0062713 -0.1747680 -0.9254820 0.2077420 0.3167420 -0.2975260 
52 0.3097560 -0.0581503 0.9490360 -0.1399550 0.2154540 0.9764580 -0.0104915 -0.1748580 -0.9260840 0.2077230 0.3149920 -0.2974650 
53 0.3031130 -0.0549200 0.9513710 -0.1386800 0.2098510 0.9776780 -0.0104212 -0.1748150 -0.9295620 0.2028050 0.3078720 -0.2973510 
54 0.2994170 -0.0534287 0.9526250 -0.1377030 0.2158280 0.9763440 -0.0130773 -0.1750820 -0.9293910 0.2095190 0.3038660 -0.2972770 
55 0.2977430 -0.0476300 0.9534570 -0.1373740 0.2148490 0.9764760 -0.0183126 -0.1751010 -0.9301550 0.2103020 0.3009720 -0.2972300 
56 0.2949600 -0.0470096 0.9543530 -0.1368480 0.2099850 0.9775610 -0.0167469 -0.1749750 -0.9321510 0.2053400 0.2982130 -0.2972060 
57 0.2873100 -0.0513200 0.9564620 -0.1351650 0.2080510 0.9780670 -0.0100169 -0.1752950 -0.9349690 0.2018710 0.2916860 -0.2968900 
58 0.2851980 -0.0498969 0.9571690 -0.1345380 0.2065320 0.9783830 -0.0105355 -0.1753190 -0.9359520 0.2006910 0.2893380 -0.2967870 
59 0.2943620 -0.0489567 0.9544390 -0.1333100 0.2002610 0.9796750 -0.0115119 -0.1754190 -0.9344770 0.1945250 0.2981830 -0.2970150 
60 0.2908350 -0.0473519 0.9556010 -0.1324360 0.2021590 0.9792660 -0.0130022 -0.1755500 -0.9351720 0.1969650 0.2943780 -0.2966670 
61 0.2900510 -0.0462195 0.9558940 -0.1318280 0.2044300 0.9787710 -0.0147055 -0.1756590 -0.9349220 0.1996790 0.2933420 -0.2965670 
62 0.2912640 -0.0482756 0.9554240 -0.1312540 0.2130530 0.9769160 -0.0155882 -0.1757980 -0.9326170 0.2080960 0.2948260 -0.2964110 
63 0.2950950 -0.0535907 0.9539640 -0.1298490 0.2181910 0.9758240 -0.0126756 -0.1759690 -0.9302210 0.2118870 0.2996530 -0.2961910 
64 0.2947790 -0.0530860 0.9540900 -0.1288290 0.2199960 0.9754050 -0.0136990 -0.1760430 -0.9298960 0.2139340 0.2992080 -0.2960560 
65 0.2929960 -0.0492265 0.9548450 -0.1282370 0.2223380 0.9748040 -0.0179696 -0.1760920 -0.9299030 0.2175640 0.2965590 -0.2959940 
66 0.2893960 -0.0442167 0.9561880 -0.1276540 0.2177780 0.9757770 -0.0207894 -0.1759170 -0.9321070 0.2142530 0.2920150 -0.2960640 
67 0.2780950 -0.0465758 0.9594240 -0.1273680 0.2180910 0.9758000 -0.0158444 -0.1761690 -0.9354670 0.2136480 0.2815230 -0.2959100 
68 0.2834220 -0.0515884 0.9576070 -0.1262460 0.2147210 0.9766140 -0.0109384 -0.1766360 -0.9346480 0.2087180 0.2878710 -0.2959430 
69 0.2819300 -0.0488363 0.9581910 -0.1258410 0.2103840 0.9775440 -0.0120788 -0.1767770 -0.9360850 0.2049930 0.2858730 -0.2958720 
70 0.2861100 -0.0483454 0.9569760 -0.1252720 0.2050620 0.9786770 -0.0118663 -0.1769100 -0.9359970 0.1996350 0.2899230 -0.2958810 
71 0.2879820 -0.0472438 0.9564700 -0.1251100 0.1943940 0.9808720 -0.0100806 -0.1768910 -0.9376980 0.1888350 0.2916580 -0.2957930 
72 0.2879590 -0.0498208 0.9563460 -0.1246380 0.1899710 0.9817710 -0.0060555 -0.1768660 -0.9386110 0.1834220 0.2921740 -0.2956820 
73 0.2883620 -0.0535624 0.9560220 -0.1240720 0.1900090 0.9817800 -0.0023063 -0.1772550 -0.9384800 0.1823180 0.2932850 -0.2957590 
74 0.2906440 -0.0488528 0.9555830 -0.1236330 0.1850210 0.9827160 -0.0060348 -0.1774950 -0.9387720 0.1785570 0.2946590 -0.2958710 
75 0.2921560 -0.0397976 0.9555420 -0.1234110 0.1766430 0.9841890 -0.0130179 -0.1775230 -0.9399160 0.1725940 0.2945670 -0.2958800 
76 0.2938280 -0.0340786 0.9552510 -0.1231460 0.1757390 0.9842550 -0.0189427 -0.1776430 -0.9395640 0.1734410 0.2951910 -0.2959570 
77 0.2980340 -0.0168973 0.9544060 -0.1222300 0.1610920 0.9863930 -0.0328408 -0.1778290 -0.9408640 0.1635350 0.2967010 -0.2961610 
78 0.2974330 -0.0061789 0.9547230 -0.1222060 0.1612400 0.9859410 -0.0438517 -0.1779370 -0.9410290 0.1669820 0.2942480 -0.2963040 
79 0.3001940 -0.0004327 0.9538780 -0.1221470 0.1587440 0.9860780 -0.0495108 -0.1779970 -0.9405760 0.1662850 0.2960830 -0.2964650 
80 0.3029290 0.0109994 0.9529500 -0.1217880 0.1456380 0.9876540 -0.0576962 -0.1777740 -0.9418190 0.1562640 0.2975870 -0.2966210 
81 0.3000570 0.0151976 0.9538000 -0.1216360 0.1395800 0.9884120 -0.0596598 -0.1776990 -0.9436540 0.1510330 0.2944590 -0.2968310 
82 0.2999830 0.0141129 0.9538400 -0.1215280 0.1429410 0.9879370 -0.0595723 -0.1781260 -0.9431750 0.1542130 0.2943470 -0.2971360 
83 0.3036510 0.0228386 0.9525100 -0.1216820 0.1387380 0.9879970 -0.0679179 -0.1780810 -0.9426280 0.1527730 0.2968380 -0.2974690 
84 0.3036820 0.0280925 0.9523590 -0.1218050 0.1323490 0.9886310 -0.0713649 -0.1779020 -0.9435360 0.1477160 0.2965110 -0.2977600 
85 0.3031080 0.0253899 0.9526180 -0.1218690 0.1316850 0.9889390 -0.0682579 -0.1780330 -0.9438140 0.1461350 0.2964120 -0.2980720 
86 0.3053070 0.0236187 0.9519610 -0.1219550 0.1301480 0.9892760 -0.0662847 -0.1781850 -0.9433180 0.1441330 0.2989590 -0.2984790 
87 0.3078670 0.0279408 0.9510190 -0.1220810 0.1122820 0.9915170 -0.0654790 -0.1779320 -0.9447810 0.1269410 0.3021180 -0.2992060 
88 0.3061170 0.0319697 0.9514570 -0.1219710 0.1022890 0.9925450 -0.0662603 -0.1778260 -0.9464830 0.1176070 0.3005650 -0.2996130 
89 0.3005860 0.0359753 0.9530760 -0.1220140 0.0950870 0.9931790 -0.0674781 -0.1776240 -0.9490030 0.1109080 0.2951150 -0.2999630 
90 0.2966010 0.0306461 0.9545100 -0.1221230 0.1046210 0.9924270 -0.0643732 -0.1776780 -0.9492530 0.1189550 0.2911490 -0.3002590 
91 0.3036770 0.0184480 0.9525970 -0.1224100 0.1257160 0.9902950 -0.0592549 -0.1780010 -0.9444450 0.1377510 0.2984100 -0.3007390 
92 0.3136650 0.0122033 0.9494550 -0.1228520 0.1333240 0.9894460 -0.0567628 -0.1780870 -0.9401270 0.1443900 0.3087280 -0.3012760 
93 0.3192350 0.0134036 0.9475810 -0.1225170 0.1261890 0.9903950 -0.0565214 -0.1778030 -0.9392370 0.1376180 0.3144770 -0.3016470 
94 0.3140700 0.0206874 0.9491740 -0.1219060 0.1129210 0.9918520 -0.0589815 -0.1774460 -0.9426610 0.1257060 0.3091750 -0.3019500 
95 0.3054100 0.0187742 0.9520360 -0.1220690 0.1164400 0.9915660 -0.0569073 -0.1775830 -0.9450750 0.1282350 0.3006480 -0.3022300 
96 0.3051280 0.0116546 0.9522400 -0.1220970 0.1304540 0.9899870 -0.0539181 -0.1776530 -0.9433340 0.1406750 0.3005520 -0.3025350 
97 0.3080720 0.0036935 0.9513560 -0.1221350 0.1454150 0.9880590 -0.0509247 -0.1777690 -0.9401840 0.1540300 0.3038560 -0.3029050 
98 0.3112640 0.0008976 0.9503230 -0.1220490 0.1580290 0.9860280 -0.0526914 -0.1778230 -0.9370920 0.1665800 0.3067730 -0.3032770 
99 0.3141050 0.0026449 0.9493850 -0.1220190 0.1626810 0.9850560 -0.0565675 -0.1777270 -0.9353460 0.1722150 0.3089810 -0.3036050 
100 0.3074590 0.0129982 0.9514730 -0.1218270 0.1622790 0.9845430 -0.0658888 -0.1775290 -0.9376220 0.1746620 0.3005970 -0.3041290 
101 0.3065860 0.0091835 0.9517990 -0.1218720 0.1741610 0.9825310 -0.0655794 -0.1778260 -0.9357740 0.1858720 0.2996310 -0.3044600 
102 0.3117060 0.0074448 0.9501490 -0.1218580 0.1842090 0.9805240 -0.0681144 -0.1780210 -0.9321510 0.1962580 0.3042640 -0.3048030 
103 0.3185170 0.0100579 0.9478640 -0.1216120 0.1875270 0.9795120 -0.0734096 -0.1780650 -0.9291830 0.2011320 0.3101050 -0.3051020 
104 0.3231040 0.0167585 0.9462150 -0.1214340 0.1844800 0.9795470 -0.0803433 -0.1779820 -0.9282080 0.2005170 0.3134040 -0.3053730 
105 0.3234770 0.0249101 0.9459080 -0.1213020 0.1764670 0.9805280 -0.0861691 -0.1778420 -0.9296350 0.1947950 0.3127820 -0.3055620 
106 0.3204840 0.0276111 0.9468510 -0.1212360 0.1695020 0.9817700 -0.0860012 -0.1777690 -0.9319650 0.1880550 0.3099610 -0.3057100 
107 0.3232320 0.0218115 0.9460680 -0.1209910 0.1714200 0.9818460 -0.0812033 -0.1780930 -0.9306640 0.1884220 0.3136250 -0.3059920 
108 0.3310810 0.0196366 0.9433980 -0.1208640 0.1749360 0.9811750 -0.0818159 -0.1783210 -0.9272450 0.1921220 0.3214130 -0.3062500 
109 0.3409010 0.0210336 0.9398640 -0.1206360 0.1753870 0.9807740 -0.0855645 -0.1783330 -0.9235940 0.1940090 0.3306580 -0.3064070 
110 0.3496120 0.0242299 0.9365810 -0.1203570 0.1722660 0.9809590 -0.0896825 -0.1783850 -0.9209210 0.1926960 0.3387810 -0.3066240 
111 0.3555330 0.0296653 0.9341930 -0.1201850 0.1665600 0.9814870 -0.0945561 -0.1784370 -0.9197030 0.1892170 0.3440110 -0.3067940 
112 0.3621210 0.0329227 0.9315490 -0.1200660 0.1628880 0.9817640 -0.0980168 -0.1785160 -0.9177880 0.1872320 0.3501550 -0.3069280 
113 0.3801580 0.0387511 0.9241090 -0.1195030 0.1522780 0.9828660 -0.1038590 -0.1783230 -0.9123000 0.1802050 0.3677440 -0.3071300 
114 0.3842730 0.0377006 0.9224490 -0.1194090 0.1501650 0.9833080 -0.1027440 -0.1783200 -0.9109250 0.1780010 0.3721970 -0.3073070 
115 0.3881030 0.0331043 0.9210210 -0.1191840 0.1542100 0.9829330 -0.1003110 -0.1785310 -0.9086230 0.1809620 0.3763740 -0.3074210 
116 0.3960750 0.0325676 0.9176410 -0.1190880 0.1628710 0.9810320 -0.1051160 -0.1787430 -0.9036580 0.1910910 0.3832580 -0.3077300 
117 0.4035180 0.0385361 0.9141600 -0.1189790 0.1620470 0.9803090 -0.1128530 -0.1789800 -0.9005080 0.1936750 0.3893270 -0.3080060 
118 0.4095080 0.0565704 0.9105510 -0.1186230 0.1573610 0.9787360 -0.1315770 -0.1787560 -0.8986330 0.1971670 0.3918980 -0.3081050 
119 0.4147460 0.0638227 0.9076960 -0.1187990 0.1601270 0.9768510 -0.1418510 -0.1784630 -0.8957370 0.2041790 0.3949260 -0.3083510 
120 0.4233630 0.0596671 0.9039930 -0.1191500 0.1639270 0.9763130 -0.1412120 -0.1783360 -0.8910060 0.2079730 0.4035540 -0.3085510 
121 0.4358030 0.0555628 0.8983250 -0.1187190 0.1644620 0.9763720 -0.1401750 -0.1784110 -0.8848890 0.2088300 0.4163680 -0.3087220 
122 0.4431000 0.0552015 0.8947710 -0.1187920 0.1630070 0.9765030 -0.1409660 -0.1783380 -0.8815280 0.2083160 0.4236900 -0.3089010 
123 0.4527370 0.0532594 0.8900520 -0.1183480 0.1615620 0.9767910 -0.1406300 -0.1783790 -0.8768850 0.2074670 0.4336250 -0.3090300 
124 0.4588910 0.0549089 0.8867940 -0.1183310 0.1606680 0.9765060 -0.1436050 -0.1785020 -0.8738450 0.2083780 0.4392870 -0.3092440 
125 0.4692800 0.0556494 0.8812940 -0.1188450 0.1665160 0.9745310 -0.1502050 -0.1784970 -0.8672070 0.2172380 0.4480620 -0.3098720 
126 0.4805160 0.0532930 0.8753650 -0.1190680 0.1671750 0.9742830 -0.1510830 -0.1783640 -0.8609040 0.2189370 0.4592490 -0.3101550 
127 0.4923760 0.0486850 0.8690200 -0.1189770 0.1702040 0.9737730 -0.1509890 -0.1783450 -0.8535780 0.2222540 0.4711760 -0.3103330 
128 0.5091030 0.0446973 0.8595440 -0.1186680 0.1727420 0.9730250 -0.1529120 -0.1782070 -0.8431930 0.2263270 0.4876490 -0.3107310 
129 0.5229810 0.0441520 0.8512000 -0.1184740 0.1691180 0.9734270 -0.1543990 -0.1781010 -0.8353980 0.2247010 0.5016170 -0.3109200 
130 0.5343000 0.0450781 0.8440920 -0.1186040 0.1655390 0.9736610 -0.1567820 -0.1779440 -0.8289270 0.2234990 0.5127650 -0.3111360 
131 0.5469490 0.0471216 0.8358390 -0.1187470 0.1564050 0.9750840 -0.1573180 -0.1777820 -0.8224260 0.2167740 0.5259510 -0.3114120 
132 0.5587260 0.0484679 0.8279350 -0.1188520 0.1468380 0.9767380 -0.1562710 -0.1777010 -0.8162500 0.2088850 0.5386120 -0.3116590 
133 0.5700060 0.0496065 0.8201420 -0.1189760 0.1412520 0.9773980 -0.1572900 -0.1775360 -0.8094080 0.2055030 0.5501160 -0.3119380 
134 0.5810040 0.0452605 0.8126410 -0.1191880 0.1423440 0.9774140 -0.1562080 -0.1775420 -0.8013570 0.2064320 0.5614390 -0.3122710 
135 0.5947570 0.0406153 0.8028790 -0.1195320 0.1479700 0.9761280 -0.1589930 -0.1775510 -0.7901700 0.2133640 0.5745500 -0.3127100 
136 0.6104980 0.0412386 0.7909430 -0.1197570 0.1503660 0.9744460 -0.1668680 -0.1774020 -0.7776130 0.2208040 0.5886970 -0.3132020 
137 0.6236650 0.0370525 0.7808130 -0.1201170 0.1537990 0.9735350 -0.1690430 -0.1771030 -0.7664120 0.2255140 0.6014620 -0.3138950 
138 0.6384460 0.0247364 0.7692690 -0.1205110 0.1634510 0.9723280 -0.1669200 -0.1770900 -0.7521110 0.2323070 0.6167360 -0.3143670 
139 0.6548230 0.0198524 0.7555220 -0.1207420 0.1677170 0.9709130 -0.1708750 -0.1769540 -0.7369380 0.2386070 0.6324460 -0.3148360 
140 0.6655680 0.0227776 0.7459890 -0.1207110 0.1609850 0.9716230 -0.1732970 -0.1767950 -0.7287680 0.2354350 0.6430150 -0.3153290 
141 0.6645500 0.0330151 0.7465140 -0.1209250 0.1491260 0.9730670 -0.1757870 -0.1766990 -0.7322120 0.2281440 0.6417290 -0.3157070 
142 0.6594620 0.0338957 0.7509730 -0.1210940 0.1455850 0.9743110 -0.1718210 -0.1766980 -0.7375060 0.2226400 0.6375870 -0.3159810 
143 0.6593320 0.0270490 0.7513650 -0.1210110 0.1510080 0.9742240 -0.1675830 -0.1767010 -0.7365310 0.2239550 0.6382520 -0.3160790 
144 0.6603150 0.0276088 0.7504810 -0.1211620 0.1509510 0.9740490 -0.1686490 -0.1766640 -0.7356610 0.2246480 0.6390120 -0.3162680 
145 0.6632020 0.0301396 0.7478330 -0.1212550 0.1496280 0.9736780 -0.1719370 -0.1767000 -0.7333310 0.2259260 0.6412350 -0.3163520 
146 0.6672550 0.0360103 0.7439580 -0.1215360 0.1473500 0.9727080 -0.1792410 -0.1766160 -0.7301080 0.2292220 0.6437390 -0.3168510 
147 0.6690090 0.0383373 0.7422650 -0.1217630 0.1454660 0.9726020 -0.1813430 -0.1765370 -0.7288810 0.2292940 0.6451020 -0.3172210 
148 0.6723460 0.0419150 0.7390490 -0.1220200 0.1408730 0.9729040 -0.1833370 -0.1764080 -0.7267090 0.2273780 0.6482240 -0.3176430 
149 0.6771660 0.0440407 0.7345110 -0.1221170 0.1369690 0.9732170 -0.1846290 -0.1764000 -0.7229700 0.2256300 0.6529970 -0.3178010 
150 0.6816150 0.0431697 0.7304370 -0.1222080 0.1369170 0.9731010 -0.1852770 -0.1763390 -0.7187870 0.2262970 0.6573700 -0.3179220 
151 0.6867280 0.0385984 0.7258890 -0.1223260 0.1384890 0.9733520 -0.1827740 -0.1764260 -0.7136010 0.2260440 0.6630820 -0.3180330 
152 0.6942070 0.0392730 0.7187040 -0.1222440 0.1406470 0.9718600 -0.1889590 -0.1764670 -0.7059010 0.2322600 0.6691480 -0.3179190 
153 0.6982160 0.0467062 0.7143620 -0.1223470 0.1378060 0.9704380 -0.1981400 -0.1763750 -0.7024990 0.2367880 0.6711380 -0.3182530 
154 0.6951690 0.0554265 0.7167060 -0.1224680 0.1299150 0.9709180 -0.2010980 -0.1762640 -0.7070090 0.2329080 0.6677520 -0.3184930 
155 0.6933410 0.0558923 0.7184390 -0.1224060 0.1267610 0.9719810 -0.1979500 -0.1764070 -0.7093730 0.2283170 0.6668290 -0.3183150 
156 0.6978510 0.0664059 0.7131580 -0.1223550 0.1178790 0.9714670 -0.2058070 -0.1764730 -0.7064760 0.2276890 0.6701110 -0.3180860 
157 0.7036700 0.0804469 0.7059580 -0.1222710 0.1079000 0.9699480 -0.2180800 -0.1764880 -0.7022870 0.2296290 0.6738430 -0.3180130 
158 0.7067500 0.0977777 0.7006740 -0.1222320 0.0976118 0.9674530 -0.2334650 -0.1764960 -0.7006970 0.2333950 0.6742040 -0.3179370 
159 0.7088830 0.1069930 0.6971640 -0.1223480 0.0949658 0.9649490 -0.2446510 -0.1764590 -0.6989040 0.2396360 0.6738750 -0.3181220 
160 0.7161720 0.1033480 0.6902290 -0.1225650 0.1005700 0.9633720 -0.2485960 -0.1764470 -0.6906390 0.2474530 0.6795470 -0.3181850 
161 0.7294430 0.1021510 0.6763720 -0.1225980 0.1015600 0.9616550 -0.2547650 -0.1765080 -0.6764610 0.2545290 0.6910980 -0.3180160 
162 0.7442350 0.1018600 0.6601050 -0.1226530 0.1033220 0.9588490 -0.2644500 -0.1764940 -0.6598780 0.2650170 0.7030840 -0.3183180 
163 0.7539930 0.1039640 0.6486030 -0.1227600 0.1008620 0.9573640 -0.2707060 -0.1764600 -0.6490930 0.2695300 0.7113600 -0.3186130 
164 0.7597420 0.1062970 0.6414770 -0.1227040 0.0964210 0.9572220 -0.2728160 -0.1764640 -0.6430360 0.2691220 0.7169930 -0.3187310 
165 0.7633070 0.1125950 0.6361490 -0.1225700 0.0922243 0.9556190 -0.2797980 -0.1765260 -0.6394200 0.2722400 0.7190470 -0.3186330 
166 0.7657180 0.1227910 0.6313470 -0.1226840 0.0866510 0.9529630 -0.2904350 -0.1764560 -0.6373130 0.2770980 0.7190610 -0.3188230 
167 0.7689990 0.1293090 0.6260350 -0.1228860 0.0828430 0.9509100 -0.2981750 -0.1764950 -0.6338600 0.2811580 0.7205360 -0.3189030 
168 0.7689970 0.1293060 0.6260380 -0.1228860 0.0828454 0.9509110 -0.2981710 -0.1764950 -0.6338620 0.2811570 0.7205350 -0.3189030 
169 0.7747760 0.1332560 0.6180330 -0.1230370 0.0812912 0.9484250 -0.3064010 -0.1764460 -0.6269870 0.2876330 0.7239850 -0.3191230 
170 0.7802050 0.1330670 0.6112060 -0.1232650 0.0815279 0.9471440 -0.3102750 -0.1763030 -0.6201880 0.2919090 0.7281190 -0.3195160 
171 0.7862870 0.1271230 0.6046420 -0.1235700 0.0842488 0.9474060 -0.3087470 -0.1763320 -0.6120900 0.2937040 0.7342230 -0.3197420 
172 0.7942270 0.1252220 0.5945780 -0.1236240 0.0840855 0.9464680 -0.3116520 -0.1762890 -0.6017750 0.2975180 0.7411820 -0.3199490 
173 0.8004040 0.1313670 0.5848890 -0.1238720 0.0761805 0.9454920 -0.3166100 -0.1761190 -0.5946000 0.2979730 0.7467680 -0.3202530 
174 0.8003130 0.1314930 0.5849860 -0.1238980 0.0760971 0.9454900 -0.3166340 -0.1761070 -0.5947340 0.2979220 0.7466820 -0.3202510 
175 0.8068780 0.1338520 0.5753540 -0.1241570 0.0682454 0.9463460 -0.3158680 -0.1760090 -0.5867630 0.2941320 0.7544500 -0.3205360 
176 0.8142160 0.1303830 0.5657330 -0.1242740 0.0656504 0.9475280 -0.3128590 -0.1760020 -0.5768390 0.2918750 0.7629320 -0.3208090 
177 0.8204990 0.1287420 0.5569610 -0.1245670 0.0615655 0.9487410 -0.3099990 -0.1757440 -0.5683220 0.2886440 0.7705160 -0.3212650 
178 0.8269100 0.1290490 0.5473260 -0.1249460 0.0514037 0.9518890 -0.3021000 -0.1755350 -0.5599790 0.2779440 0.7804940 -0.3219300 
179 0.8334840 0.1260720 0.5379690 -0.1249100 0.0446823 0.9550550 -0.2930420 -0.1756930 -0.5507340 0.2682840 0.7903900 -0.3218690 
180 0.8337730 0.1256690 0.5376150 -0.1250320 0.0450387 0.9550240 -0.2930890 -0.1756190 -0.5502670 0.2685830 0.7906130 -0.3219960 
181 0.8402400 0.1257140 0.5274400 -0.1251580 0.0381825 0.9566170 -0.2888350 -0.1755610 -0.5408690 0.2628290 0.7989880 -0.3222980 
182 0.8462840 0.1258740 0.5176480 -0.1254700 0.0308326 0.9584830 -0.2834770 -0.1754470 -0.5318390 0.2558620 0.8072680 -0.3227090 
183 0.8533400 0.1252810 0.5060780 -0.1256090 0.0238773 0.9602890 -0.2779840 -0.1754120 -0.5208070 0.2492980 0.8164620 -0.3229700 
184 0.8533370 0.1252900 0.5060820 -0.1256100 0.0238721 0.9602870 -0.2779890 -0.1754110 -0.5208130 0.2493000 0.8164580 -0.3229680 
185 0.8599980 0.1231200 0.4952220 -0.1256800 0.0197602 0.9616950 -0.2734090 -0.1753890 -0.5099150 0.2449160 0.8246230 -0.3232280 
186 0.8661030 0.1175080 0.4858580 -0.1258250 0.0203870 0.9628640 -0.2692180 -0.1752890 -0.4994500 0.2430750 0.8315430 -0.3236140 
187 0.8714750 0.1162440 0.4764650 -0.1260510 0.0178439 0.9633460 -0.2676670 -0.1752320 -0.4901150 0.2417670 0.8374580 -0.3238600 
188 0.8775680 0.1124600 0.4660770 -0.1262250 0.0175309 0.9639260 -0.2655940 -0.1751250 -0.4791320 0.2412470 0.8439380 -0.3243600 
189 0.8775690 0.1124570 0.4660750 -0.1262250 0.0175350 0.9639240 -0.2655980 -0.1751240 -0.4791290 0.2412540 0.8439380 -0.3243590 
190 0.8830370 0.1111850 0.4559420 -0.1263200 0.0148895 0.9644040 -0.2640140 -0.1750740 -0.4690670 0.2399230 0.8499490 -0.3246050 
191 0.8873530 0.1153120 0.4464400 -0.1262800 0.0081267 0.9641620 -0.2651880 -0.1750330 -0.4610200 0.2389440 0.8546150 -0.3248170 
192 0.8899430 0.1209290 0.4397470 -0.1264090 -0.0000480 0.9642310 -0.2650640 -0.1749280 -0.4560710 0.2358710 0.8581170 -0.3254850 
193 0.8899480 0.1209240 0.4397390 -0.1264070 -0.0000450 0.9642310 -0.2650640 -0.1749280 -0.4560630 0.2358730 0.8581210 -0.3254860 
194 0.8921970 0.1262170 0.4336520 -0.1266340 -0.0073510 0.9640890 -0.2654790 -0.1749440 -0.4515870 0.2336720 0.8610850 -0.3253860 
195 0.8965500 0.1306550 0.4232340 -0.1269060 -0.0135131 0.9631300 -0.2686980 -0.1747720 -0.4427360 0.2351820 0.8652600 -0.3257440 
196 0.9018700 0.1323030 0.4112490 -0.1270100 -0.0188680 0.9631050 -0.2684640 -0.1746920 -0.4315950 0.2343600 0.8710920 -0.3260470 
197 0.9017530 0.1327780 0.4113540 -0.1271180 -0.0193864 0.9631180 -0.2683800 -0.1747010 -0.4318180 0.2340380 0.8710680 -0.3262320 
198 0.9066590 0.1372160 0.3989240 -0.1271870 -0.0271005 0.9626150 -0.2695130 -0.1746690 -0.4209920 0.2335450 0.8764830 -0.3266720 
199 0.9110050 0.1383550 0.3884950 -0.1272700 -0.0312704 0.9625060 -0.2694510 -0.1745550 -0.4112090 0.2333230 0.8811740 -0.3270900 
200 0.9147790 0.1422210 0.3780910 -0.1274630 -0.0379985 0.9621190 -0.2699700 -0.1745530 -0.4021640 0.2325960 0.8855300 -0.3270070 
201 0.9197080 0.1467160 0.3641600 -0.1273240 -0.0450731 0.9608750 -0.2732900 -0.1744840 -0.3900080 0.2349330 0.8903370 -0.3273450 
202 0.9196670 0.1468660 0.3642030 -0.1273620 -0.0452284 0.9608740 -0.2732680 -0.1744840 -0.3900870 0.2348440 0.8903260 -0.3274060 
203 0.9226270 0.1501620 0.3552620 -0.1273670 -0.0513558 0.9607260 -0.2727060 -0.1743520 -0.3822600 0.2333610 0.8941030 -0.3281240 
204 0.9249300 0.1538020 0.3476350 -0.1276230 -0.0582042 0.9610110 -0.2703150 -0.1742050 -0.3756560 0.2297880 0.8978200 -0.3282660 
205 0.9293360 0.1533260 0.3358950 -0.1277040 -0.0618093 0.9614700 -0.2678720 -0.1741940 -0.3640250 0.2281810 0.9030060 -0.3282830 
206 0.9292980 0.1534560 0.3359420 -0.1277260 -0.0619308 0.9614620 -0.2678720 -0.1741930 -0.3641020 0.2281280 0.9029880 -0.3283100 
207 0.9331110 0.1552450 0.3243510 -0.1276920 -0.0670516 0.9613020 -0.2672140 -0.1741620 -0.3532830 0.2275920 0.9074100 -0.3287420 
208 0.9353670 0.1590270 0.3159100 -0.1277000 -0.0732147 0.9609260 -0.2669460 -0.1740780 -0.3460180 0.2265640 0.9104620 -0.3291120 
209 0.9373890 0.1620830 0.3082710 -0.1277220 -0.0788011 0.9608610 -0.2655860 -0.1740270 -0.3392520 0.2246650 0.9134730 -0.3293810 
210 0.9396430 0.1622680 0.3012310 -0.1277310 -0.0812778 0.9610470 -0.2641650 -0.1739650 -0.3323620 0.2237370 0.9162300 -0.3297110 
211 0.9396510 0.1622540 0.3012150 -0.1277250 -0.0812643 0.9610450 -0.2641760 -0.1739650 -0.3323440 0.2237550 0.9162320 -0.3297020 
212 0.9422940 0.1599930 0.2940840 -0.1278150 -0.0818630 0.9618650 -0.2609880 -0.1738530 -0.3246250 0.2218530 0.9194560 -0.3300350 
213 0.9451890 0.1598160 0.2847390 -0.1279000 -0.0852341 0.9625590 -0.2573230 -0.1737320 -0.3152020 0.2189500 0.9234220 -0.3304590 
214 0.9478020 0.1602710 0.2756550 -0.1278820 -0.0889295 0.9630620 -0.2541720 -0.1736570 -0.3062090 0.2163910 0.9270440 -0.3308050 
215 0.9494360 0.1577420 0.2714580 -0.1278320 -0.0896078 0.9648040 -0.2472330 -0.1735890 -0.3009030 0.2104070 0.9301540 -0.3312310 
216 0.9508420 0.1541400 0.2685910 -0.1277370 -0.0894198 0.9670390 -0.2384120 -0.1735380 -0.2964870 0.2026740 0.9332840 -0.3318920 
217 0.9507960 0.1539340 0.2688700 -0.1277830 -0.0891360 0.9670550 -0.2384500 -0.1735290 -0.2967180 0.2027520 0.9331940 -0.3318020 
218 0.9523360 0.1515120 0.2647650 -0.1279250 -0.0897780 0.9687030 -0.2314190 -0.1735190 -0.2915420 0.1966180 0.9361330 -0.3316850 
219 0.9544260 0.1493290 0.2584030 -0.1278860 -0.0900584 0.9695650 -0.2276690 -0.1734910 -0.2845360 0.1940220 0.9388260 -0.3320830 
220 0.9559700 0.1478710 0.2534850 -0.1278440 -0.0910327 0.9705860 -0.2228820 -0.1734280 -0.2789870 0.1899930 0.9413120 -0.3325220 
221 0.9571790 0.1467790 0.2495290 -0.1278270 -0.0927168 0.9719640 -0.2160780 -0.1733790 -0.2742480 0.1836890 0.9439520 -0.3328910 
222 0.9583740 0.1460780 0.2453170 -0.1278450 -0.0943097 0.9729440 -0.2109160 -0.1733760 -0.2694900 0.1790010 0.9462210 -0.3330100 
223 0.9584560 0.1479830 0.2438520 -0.1277850 -0.0975892 0.9734280 -0.2071580 -0.1733100 -0.2680280 0.1747540 0.9474290 -0.3335350 
224 0.9581210 0.1470600 0.2457200 -0.1277730 -0.0980808 0.9746890 -0.2009000 -0.1732700 -0.2690450 0.1683860 0.9482940 -0.3338030 
225 0.9584220 0.1451700 0.2456680 -0.1277920 -0.0982388 0.9761550 -0.1935710 -0.1732240 -0.2679110 0.1613880 0.9498300 -0.3339720 
226 0.9593800 0.1446770 0.2421960 -0.1278000 -0.0999781 0.9771320 -0.1876640 -0.1731390 -0.2638080 0.1558270 0.9519050 -0.3341570 
227 0.9610390 0.1412030 0.2376270 -0.1277910 -0.0996645 0.9788640 -0.1785860 -0.1731200 -0.2578220 0.1479450 0.9547990 -0.3342450 
228 0.9637090 0.1360420 0.2296890 -0.1278100 -0.0978175 0.9805190 -0.1703350 -0.1731140 -0.2483870 0.1416860 0.9582430 -0.3342410 
229 0.9635750 0.1364910 0.2299850 -0.1278250 -0.0981131 0.9804120 -0.1707840 -0.1731050 -0.2487900 0.1419980 0.9580920 -0.3342280 
230 0.9667870 0.1314720 0.2191760 -0.1277840 -0.0964051 0.9817920 -0.1636790 -0.1730760 -0.2367050 0.1371130 0.9618580 -0.3344220 
231 0.9703760 0.1246590 0.2069550 -0.1277620 -0.0932197 0.9834600 -0.1552940 -0.1730600 -0.2228900 0.1314010 0.9659470 -0.3345520 
232 0.9738720 0.1178080 0.1941510 -0.1277770 -0.0894362 0.9847930 -0.1489420 -0.1730770 -0.2087450 0.1276870 0.9695990 -0.3346510 
233 0.9766990 0.1132650 0.1822920 -0.1277550 -0.0875082 0.9857550 -0.1436260 -0.1730720 -0.1959630 0.1243280 0.9726980 -0.3347860 
234 0.9783850 0.1120790 0.1737870 -0.1277350 -0.0886307 0.9865590 -0.1372830 -0.1730720 -0.1868370 0.1189130 0.9751670 -0.3349730 
235 0.9795000 0.1127290 0.1669490 -0.1277100 -0.0912520 0.9871510 -0.1311750 -0.1730550 -0.1795910 0.1132510 0.9772010 -0.3349730 
236 0.9809870 0.1113190 0.1589730 -0.1276530 -0.0916215 0.9877540 -0.1262840 -0.1730050 -0.1710840 0.1093170 0.9791730 -0.3351830 
237 0.9823630 0.1093930 0.1516440 -0.1275350 -0.0917747 0.9886810 -0.1186910 -0.1729880 -0.1629120 0.1026800 0.9812830 -0.3356410 
238 0.9838190 0.1052650 0.1449790 -0.1274760 -0.0901248 0.9901310 -0.1073270 -0.1729970 -0.1548460 0.0925238 0.9835970 -0.3357820 
239 0.9850810 0.1025470 0.1382000 -0.1274890 -0.0895918 0.9912520 -0.0969192 -0.1729940 -0.1469290 0.0830918 0.9856510 -0.3357830 
240 0.9860080 0.0994070 0.1338160 -0.1275140 -0.0881833 0.9922670 -0.0873507 -0.1729750 -0.1414640 0.0743282 0.9871490 -0.3358710 
241 0.9862870 0.0970710 0.1334750 -0.1275410 -0.0871417 0.9931110 -0.0783344 -0.1730160 -0.1401590 0.0656289 0.9879520 -0.3358850 
242 0.9851710 0.1008810 0.1387840 -0.1275030 -0.0924067 0.9935170 -0.0662215 -0.1731150 -0.1445650 0.0524149 0.9881060 -0.3358650 
243 0.9835750 0.1035310 0.1478560 -0.1274980 -0.0959510 0.9937220 -0.0575281 -0.1730270 -0.1528840 0.0423962 0.9873340 -0.3357610 
244 0.9811730 0.1115080 0.1576910 -0.1274930 -0.1039830 0.9930450 -0.0552134 -0.1730160 -0.1627510 0.0377767 0.9859440 -0.3357610 
245 0.9796610 0.1152650 0.1642490 -0.1274630 -0.1082060 0.9928030 -0.0513249 -0.1729540 -0.1689830 0.0325084 0.9850830 -0.3360150 
246 0.9813230 0.1096570 0.1580510 -0.1273040 -0.1033340 0.9935020 -0.0477094 -0.1728940 -0.1622550 0.0304863 0.9862780 -0.3358690 
247 0.9847630 0.0978771 0.1437420 -0.1271790 -0.0924387 0.9947430 -0.0440540 -0.1728620 -0.1472980 0.0300954 0.9886340 -0.3361130 
248 0.9878680 0.0890533 0.1272260 -0.1270030 -0.0850443 0.9957040 -0.0366136 -0.1729170 -0.1299400 0.0253495 0.9911980 -0.3363810 
249 0.9904910 0.0853275 0.1079160 -0.1268300 -0.0832817 0.9962530 -0.0233326 -0.1729230 -0.1095030 0.0141233 0.9938860 -0.3369490 
250 0.9921710 0.0790478 0.0966857 -0.1271440 -0.0783533 0.9968650 -0.0109653 -0.1728670 -0.0972494 0.0033038 0.9952550 -0.3365290 
251 0.9934030 0.0783825 0.0837090 -0.1270910 -0.0782073 0.9969230 -0.0053755 -0.1729140 -0.0838727 -0.0012066 0.9964760 -0.3360950 
252 0.9946530 0.0828093 0.0617111 -0.1268210 -0.0830396 0.9965460 0.0011721 -0.1729390 -0.0614008 -0.0062903 0.9980930 -0.3363270 
253 0.9961170 0.0751789 0.0458229 -0.1271000 -0.0756163 0.9971060 0.0078838 -0.1728580 -0.0450976 -0.0113181 0.9989180 -0.3361010 
254 0.9967370 0.0742615 0.0316175 -0.1271820 -0.0746238 0.9971570 0.0104366 -0.1729250 -0.0307526 -0.0127620 0.9994460 -0.3355970 
255 0.9968340 0.0768754 0.0203158 -0.1273960 -0.0770572 0.9969920 0.0083192 -0.1728880 -0.0196151 -0.0098583 0.9997590 -0.3355060 
256 0.9969170 0.0766184 0.0169292 -0.1274650 -0.0767424 0.9970280 0.0067944 -0.1728490 -0.0163583 -0.0080726 0.9998340 -0.3357520 
257 0.9966610 0.0810604 0.0097826 -0.1273390 -0.0811418 0.9966690 0.0082262 -0.1728010 -0.0090832 -0.0089925 0.9999180 -0.3358660 
258 0.9967480 0.0805332 -0.0028824 -0.1273630 -0.0804966 0.9966930 0.0111262 -0.1728630 0.0037689 -0.0108580 0.9999340 -0.3353980 
259 0.9969300 0.0771354 -0.0134097 -0.1274990 -0.0769709 0.9969560 0.0123809 -0.1728390 0.0143239 -0.0113107 0.9998330 -0.3353410 
260 0.9965940 0.0790782 -0.0233792 -0.1275350 -0.0787558 0.9967900 0.0144039 -0.1728430 0.0244432 -0.0125136 0.9996230 -0.3354160 
261 0.9963580 0.0789532 -0.0322188 -0.1276760 -0.0784248 0.9967690 0.0173488 -0.1729340 0.0334845 -0.0147589 0.9993300 -0.3348640 
262 0.9960670 0.0785456 -0.0409967 -0.1276610 -0.0779320 0.9968240 0.0163604 -0.1729250 0.0421515 -0.0131011 0.9990250 -0.3345740 
263 0.9952720 0.0831492 -0.0502064 -0.1277990 -0.0826562 0.9965080 0.0118198 -0.1729490 0.0510139 -0.0076140 0.9986690 -0.3342050 
264 0.9945820 0.0884222 -0.0546646 -0.1278690 -0.0882976 0.9960830 0.0046950 -0.1730330 0.0548657 0.0001572 0.9984940 -0.3340370 
265 0.9932000 0.0986599 -0.0618094 -0.1280770 -0.0995435 0.9949680 -0.0113760 -0.1728780 0.0603760 0.0174513 0.9980230 -0.3336920 
266 0.9920890 0.1037460 -0.0706835 -0.1282770 -0.1053230 0.9942580 -0.0189503 -0.1729750 0.0683115 0.0262450 0.9973190 -0.3336530 
267 0.9910150 0.1066960 -0.0806501 -0.1285790 -0.1087880 0.9938220 -0.0219959 -0.1729110 0.0778049 0.0305721 0.9965000 -0.3332650 
268 0.9896620 0.1102650 -0.0917115 -0.1287900 -0.1131300 0.9932230 -0.0266369 -0.1729210 0.0881528 0.0367369 0.9954290 -0.3329820 
269 0.9864830 0.1196590 -0.1119520 -0.1291810 -0.1239050 0.9917860 -0.0317468 -0.1728060 0.1072340 0.0451891 0.9932060 -0.3327760 
270 0.9846010 0.1238180 -0.1234110 -0.1292940 -0.1286370 0.9911800 -0.0318457 -0.1728490 0.1183800 0.0472305 0.9918440 -0.3324670 
271 0.9816060 0.1311070 -0.1387800 -0.1297770 -0.1366800 0.9901180 -0.0313783 -0.1729530 0.1332950 0.0497696 0.9898260 -0.3313390 
272 0.9771280 0.1409270 -0.1592480 -0.1307760 -0.1478600 0.9884740 -0.0325007 -0.1729150 0.1528330 0.0553037 0.9867030 -0.3302180 
273 0.9741130 0.1478820 -0.1709840 -0.1309710 -0.1557100 0.9872430 -0.0332396 -0.1728980 0.1638870 0.0590031 0.9847130 -0.3296510 
274 0.9693710 0.1567790 -0.1890510 -0.1316190 -0.1664250 0.9853900 -0.0361764 -0.1729460 0.1806170 0.0665313 0.9813010 -0.3288230 
275 0.9666910 0.1605330 -0.1993450 -0.1317430 -0.1708910 0.9846400 -0.0357780 -0.1730200 0.1905400 0.0686526 0.9792760 -0.3280970 
276 0.9614320 0.1695840 -0.2165410 -0.1321920 -0.1819680 0.9825530 -0.0384413 -0.1731610 0.2062440 0.0763622 0.9755160 -0.3271310 
277 0.9585780 0.1739980 -0.2255050 -0.1325980 -0.1871670 0.9815840 -0.0382304 -0.1734180 0.2147000 0.0788540 0.9734920 -0.3254860 
278 0.9534230 0.1776260 -0.2437890 -0.1329520 -0.1928780 0.9804070 -0.0399902 -0.1733720 0.2319100 0.0851494 0.9690030 -0.3249980 
279 0.9468460 0.1802130 -0.2664700 -0.1333160 -0.1989530 0.9789820 -0.0448551 -0.1734490 0.2527860 0.0954860 0.9627990 -0.3237870 
280 0.9408790 0.1839750 -0.2844280 -0.1337870 -0.2046080 0.9778390 -0.0443469 -0.1735940 0.2699660 0.0999214 0.9576710 -0.3230780 
281 0.9383640 0.1848960 -0.2920390 -0.1340540 -0.2066000 0.9773890 -0.0450324 -0.1736870 0.2771090 0.1025920 0.9553460 -0.3222500 
282 0.9343740 0.1903520 -0.3011820 -0.1347530 -0.2132980 0.9759550 -0.0449051 -0.1738440 0.2853920 0.1062000 0.9525090 -0.3208870 
283 0.9292830 0.1925330 -0.3152200 -0.1350280 -0.2174510 0.9750090 -0.0455279 -0.1739820 0.2985770 0.1108530 0.9479260 -0.3199140 
284 0.9258930 0.1949320 -0.3236110 -0.1353990 -0.2212280 0.9741280 -0.0461793 -0.1739930 0.3062370 0.1143490 0.9450630 -0.3194110 
285 0.9199790 0.1972590 -0.3387150 -0.1356020 -0.2253130 0.9732380 -0.0451797 -0.1739560 0.3207390 0.1178810 0.9398040 -0.3191240 
286 0.9136370 0.2012300 -0.3532330 -0.1359230 -0.2308010 0.9720410 -0.0432146 -0.1740080 0.3346600 0.1210090 0.9345370 -0.3182690 
287 0.9070820 0.2083640 -0.3657690 -0.1362700 -0.2394360 0.9700380 -0.0411915 -0.1740340 0.3462270 0.1249420 0.9297940 -0.3176810 
288 0.8979270 0.2136050 -0.3848360 -0.1369810 -0.2473210 0.9681200 -0.0397079 -0.1741530 0.3640860 0.1308330 0.9221300 -0.3166470 
289 0.8888960 0.2192830 -0.4022180 -0.1369820 -0.2547660 0.9663250 -0.0362033 -0.1744260 0.3807340 0.1346520 0.9148280 -0.3158890 
290 0.8778130 0.2330090 -0.4185110 -0.1379070 -0.2726830 0.9614050 -0.0366750 -0.1741750 0.3938130 0.1463150 0.9074710 -0.3151920 
291 0.8669200 0.2405540 -0.4365590 -0.1378650 -0.2800900 0.9595810 -0.0274537 -0.1744460 0.4123090 0.1460760 0.8992570 -0.3146280 
292 0.8585490 0.2549070 -0.4448780 -0.1382620 -0.2972290 0.9544320 -0.0267361 -0.1742360 0.4177910 0.1551850 0.8951920 -0.3141160 
293 0.8473800 0.2690760 -0.4577600 -0.1385740 -0.3102760 0.9505180 -0.0156423 -0.1741950 0.4309010 0.1552870 0.8889380 -0.3140930 
294 0.8353910 0.3067180 -0.4561200 -0.1383010 -0.3477940 0.9375480 -0.0065340 -0.1747130 0.4256310 0.1640940 0.8898940 -0.3132980 
295 0.8265900 0.3432500 -0.4460140 -0.1386060 -0.3850910 0.9228720 -0.0034463 -0.1746940 0.4104310 0.1746050 0.8950190 -0.3129990 
296 0.8164790 0.3759620 -0.4381950 -0.1385450 -0.4180950 0.9084030 0.0003626 -0.1748550 0.3981940 0.1829110 0.8988800 -0.3127240 
297 0.8078070 0.4098980 -0.4235930 -0.1387950 -0.4517670 0.8921340 0.0017568 -0.1745840 0.3786220 0.1899460 0.9058510 -0.3124370 
298 0.7920180 0.4445490 -0.4184310 -0.1406970 -0.4870710 0.8733420 0.0059127 -0.1739170 0.3680620 0.1991220 0.9082300 -0.3105640 
299 0.7831480 0.4552320 -0.4236080 -0.1407240 -0.4982320 0.8669790 0.0105931 -0.1740770 0.3720810 0.2027590 0.9057840 -0.3107230 
300 0.7643520 0.4782190 -0.4325180 -0.1401980 -0.5259210 0.8504630 0.0109098 -0.1743940 0.3730580 0.2191320 0.9015590 -0.3110980 
301 0.7505660 0.5008070 -0.4310960 -0.1410270 -0.5524580 0.8335160 0.0064362 -0.1741880 0.3625480 0.2333310 0.9022830 -0.3101550 
302 0.7346930 0.5172120 -0.4389970 -0.1415750 -0.5723520 0.8199670 0.0081867 -0.1740770 0.3641980 0.2452460 0.8984510 -0.3097750 
303 0.7016260 0.5479600 -0.4554780 -0.1415840 -0.6122040 0.7906580 0.0081456 -0.1743670 0.3645910 0.2731310 0.8902100 -0.3098220 
304 0.6863830 0.5578640 -0.4665480 -0.1419810 -0.6284060 0.7778650 0.0056056 -0.1741440 0.3660390 0.2893340 0.8844780 -0.3095510 
305 0.6674850 0.5667750 -0.4829390 -0.1418690 -0.6419440 0.7666500 0.0124863 -0.1741200 0.3773220 0.3016860 0.8755650 -0.3100240 
306 0.6510750 0.5690430 -0.5022870 -0.1420100 -0.6523830 0.7577800 0.0128599 -0.1742910 0.3879410 0.3193110 0.8646050 -0.3100780 
307 0.6410210 0.5677030 -0.5165330 -0.1420420 -0.6551950 0.7552680 0.0169870 -0.1742130 0.3997640 0.3275410 0.8560990 -0.3100440 
