9 0.994228 0.0336276 -0.101878 -0.0314129 -0.0326008 0.9994 0.0117273 0.0347534 0.102211 -0.00833828 0.994728 0.0387204
10 0.992986 0.0383133 -0.111853 -0.0361126 -0.0365675 0.999176 0.0176188 0.0374695 0.112436 -0.013405 0.993569 0.0429037
11 0.991168 0.0428303 -0.125501 -0.0432965 -0.0405684 0.998966 0.020525 0.0463835 0.126251 -0.0152524 0.991881 0.0495571
12 0.991122 0.0456847 -0.124861 -0.0487027 -0.0433814 0.998836 0.0211054 0.0516913 0.12568 -0.0155013 0.99195 0.0529174
13 0.990758 0.047237 -0.127149 -0.0484898 -0.0450489 0.998784 0.0200319 0.0558797 0.12794 -0.0141188 0.991681 0.0578115
14 0.990573 0.052797 -0.126399 -0.0494221 -0.0508741 0.998536 0.0183956 0.0582595 0.127185 -0.0117918 0.991809 0.0615594
15 0.990191 0.0543878 -0.128697 -0.0499569 -0.052567 0.998464 0.017505 0.0611083 0.129452 -0.0105681 0.991529 0.0648096
16 0.990425 0.0439336 -0.130871 -0.0535533 -0.0428299 0.999019 0.0112376 0.0691218 0.131237 -0.00552482 0.991336 0.0694505
17 0.990546 0.0428355 -0.130322 -0.0552878 -0.0421294 0.999079 0.00817087 0.0728812 0.130551 -0.00260325 0.991438 0.071789
18 0.990511 0.0475131 -0.128962 -0.0583115 -0.0468055 0.998868 0.00851403 0.0748554 0.12922 -0.00239711 0.991613 0.0764691
19 0.99046 0.0500668 -0.128385 -0.0591775 -0.0495709 0.998746 0.00705723 0.0797196 0.128577 -0.000625747 0.991699 0.0772299
20 0.990258 0.0426883 -0.13254 -0.0546486 -0.0433108 0.99906 -0.00181579 0.0863186 0.132337 0.00753849 0.991176 0.0757324
21 0.99054 0.0291379 -0.134092 -0.0562461 -0.0313367 0.999406 -0.0143161 0.0896429 0.133595 0.0183827 0.990866 0.0839611
22 0.990376 0.02322 -0.136442 -0.0568805 -0.0260317 0.999483 -0.0188587 0.0939892 0.135934 0.022229 0.990469 0.0842953
23 0.990864 0.0173084 -0.133747 -0.0595259 -0.0208344 0.99947 -0.025009 0.0986666 0.133243 0.0275671 0.9907 0.0861473
24 0.991923 0.010545 -0.126399 -0.0607101 -0.0148487 0.99934 -0.0331542 0.103683 0.125966 0.0347633 0.991425 0.085182
25 0.992631 -0.00320744 -0.121135 -0.0590745 -0.00203518 0.999067 -0.0431308 0.109554 0.12116 0.0430594 0.991699 0.0907757
26 0.992419 -0.0264601 -0.120015 -0.0578847 0.0210976 0.998731 -0.045734 0.11573 0.121073 0.0428553 0.991718 0.0951763
27 0.992971 -0.0394064 -0.111603 -0.0599101 0.0334519 0.99794 -0.0547335 0.12167 0.11353 0.0506155 0.992244 0.0922474
28 0.993691 -0.0454891 -0.102511 -0.0592709 0.038822 0.997056 -0.0661207 0.124814 0.105217 0.0617239 0.992532 0.0922273
29 0.993577 -0.0448513 -0.103892 -0.0552249 0.0355244 0.995313 -0.0899475 0.130367 0.107439 0.085679 0.990513 0.0947985
30 0.993584 -0.0485781 -0.10213 -0.0551831 0.0374539 0.993429 -0.10815 0.136539 0.106713 0.103631 0.988875 0.0947664
31 0.99386 -0.0530281 -0.0971095 -0.0553186 0.0409054 0.991585 -0.122827 0.1398 0.102806 0.1181 0.987666 0.0957265
32 0.99395 -0.0584604 -0.0929794 -0.0540361 0.0453282 0.989456 -0.137557 0.141821 0.100041 0.13251 0.98612 0.0969693
33 0.993019 -0.0705426 -0.0945316 -0.0524878 0.055423 0.986519 -0.153975 0.144306 0.104119 0.147661 0.983542 0.10407
34 0.99226 -0.0782393 -0.0964326 -0.0518079 0.061958 0.984914 -0.16157 0.148826 0.107619 0.154344 0.982138 0.102043
35 0.992082 -0.0788222 -0.0977756 -0.0521357 0.0619097 0.984294 -0.165324 0.149602 0.109271 0.157962 0.981381 0.105264
36 0.991452 -0.0740879 -0.107393 -0.0497376 0.0557355 0.98475 -0.164806 0.151249 0.117965 0.157411 0.980462 0.106787
37 0.990841 -0.0620362 -0.119942 -0.0485978 0.0413958 0.985004 -0.167493 0.157474 0.128534 0.160993 0.97855 0.104998
38 0.990531 -0.0613371 -0.122827 -0.04656 0.0397214 0.984423 -0.171268 0.16059 0.131419 0.164767 0.977538 0.103791
39 0.991007 -0.0590532 -0.120075 -0.0481463 0.0375097 0.98397 -0.174344 0.162664 0.128446 0.168272 0.977336 0.105114
40 0.991115 -0.0543515 -0.121393 -0.0435574 0.0325056 0.984 -0.175176 0.164291 0.128972 0.169674 0.977025 0.103998
41 0.989681 -0.0515346 -0.133704 -0.035458 0.0265056 0.982826 -0.182623 0.16845 0.140819 0.177195 0.974049 0.100469
42 0.989538 -0.0510113 -0.134955 -0.0330252 0.0254214 0.98242 -0.184945 0.169814 0.142016 0.179579 0.973439 0.0997787
43 0.989386 -0.0506815 -0.13619 -0.0299013 0.0244363 0.981889 -0.187875 0.171089 0.143245 0.182553 0.972705 0.0977091
44 0.988969 -0.0503472 -0.139305 -0.0250614 0.022938 0.981172 -0.191768 0.172015 0.146337 0.186458 0.971504 0.0959888
45 0.988067 -0.0497616 -0.145762 -0.0207647 0.0207378 0.980735 -0.194238 0.171478 0.15262 0.188898 0.970064 0.0963016
46 0.986233 -0.0469396 -0.158562 -0.0147076 0.0134752 0.97849 -0.205852 0.17299 0.164814 0.200882 0.965652 0.0921604
47 0.986328 -0.0393454 -0.160027 -0.0136179 0.00516548 0.977984 -0.208616 0.172228 0.164712 0.204937 0.964816 0.0931923
48 0.986102 -0.0285861 -0.163663 -0.00960906 -0.00646406 0.977739 -0.209724 0.172401 0.166015 0.207867 0.963966 0.0920869
49 0.985277 -0.0232996 -0.16937 -0.00424629 -0.0133157 0.977202 -0.211892 0.171832 0.170446 0.211028 0.962505 0.0899443
50 0.983987 -0.0233545 -0.176706 -0.000805957 -0.0149842 0.977031 -0.21257 0.169694 0.177611 0.211814 0.961035 0.0894918
51 0.983534 -0.0182445 -0.179799 0.00400487 -0.020833 0.976813 -0.213079 0.169852 0.179517 0.213317 0.960349 0.0876956
52 0.982776 -0.0159233 -0.184113 0.00861149 -0.024541 0.976212 -0.215426 0.169621 0.183164 0.216234 0.959007 0.0863306
53 0.982365 -0.0175857 -0.186146 0.0112905 -0.0238405 0.97566 -0.217989 0.16932 0.185449 0.218583 0.958035 0.0865926
54 0.981526 -0.0157079 -0.190685 0.0159553 -0.0268894 0.975408 -0.218759 0.167456 0.189432 0.219845 0.956966 0.0845266
55 0.980896 -0.00818583 -0.194362 0.0178875 -0.0354981 0.974807 -0.220205 0.166688 0.191268 0.222898 0.955894 0.0840009
56 0.979843 0.0116964 -0.199424 0.0263996 -0.0567507 0.973452 -0.221743 0.164049 0.191536 0.228591 0.954495 0.0817078
57 0.97753 0.0123335 -0.210435 0.0306755 -0.0599013 0.973385 -0.221209 0.161722 0.202106 0.228843 0.952252 0.0835354
58 0.975547 0.00994541 -0.219566 0.0338477 -0.0597961 0.973304 -0.221592 0.161484 0.211501 0.229302 0.950099 0.0813278
59 0.973656 0.0105274 -0.227779 0.0379159 -0.0628504 0.972628 -0.223705 0.161299 0.21919 0.232128 0.947667 0.0789058
60 0.972614 0.0139398 -0.23201 0.0390577 -0.0673094 0.97232 -0.22375 0.159942 0.222469 0.233238 0.94663 0.0799223
61 0.971785 0.0189115 -0.235108 0.0414825 -0.0725549 0.972417 -0.221677 0.158841 0.224431 0.23248 0.946353 0.0794036
62 0.970632 0.0226263 -0.239502 0.0454099 -0.0773272 0.972078 -0.22155 0.158281 0.227802 0.233564 0.94528 0.0786023
63 0.967881 0.0257463 -0.250088 0.0520759 -0.0826011 0.972086 -0.219604 0.15509 0.237453 0.233208 0.94299 0.0782984
64 0.965978 0.0301982 -0.256856 0.0559661 -0.0879075 0.972366 -0.21628 0.152392 0.243227 0.231502 0.941938 0.0775438
65 0.962363 0.0334015 -0.269708 0.0622091 -0.0932277 0.972773 -0.21218 0.151135 0.255278 0.229339 0.939275 0.0771316
66 0.959534 0.0374675 -0.279089 0.0639527 -0.0985972 0.973071 -0.208352 0.150601 0.263767 0.227439 0.937389 0.076631
67 0.957424 0.0472268 -0.284796 0.0663265 -0.107981 0.973502 -0.201578 0.148577 0.26773 0.223748 0.937154 0.0771452
68 0.953902 0.0540525 -0.295211 0.0736591 -0.116498 0.973205 -0.198242 0.149038 0.276586 0.223495 0.934639 0.0740617
69 0.951193 0.0544008 -0.303762 0.0769551 -0.119233 0.972686 -0.199164 0.148624 0.28463 0.225662 0.931698 0.0740334
70 0.948634 0.0572204 -0.311157 0.0811855 -0.122978 0.972857 -0.196023 0.144937 0.291495 0.22422 0.929923 0.0740857
71 0.945009 0.061414 -0.321226 0.0858834 -0.12866 0.972823 -0.192513 0.143043 0.300673 0.223256 0.927228 0.0739021
72 0.94245 0.0668315 -0.327601 0.0879691 -0.135341 0.972211 -0.191018 0.142445 0.305731 0.224363 0.925305 0.0733673
73 0.94038 0.0743676 -0.331897 0.0906083 -0.143325 0.97158 -0.188388 0.140467 0.308455 0.224726 0.924313 0.0743263
74 0.938868 0.0772402 -0.335502 0.0936374 -0.146635 0.971412 -0.1867 0.140408 0.31149 0.224483 0.923353 0.0748026
75 0.939034 0.0767983 -0.335137 0.0953262 -0.146721 0.971035 -0.188586 0.141266 0.310947 0.226261 0.923103 0.0757075
76 0.939498 0.0740936 -0.334446 0.0996734 -0.144727 0.970766 -0.19149 0.14188 0.31048 0.228307 0.922756 0.0758723
77 0.939636 0.0761646 -0.333591 0.102707 -0.146499 0.970587 -0.191047 0.138671 0.309228 0.228385 0.923157 0.0753314
78 0.938983 0.0785111 -0.334885 0.107596 -0.148904 0.970426 -0.190004 0.136123 0.310063 0.228276 0.922903 0.0752532
79 0.939109 0.0814505 -0.333826 0.11007 -0.151572 0.97007 -0.189709 0.135147 0.308383 0.228756 0.923347 0.0748734
80 0.939591 0.0825776 -0.332188 0.114549 -0.153287 0.969224 -0.192634 0.135878 0.306058 0.231917 0.923333 0.0735082
81 0.939556 0.0841092 -0.331903 0.118432 -0.155376 0.968539 -0.194399 0.132852 0.30511 0.234218 0.923065 0.0726855
82 0.93943 0.0811601 -0.332993 0.120897 -0.152711 0.968908 -0.194672 0.130951 0.30684 0.233732 0.922615 0.073428
83 0.939643 0.0811809 -0.332386 0.123392 -0.152495 0.968989 -0.194436 0.130087 0.306294 0.233388 0.922884 0.0729835
84 0.938831 0.0863272 -0.333382 0.12758 -0.157805 0.968294 -0.193658 0.128673 0.306094 0.234422 0.922688 0.0725487
85 0.93846 0.0888557 -0.333762 0.129186 -0.160123 0.968148 -0.192484 0.127386 0.306028 0.234082 0.922796 0.0728871
86 0.938572 0.0887079 -0.333487 0.133052 -0.159526 0.968469 -0.191359 0.127526 0.305996 0.232804 0.92313 0.0721467
87 0.938654 0.0863607 -0.333872 0.138125 -0.157613 0.968538 -0.192591 0.12767 0.306735 0.233399 0.922734 0.0699936
88 0.939898 0.0878997 -0.329948 0.139104 -0.158084 0.968518 -0.192306 0.124825 0.302657 0.232907 0.924204 0.071073
89 0.940673 0.0918666 -0.326643 0.143651 -0.161548 0.967801 -0.19304 0.124086 0.298391 0.234356 0.925224 0.0705592
90 0.941203 0.0932835 -0.324706 0.14736 -0.162961 0.967276 -0.194478 0.123782 0.295939 0.235958 0.925605 0.0700574
91 0.943259 0.0916414 -0.319163 0.148888 -0.160633 0.967147 -0.19704 0.12406 0.29062 0.237128 0.92699 0.0689321
92 0.946271 0.0893961 -0.310772 0.155878 -0.157429 0.966807 -0.201248 0.121803 0.282465 0.23936 0.928935 0.0683658
93 0.947577 0.090035 -0.30658 0.156105 -0.156827 0.967012 -0.200733 0.120981 0.278394 0.23829 0.930438 0.0684441
94 0.948605 0.0940728 -0.302156 0.158849 -0.159518 0.966763 -0.19981 0.120607 0.273317 0.23774 0.932082 0.0675953
95 0.949046 0.0977512 -0.299593 0.162443 -0.162219 0.966583 -0.198499 0.119494 0.270178 0.236985 0.933189 0.0664881
96 0.949603 0.0986672 -0.297521 0.166708 -0.162416 0.966693 -0.197801 0.119146 0.268095 0.236154 0.934 0.0659319
97 0.9517 0.100441 -0.290135 0.168516 -0.162691 0.966378 -0.19911 0.119231 0.260382 0.236696 0.936043 0.0646751
98 0.953474 0.101376 -0.283919 0.172581 -0.16248 0.966084 -0.200702 0.119442 0.253943 0.237495 0.937608 0.0632193
99 0.95526 0.0993277 -0.278591 0.176328 -0.159555 0.966171 -0.202623 0.119064 0.24904 0.238008 0.938792 0.0617583
100 0.957552 0.0973796 -0.271316 0.177682 -0.156042 0.966491 -0.203828 0.118006 0.242376 0.237513 0.94066 0.0601209
101 0.959475 0.101499 -0.262879 0.178343 -0.157672 0.966548 -0.202296 0.115858 0.233553 0.235546 0.943383 0.0606378
102 0.959369 0.106929 -0.261109 0.182968 -0.161817 0.966608 -0.198706 0.114172 0.231143 0.232884 0.944636 0.0599417
103 0.961102 0.108064 -0.254175 0.188809 -0.161694 0.966236 -0.200607 0.116678 0.223914 0.233902 0.946125 0.05411
104 0.9619 0.109847 -0.250363 0.192129 -0.162639 0.965989 -0.201031 0.114808 0.219765 0.234091 0.947051 0.0529229
105 0.963304 0.106306 -0.246463 0.194852 -0.158922 0.96587 -0.204544 0.115501 0.216307 0.236206 0.947321 0.0501621
106 0.964993 0.103499 -0.24099 0.197111 -0.155645 0.965543 -0.20857 0.115195 0.211099 0.238778 0.947851 0.0478627
107 0.965897 0.106928 -0.235816 0.197906 -0.158537 0.964299 -0.212114 0.11232 0.204716 0.242266 0.948366 0.0469299
108 0.966966 0.11051 -0.229706 0.2008 -0.160524 0.964004 -0.211965 0.11091 0.198013 0.241836 0.949898 0.0439503
109 0.968008 0.107374 -0.226786 0.201668 -0.157143 0.964042 -0.21431 0.111263 0.19562 0.243092 0.950073 0.0419333
110 0.968948 0.108854 -0.222014 0.200131 -0.157248 0.964197 -0.213537 0.108545 0.190821 0.241818 0.951374 0.0414621
111 0.969583 0.110635 -0.218331 0.201052 -0.158167 0.963958 -0.213934 0.109357 0.186793 0.24196 0.952136 0.0389853
112 0.97048 0.113656 -0.212724 0.199282 -0.160335 0.962915 -0.216997 0.109689 0.180172 0.244698 0.952712 0.0369831
113 0.971612 0.109946 -0.209479 0.19907 -0.156177 0.963177 -0.218859 0.110016 0.177703 0.245362 0.953005 0.0334291
114 0.972309 0.110615 -0.205861 0.199688 -0.156153 0.962887 -0.220146 0.109046 0.173869 0.246195 0.953497 0.0312416
115 0.974008 0.111211 -0.197334 0.199065 -0.155426 0.961864 -0.225081 0.10848 0.164777 0.249901 0.954148 0.0274575
116 0.974735 0.109335 -0.194776 0.200656 -0.153114 0.961957 -0.226262 0.107767 0.162628 0.250369 0.954394 0.0235002
117 0.975495 0.107967 -0.191709 0.200216 -0.151469 0.961515 -0.229228 0.107126 0.159582 0.252649 0.954307 0.0208861
118 0.976394 0.110468 -0.185611 0.198086 -0.152806 0.960613 -0.232107 0.105089 0.15266 0.254991 0.954817 0.0180625
119 0.977143 0.110694 -0.181492 0.19641 -0.152191 0.960331 -0.233673 0.104384 0.148426 0.255953 0.955227 0.0162933
120 0.977661 0.111882 -0.177936 0.195179 -0.152515 0.960131 -0.234279 0.10297 0.144631 0.256184 0.955747 0.0152025
121 0.978425 0.110583 -0.174516 0.193618 -0.15044 0.960296 -0.234947 0.102812 0.141606 0.256132 0.956214 0.0133474
122 0.979902 0.113151 -0.164285 0.190926 -0.150797 0.959307 -0.238728 0.101407 0.130587 0.258704 0.957089 0.00988019
123 0.980906 0.113444 -0.157969 0.188578 -0.149453 0.959448 -0.239006 0.10017 0.124449 0.258051 0.958082 0.00888071
124 0.981751 0.112626 -0.153235 0.187996 -0.147523 0.959518 -0.239922 0.0999344 0.12001 0.25815 0.958622 0.00689497
125 0.981827 0.123689 -0.143933 0.183042 -0.155703 0.958623 -0.238325 0.0956122 0.108499 0.256405 0.96046 0.00534723
126 0.982231 0.126085 -0.139016 0.180795 -0.156745 0.958493 -0.238164 0.0955344 0.103218 0.255722 0.961224 0.00479363
127 0.983301 0.129525 -0.127835 0.177858 -0.157116 0.958675 -0.237184 0.0930426 0.0918315 0.253308 0.963017 0.00238509
128 0.983134 0.135695 -0.122615 0.176075 -0.161741 0.958051 -0.236597 0.0920547 0.0853661 0.252438 0.96384 0.00166648
129 0.982748 0.143578 -0.116582 0.173801 -0.167857 0.957075 -0.236288 0.0905826 0.0776524 0.251781 0.964664 0.00124885
130 0.984092 0.144591 -0.103227 0.170717 -0.165401 0.957751 -0.235278 0.0908759 0.0648464 0.248609 0.966431 -0.000254482
131 0.984167 0.151487 -0.0920107 0.166862 -0.169297 0.957141 -0.23499 0.0891771 0.0524693 0.246846 0.967633 -4.04488e-05
132 0.984457 0.159729 -0.0730075 0.164206 -0.172517 0.957366 -0.231705 0.088369 0.0328849 0.240699 0.970043 -0.00128919
133 0.985047 0.160547 -0.0625094 0.162585 -0.170752 0.958069 -0.230103 0.0869262 0.022946 0.237336 0.971157 -0.00201335
134 0.984873 0.16526 -0.0521069 0.161246 -0.172847 0.958191 -0.228023 0.086176 0.0122453 0.23358 0.97226 -0.00203231
135 0.984427 0.173636 -0.027461 0.158698 -0.175329 0.958428 -0.225112 0.086702 -0.0127681 0.226421 0.973946 -0.00303401
136 0.985327 0.169543 -0.0196392 0.161706 -0.169607 0.959778 -0.22374 0.084697 -0.0190842 0.223788 0.974451 -0.00513829
137 0.983803 0.179102 0.00736806 0.151618 -0.173197 0.960354 -0.218457 0.0813493 -0.046202 0.213642 0.975819 0.0027151
138 0.98265 0.184392 0.0199578 0.148568 -0.175894 0.960638 -0.215027 0.0827276 -0.0588213 0.207785 0.976404 0.00343418
139 0.983406 0.175835 0.0446606 0.146739 -0.162342 0.962804 -0.215996 0.0853236 -0.0809791 0.205162 0.975372 -0.000991838
140 0.981937 0.179998 0.0583076 0.144251 -0.16368 0.962702 -0.215439 0.0822436 -0.0949116 0.202004 0.974775 0.00224906
141 0.978817 0.18899 0.0787408 0.137889 -0.16904 0.962979 -0.209993 0.0813393 -0.115512 0.192235 0.974527 0.00551132
142 0.978864 0.182368 0.0925537 0.133576 -0.160019 0.964806 -0.20867 0.0847884 -0.127351 0.189449 0.973597 0.00749485
143 0.977569 0.180851 0.107946 0.131548 -0.155455 0.965364 -0.20954 0.0858251 -0.142103 0.188059 0.971823 0.00712831
144 0.974436 0.174316 0.141732 0.123322 -0.141744 0.966466 -0.214132 0.0880994 -0.174306 0.188568 0.966468 0.0123796
145 0.972503 0.168593 0.160668 0.118842 -0.132609 0.967995 -0.213075 0.087728 -0.191449 0.18591 0.963735 0.0155009
146 0.967924 0.162582 0.191547 0.111405 -0.121561 0.970271 -0.20928 0.0885435 -0.219878 0.179282 0.958912 0.0199414
147 0.96439 0.166866 0.205201 0.108019 -0.123591 0.970257 -0.208149 0.0893996 -0.233831 0.175376 0.95633 0.0206309
148 0.960674 0.168416 0.220774 0.102961 -0.122722 0.97072 -0.2065 0.0909893 -0.249087 0.171285 0.953214 0.0198574
149 0.959273 0.162556 0.231021 0.0957812 -0.115309 0.971927 -0.20509 0.0924949 -0.257874 0.170098 0.951087 0.0230159
150 0.95559 0.159286 0.247941 0.0887035 -0.109325 0.972913 -0.203685 0.0938003 -0.273669 0.167534 0.947121 0.023192
151 0.952596 0.165147 0.255515 0.0836824 -0.113827 0.972315 -0.204074 0.093395 -0.282143 0.165316 0.945022 0.0256247
152 0.949392 0.1605 0.269989 0.0772861 -0.105791 0.972759 -0.206272 0.0961034 -0.29574 0.167271 0.940509 0.0233289
153 0.946044 0.155336 0.28438 0.0709419 -0.0978012 0.973561 -0.206432 0.0969708 -0.308928 0.167481 0.936223 0.025553
154 0.939867 0.161391 0.301003 0.063333 -0.101032 0.973245 -0.206363 0.0975915 -0.326255 0.163543 0.931027 0.0264462
155 0.936481 0.162744 0.310673 0.0594057 -0.100393 0.973143 -0.207154 0.0981919 -0.336042 0.162807 0.927669 0.0269956
156 0.932638 0.159968 0.323415 0.0505216 -0.0946614 0.97343 -0.208502 0.0982808 -0.348175 0.163842 0.923001 0.0272939
157 0.929255 0.16252 0.331772 0.0438143 -0.0964785 0.973633 -0.206713 0.0978231 -0.35662 0.16008 0.920433 0.0316085
158 0.924553 0.164049 0.343934 0.0343381 -0.0989398 0.974977 -0.199077 0.0985347 -0.367986 0.150028 0.917648 0.0332711
159 0.924078 0.158183 0.347933 0.0317388 -0.0923272 0.975762 -0.198405 0.100951 -0.370884 0.151218 0.916285 0.0268096
160 0.91607 0.175735 0.360462 0.0199284 -0.106217 0.973093 -0.204472 0.0982097 -0.386696 0.149024 0.910087 0.0363977
161 0.91491 0.175309 0.363603 0.0139259 -0.106122 0.973544 -0.20236 0.0985581 -0.389459 0.146554 0.909309 0.0394519
162 0.91043 0.168104 0.377967 0.00244263 -0.0976209 0.975209 -0.198588 0.0987833 -0.40198 0.143903 0.90427 0.045766
163 0.907317 0.17067 0.38425 -0.00322061 -0.101148 0.975669 -0.19452 0.0983398 -0.4081 0.137625 0.902504 0.0502918
164 0.904103 0.165068 0.394145 -0.0115989 -0.0954439 0.977081 -0.190269 0.101146 -0.416519 0.134404 0.899137 0.0468053
165 0.901698 0.162014 0.400864 -0.0175507 -0.0899758 0.977156 -0.192538 0.102323 -0.4229 0.137543 0.895677 0.0480104
166 0.897758 0.163086 0.409187 -0.0272838 -0.0932055 0.978234 -0.185392 0.0998966 -0.430516 0.128299 0.893418 0.0539821
167 0.899432 0.158787 0.407195 -0.0374693 -0.0932696 0.979941 -0.176113 0.103143 -0.426992 0.120423 0.896201 0.0570485
168 0.899296 0.157883 0.407848 -0.042841 -0.092911 0.980246 -0.174598 0.104499 -0.427358 0.119122 0.896201 0.0606768
169 0.903807 0.143257 0.403249 -0.0533545 -0.0822452 0.982885 -0.16484 0.108049 -0.419962 0.115818 0.900121 0.0657937
170 0.906956 0.13834 0.39786 -0.0572281 -0.080048 0.983924 -0.159643 0.109839 -0.413549 0.112941 0.90345 0.0670562
171 0.912465 0.125241 0.389516 -0.0673142 -0.0699502 0.985735 -0.153081 0.115774 -0.403132 0.112434 0.908209 0.0717785
172 0.91344 0.118158 0.389444 -0.0728157 -0.0633749 0.98655 -0.150676 0.117813 -0.402009 0.112952 0.908642 0.0783067
173 0.91608 0.107366 0.386356 -0.0827876 -0.05561 0.988194 -0.142758 0.123302 -0.397122 0.109293 0.911235 0.0849449
174 0.916477 0.101924 0.386887 -0.0868044 -0.0492509 0.988392 -0.143722 0.126473 -0.397044 0.112663 0.910858 0.0883737
175 0.915225 0.0888825 0.393019 -0.0952772 -0.0351613 0.989264 -0.141845 0.129963 -0.401407 0.116001 0.908524 0.0983177
176 0.915036 0.0867215 0.39394 -0.0987526 -0.0324241 0.989269 -0.142463 0.132947 -0.402067 0.117585 0.908028 0.0987287
177 0.910966 0.0809754 0.404456 -0.106238 -0.021424 0.988506 -0.149653 0.136946 -0.411925 0.127664 0.90223 0.107435
178 0.909089 0.0795623 0.408933 -0.109642 -0.0178578 0.988134 -0.152553 0.138094 -0.416218 0.131381 0.899723 0.111346
179 0.907876 0.0719463 0.413018 -0.115672 -0.0102247 0.988671 -0.149748 0.139378 -0.419113 0.131729 0.898327 0.122455
180 0.907252 0.0651314 0.415513 -0.119664 -0.00198495 0.988589 -0.150626 0.14221 -0.420582 0.135831 0.897029 0.126948
181 0.904961 0.0604315 0.421182 -0.124199 0.00500231 0.988283 -0.152548 0.143265 -0.425466 0.140157 0.894055 0.135704
182 0.906309 0.0556552 0.418934 -0.12775 0.00903769 0.988512 -0.150875 0.144614 -0.422518 0.140526 0.895394 0.142449
183 0.909317 0.0415465 0.414025 -0.133742 0.0231538 0.988409 -0.150037 0.148821 -0.41546 0.146018 0.897815 0.154155
184 0.910351 0.0424331 0.411657 -0.136838 0.0213246 0.988598 -0.149061 0.148503 -0.413288 0.144476 0.899066 0.162301
185 0.91314 0.0321299 0.406378 -0.143602 0.0315229 0.988338 -0.148975 0.151419 -0.406425 0.148845 0.901479 0.175008
186 0.911974 0.0308317 0.409087 -0.146533 0.0333073 0.988316 -0.148738 0.151574 -0.408893 0.149271 0.900291 0.181746
187 0.91371 0.0347618 0.404877 -0.151803 0.0288577 0.988268 -0.149975 0.152237 -0.405341 0.148718 0.901988 0.193832
188 0.913201 0.0327991 0.406186 -0.155498 0.0315084 0.988089 -0.150625 0.15245 -0.406289 0.15035 0.901291 0.200971
189 0.912259 0.0281133 0.408649 -0.16078 0.0375197 0.987713 -0.151708 0.15143 -0.407893 0.15373 0.899995 0.215114
190 0.910282 0.0232688 0.413334 -0.163521 0.0425195 0.987884 -0.149253 0.151587 -0.4118 0.153438 0.898264 0.222374
191 0.908283 0.0220299 0.417776 -0.168243 0.0445161 0.987854 -0.148873 0.151419 -0.415981 0.153817 0.89627 0.232998
192 0.906186 0.0231805 0.422244 -0.171073 0.0435256 0.988081 -0.147655 0.151348 -0.420634 0.152181 0.894376 0.243
193 0.903552 0.025051 0.427745 -0.173336 0.0406229 0.988784 -0.143719 0.15122 -0.426548 0.147234 0.892401 0.250775
194 0.898446 0.0150488 0.438827 -0.177559 0.0517749 0.988809 -0.139912 0.152713 -0.436021 0.148424 0.887612 0.259939
195 0.893599 0.0100981 0.448753 -0.179715 0.0579054 0.9888 -0.137557 0.151778 -0.445116 0.148906 0.883005 0.267605
196 0.888911 0.0109203 0.45795 -0.183193 0.0545594 0.990076 -0.129513 0.149815 -0.454819 0.140111 0.879493 0.280449
197 0.888695 0.0141368 0.458282 -0.185265 0.04965 0.99068 -0.126841 0.150031 -0.455804 0.135476 0.87971 0.285651
198 0.88959 0.0207669 0.456287 -0.186986 0.0426393 0.990828 -0.128226 0.149565 -0.454765 0.133524 0.880545 0.293877
199 0.890247 0.0199118 0.455042 -0.188297 0.0449646 0.990322 -0.131304 0.14876 -0.453253 0.137353 0.880736 0.297903
200 0.888478 0.0153891 0.458662 -0.190406 0.0533275 0.989205 -0.136491 0.146028 -0.455811 0.145728 0.878066 0.309794
201 0.887586 0.0177212 0.460301 -0.191324 0.0530637 0.988674 -0.140384 0.14455 -0.457576 0.149028 0.876593 0.314262
202 0.887297 0.0204247 0.460747 -0.191231 0.0508592 0.988593 -0.141767 0.141999 -0.458386 0.149223 0.876136 0.321763
203 0.883946 0.0240015 0.466972 -0.192023 0.0503624 0.987985 -0.146113 0.140247 -0.464868 0.152674 0.872117 0.329785
204 0.882141 0.031344 0.46994 -0.191383 0.0447237 0.9877 -0.14983 0.138091 -0.468856 0.153189 0.869889 0.332591
205 0.88222 0.0412586 0.469025 -0.189059 0.0348128 0.987711 -0.152367 0.133555 -0.469548 0.15075 0.869942 0.340558
206 0.884068 0.0459941 0.465089 -0.187516 0.0304606 0.987359 -0.155544 0.132548 -0.466364 0.151679 0.871492 0.340378
207 0.88569 0.0496913 0.461611 -0.185784 0.0291615 0.986339 -0.162129 0.131231 -0.463361 0.157057 0.872141 0.342347
208 0.887312 0.054386 0.457951 -0.180182 0.026775 0.985271 -0.168889 0.126494 -0.460391 0.162119 0.872787 0.34986
209 0.888675 0.053197 0.455441 -0.177383 0.0300565 0.984353 -0.173623 0.125536 -0.457551 0.167983 0.873171 0.352436
210 0.887541 0.058267 0.45703 -0.169034 0.0299464 0.982578 -0.183425 0.120786 -0.459755 0.176483 0.870333 0.360462
211 0.886595 0.0597805 0.458668 -0.165287 0.0302396 0.982001 -0.186442 0.119086 -0.461558 0.179168 0.868829 0.36445
212 0.883356 0.0605421 0.464777 -0.156917 0.0330517 0.981108 -0.190618 0.115735 -0.467537 0.183745 0.864666 0.372076
213 0.88021 0.0591867 0.470879 -0.153252 0.0361606 0.980944 -0.190894 0.114727 -0.473205 0.185054 0.861297 0.375121
214 0.872868 0.0599513 0.48426 -0.143721 0.038506 0.980866 -0.190837 0.113108 -0.486435 0.185223 0.853858 0.376615
215 0.866909 0.0572675 0.495166 -0.139585 0.0435831 0.980866 -0.189743 0.112088 -0.496557 0.186071 0.847826 0.3791
216 0.861444 0.0507066 0.505315 -0.135546 0.0528644 0.980644 -0.188526 0.112052 -0.505094 0.189117 0.842089 0.378502
217 0.848183 0.0395681 0.528224 -0.127979 0.0721071 0.979299 -0.189141 0.111056 -0.524773 0.198515 0.827771 0.381917
218 0.833686 0.0355981 0.55109 -0.119009 0.0820351 0.978865 -0.187333 0.110264 -0.546112 0.201385 0.813146 0.384567
219 0.824746 0.0304639 0.564682 -0.114702 0.089121 0.979068 -0.182985 0.108702 -0.558436 0.201241 0.804768 0.389806
220 0.802497 0.021882 0.596254 -0.110279 0.10375 0.978986 -0.175565 0.107057 -0.587566 0.202752 0.783363 0.388502
221 0.793027 0.0217596 0.608798 -0.105544 0.108607 0.978301 -0.17644 0.106106 -0.599427 0.206041 0.773456 0.389327
222 0.774347 0.0222967 0.632368 -0.100598 0.117166 0.977044 -0.177922 0.102131 -0.621819 0.211866 0.753959 0.399149
223 0.768527 0.0228503 0.63941 -0.0959216 0.118531 0.976978 -0.17738 0.100624 -0.628743 0.212111 0.748125 0.401541
224 0.754939 0.0216258 0.655438 -0.0838028 0.121363 0.977585 -0.172043 0.0977513 -0.644467 0.209428 0.735393 0.412603
225 0.745278 0.0201383 0.666449 -0.0801477 0.127886 0.976668 -0.172524 0.097012 -0.654374 0.213808 0.725314 0.412515
226 0.729711 0.0232168 0.683362 -0.0672844 0.131131 0.97612 -0.173188 0.0926647 -0.671064 0.215987 0.709241 0.425057
227 0.725238 0.0260286 0.688006 -0.0628154 0.128914 0.976479 -0.172832 0.0912507 -0.676321 0.214038 0.704824 0.430595
228 0.711741 0.0276132 0.701899 -0.0533307 0.129772 0.976858 -0.170022 0.0888575 -0.69035 0.212098 0.691687 0.439457
229 0.705036 0.0252414 0.708722 -0.0482104 0.13541 0.976188 -0.169473 0.0869654 -0.696124 0.215453 0.68483 0.444792
230 0.696028 0.0240225 0.717613 -0.0445615 0.137228 0.976566 -0.165792 0.084842 -0.704779 0.213872 0.67642 0.45016
231 0.678912 0.0240684 0.733825 -0.0337021 0.132744 0.978968 -0.154919 0.0810743 -0.722121 0.202587 0.661438 0.458931
232 0.669229 0.0159686 0.742885 -0.0295944 0.142866 0.978351 -0.149731 0.0812347 -0.729193 0.206338 0.652459 0.461519
233 0.648832 0.00822992 0.760887 -0.0275773 0.159327 0.976307 -0.146423 0.0807913 -0.744064 0.216233 0.632148 0.462985
234 0.643348 0.00994308 0.765509 -0.0220562 0.157873 0.976701 -0.145366 0.0783078 -0.749119 0.214375 0.626789 0.467884
235 0.640229 0.00435611 0.768172 -0.0188221 0.162646 0.976544 -0.141095 0.0783431 -0.750768 0.215273 0.624504 0.469981
236 0.635674 -0.00124326 0.771957 -0.0161991 0.167479 0.976403 -0.136339 0.0774005 -0.753571 0.215954 0.620882 0.473355
237 0.632665 -0.00289016 0.77442 -0.012052 0.170444 0.975992 -0.135602 0.0759753 -0.755436 0.217786 0.617969 0.476007
238 0.63585 -0.000604377 0.771813 -0.00872361 0.168989 0.975845 -0.138455 0.0752446 -0.753086 0.218465 0.620593 0.477629
239 0.639228 0.00559817 0.768997 -0.00460308 0.16162 0.976662 -0.141456 0.0750017 -0.751842 0.214708 0.623405 0.480474
240 0.646709 0.0150042 0.76259 0.00531092 0.146611 0.978717 -0.143589 0.0743232 -0.748514 0.204665 0.630745 0.485969
241 0.6483 0.012562 0.761281 0.0108448 0.148449 0.97859 -0.142566 0.0724092 -0.746773 0.205437 0.632555 0.490625
242 0.652012 0.0242225 0.757822 0.0100352 0.13593 0.979562 -0.148261 0.0712438 -0.745925 0.199678 0.635393 0.500157
243 0.659821 0.0286758 0.750875 0.0172891 0.131788 0.979367 -0.153208 0.0720549 -0.739776 0.200046 0.642428 0.503621
244 0.666005 0.0300456 0.745342 0.0221243 0.130517 0.979081 -0.156092 0.0707944 -0.734441 0.201238 0.648151 0.507525
245 0.668875 0.0320091 0.742686 0.0264361 0.131129 0.978326 -0.160262 0.0707958 -0.731718 0.204582 0.65018 0.512658
246 0.677288 0.0384223 0.734714 0.0355566 0.121114 0.979188 -0.162855 0.071428 -0.725681 0.199284 0.658539 0.519552
247 0.681281 0.0338089 0.731241 0.0435641 0.127685 0.978131 -0.164185 0.072148 -0.7208 0.205224 0.662065 0.521429
248 0.681691 0.0212782 0.731331 0.0478371 0.140666 0.977117 -0.159548 0.0722586 -0.717991 0.211636 0.663098 0.524177
249 0.690083 0.0115344 0.723638 0.0526205 0.150435 0.975748 -0.159012 0.0727388 -0.707923 0.218592 0.671612 0.528305
250 0.699437 0.0161656 0.714511 0.0571947 0.144149 0.976007 -0.163189 0.0732995 -0.700006 0.217137 0.680326 0.530437
251 0.708234 0.0177206 0.705755 0.0593118 0.141721 0.975766 -0.166718 0.0737419 -0.691607 0.218096 0.688559 0.535424
252 0.713312 0.0176918 0.700623 0.0513378 0.15476 0.971028 -0.182083 0.0899124 -0.683546 0.23831 0.689908 0.538651
253 0.722902 0.0197751 0.690667 0.0545075 0.153252 0.970104 -0.188181 0.0943326 -0.67374 0.241883 0.69826 0.53788
254 0.749731 0.0295559 0.661083 0.0619083 0.138023 0.970046 -0.1999 0.0950416 -0.647189 0.241116 0.723194 0.542429
255 0.762584 0.0337245 0.646009 0.0677528 0.129835 0.97034 -0.20392 0.0970075 -0.633726 0.239381 0.735587 0.548496
256 0.775871 0.0324545 0.630056 0.072898 0.125911 0.970619 -0.205048 0.101033 -0.618199 0.238422 0.748989 0.548792
257 0.799997 0.0380816 0.598794 0.0783735 0.108508 0.972346 -0.206807 0.101175 -0.590111 0.230419 0.773742 0.552822
258 0.814213 0.0434115 0.578941 0.0803887 0.0969678 0.973024 -0.209335 0.101715 -0.572411 0.226582 0.788039 0.553907
259 0.84231 0.0512111 0.536555 0.08574 0.0820157 0.971706 -0.221496 0.103211 -0.532717 0.230574 0.814278 0.556432
260 0.855066 0.0655062 0.514365 0.086854 0.061738 0.972069 -0.226428 0.103004 -0.514831 0.225367 0.827139 0.557168
261 0.86696 0.0794023 0.492012 0.088609 0.0430123 0.971622 -0.232594 0.10294 -0.496519 0.222812 0.838942 0.559339
262 0.890051 0.080155 0.44876 0.0910123 0.0283283 0.972792 -0.22994 0.099335 -0.454981 0.217371 0.863564 0.57464
263 0.902466 0.0840789 0.422476 0.0952737 0.0170169 0.973042 -0.23 0.100965 -0.430425 0.214756 0.876706 0.575983
264 0.922576 0.0919813 0.374691 0.0983076 -0.0032299 0.972973 -0.230898 0.100041 -0.385802 0.211811 0.897938 0.582625
265 0.930262 0.101028 0.352713 0.103438 -0.0178364 0.972658 -0.231556 0.101114 -0.366463 0.209116 0.906629 0.590383
266 0.940645 0.102651 0.323496 0.106748 -0.0267875 0.972645 -0.230747 0.0990138 -0.338333 0.208386 0.917663 0.596181
267 0.945133 0.0982832 0.311552 0.108731 -0.0263442 0.973496 -0.227184 0.0981592 -0.325622 0.206511 0.922672 0.598853
268 0.947675 0.0998234 0.303229 0.111496 -0.0303107 0.973699 -0.225814 0.0980698 -0.317795 0.204807 0.925776 0.602924
269 0.952431 0.106263 0.285629 0.116676 -0.0407287 0.973216 -0.226256 0.0975151 -0.302021 0.20386 0.931249 0.610077
270 0.955196 0.103227 0.27739 0.118661 -0.0399601 0.973606 -0.224712 0.0965936 -0.293264 0.203559 0.934109 0.613251
271 0.956808 0.103902 0.271521 0.120229 -0.0409345 0.972799 -0.228008 0.0973619 -0.287826 0.207045 0.935034 0.615248
272 0.960486 0.114967 0.253475 0.126223 -0.0560053 0.971908 -0.228602 0.0957226 -0.272636 0.205373 0.939942 0.623436
273 0.962559 0.114718 0.245602 0.129559 -0.0575429 0.97186 -0.228424 0.0947469 -0.264895 0.205739 0.942073 0.627543
274 0.962245 0.115436 0.246492 0.134461 -0.0584245 0.9721 -0.227172 0.0924978 -0.265839 0.204194 0.942143 0.63396
275 0.962075 0.123032 0.243464 0.1375 -0.0669217 0.97169 -0.226585 0.0928894 -0.264449 0.201699 0.943072 0.638687
276 0.962575 0.127234 0.239292 0.140114 -0.0721461 0.971386 -0.226283 0.0922135 -0.261236 0.200551 0.944211 0.64221
277 0.962902 0.135747 0.233222 0.143578 -0.0818706 0.970482 -0.226851 0.0919739 -0.257132 0.199341 0.945593 0.647687
278 0.964852 0.146781 0.217983 0.149452 -0.0953218 0.968463 -0.230203 0.0900946 -0.244898 0.201334 0.948414 0.657745
279 0.965465 0.149197 0.213584 0.15285 -0.0980558 0.967601 -0.232666 0.0886454 -0.241378 0.203688 0.948814 0.663639
280 0.96706 0.144914 0.209274 0.157457 -0.0939487 0.967282 -0.235667 0.0873893 -0.236578 0.208243 0.949034 0.668772
281 0.966738 0.156565 0.202248 0.165321 -0.105667 0.964597 -0.241635 0.0847595 -0.23292 0.212227 0.949056 0.681577
282 0.965672 0.170748 0.195762 0.169272 -0.120729 0.962286 -0.243785 0.0829966 -0.230005 0.211782 0.949866 0.687991
283 0.964782 0.18281 0.189146 0.173933 -0.13423 0.960523 -0.243674 0.0811497 -0.226225 0.209704 0.951234 0.695568
284 0.966662 0.185224 0.176795 0.18277 -0.139518 0.959968 -0.242893 0.0795723 -0.214707 0.210129 0.953806 0.705947
285 0.967367 0.194037 0.162944 0.190215 -0.151971 0.958892 -0.239646 0.0760573 -0.202746 0.207063 0.957089 0.71841
286 0.96773 0.194669 0.160006 0.194282 -0.153773 0.959255 -0.237032 0.0753427 -0.199629 0.204778 0.958235 0.725353
287 0.969644 0.18599 0.158739 0.198216 -0.145935 0.96107 -0.234623 0.0728698 -0.196197 0.204335 0.959038 0.731338
288 0.969462 0.186489 0.159267 0.202728 -0.147661 0.962385 -0.22806 0.0714816 -0.195807 0.197578 0.960532 0.737845
289 0.969829 0.190475 0.152152 0.210116 -0.153279 0.96176 -0.226988 0.0719657 -0.189569 0.196818 0.961939 0.744887
290 0.971397 0.186835 0.146566 0.213724 -0.152178 0.963609 -0.21977 0.0696441 -0.182293 0.19118 0.964479 0.749875
291 0.971697 0.18623 0.145338 0.217321 -0.153703 0.965615 -0.209675 0.0684634 -0.179388 0.181402 0.966909 0.754773
292 0.971479 0.192701 0.138184 0.221777 -0.163005 0.965927 -0.201032 0.0687174 -0.172214 0.172774 0.969789 0.760612
293 0.971917 0.196795 0.12903 0.224775 -0.169536 0.96583 -0.196037 0.0691441 -0.1632 0.168657 0.97207 0.763635
294 0.972617 0.196885 0.123499 0.231832 -0.170954 0.966043 -0.193741 0.0688505 -0.15745 0.167323 0.973248 0.767038
295 0.973143 0.192328 0.126497 0.234949 -0.166704 0.96774 -0.188914 0.0677504 -0.15875 0.162753 0.973812 0.770168
296 0.97372 0.187351 0.129498 0.238127 -0.161674 0.969086 -0.186369 0.0683641 -0.160411 0.160535 0.973908 0.772161
297 0.972981 0.192072 0.128129 0.241906 -0.166619 0.968275 -0.186229 0.068753 -0.159833 0.159848 0.974116 0.773496
298 0.971825 0.200147 0.124486 0.244666 -0.175385 0.96689 -0.185377 0.0680162 -0.157467 0.158321 0.974751 0.775224
299 0.970996 0.206653 0.120256 0.247573 -0.182996 0.96603 -0.182481 0.0671616 -0.153881 0.155182 0.975828 0.777301
300 0.970891 0.209651 0.115836 0.249608 -0.187598 0.966265 -0.176462 0.0665692 -0.148924 0.149595 0.977468 0.779123
301 0.969808 0.215656 0.113863 0.250701 -0.194062 0.965214 -0.175219 0.0678785 -0.147689 0.147833 0.977923 0.777579
302 0.968781 0.225437 0.103158 0.262439 -0.204934 0.962359 -0.178516 0.0684987 -0.139519 0.151802 0.978514 0.780886
303 0.968958 0.226934 0.0980858 0.265886 -0.207647 0.962371 -0.175285 0.0681218 -0.134173 0.149476 0.97962 0.78294
304 0.970745 0.219512 0.0973106 0.267605 -0.200578 0.964116 -0.17392 0.0690491 -0.131996 0.149314 0.97994 0.780747
305 0.968376 0.230247 0.0960981 0.270178 -0.210599 0.960861 -0.179985 0.0698766 -0.133778 0.154055 0.978964 0.779891
306 0.96649 0.245045 0.0764895 0.277275 -0.227609 0.955806 -0.186088 0.0694758 -0.118709 0.162443 0.979551 0.78487
307 0.965698 0.253542 0.0560653 0.282321 -0.239624 0.953318 -0.183754 0.0685021 -0.100037 0.164016 0.981372 0.781462
308 0.96617 0.253194 0.0490754 0.284014 -0.240736 0.95364 -0.180603 0.0686563 -0.0925277 0.162679 0.982331 0.780076
309 0.965761 0.255967 0.042266 0.286701 -0.245116 0.953648 -0.174565 0.0692751 -0.0849897 0.158228 0.983738 0.780106
310 0.965216 0.260071 0.0268387 0.289957 -0.251952 0.95265 -0.170229 0.0701867 -0.0698396 0.157545 0.985039 0.780402
311 0.966167 0.257889 0.00382898 0.292434 -0.253537 0.952376 -0.169409 0.0703392 -0.0473353 0.162707 0.985538 0.780435
312 0.966783 0.254899 -0.0188943 0.295811 -0.25428 0.951666 -0.172258 0.0703618 -0.0259275 0.171341 0.984871 0.776223
313 0.96637 0.254798 -0.0347359 0.297967 -0.256902 0.950582 -0.174342 0.0700561 -0.0114027 0.177403 0.984072 0.775932
314 0.966021 0.251964 -0.0575891 0.300903 -0.258241 0.950141 -0.17477 0.0695964 0.0106819 0.183704 0.982924 0.776157
315 0.965123 0.247763 -0.0845627 0.303223 -0.259157 0.949932 -0.174545 0.0689763 0.037083 0.190373 0.981011 0.776426
316 0.961235 0.252346 -0.111129 0.309482 -0.268494 0.948352 -0.168934 0.0670864 0.0627597 0.192223 0.979342 0.779598
317 0.958238 0.249388 -0.139949 0.311266 -0.270883 0.948424 -0.164662 0.0670425 0.0916662 0.195695 0.976371 0.779793
318 0.955516 0.244223 -0.165363 0.312257 -0.270549 0.949029 -0.161701 0.0677392 0.117443 0.199246 0.972886 0.77679
319 0.95069 0.250172 -0.18331 0.310933 -0.279488 0.947275 -0.156704 0.0680945 0.134442 0.20021 0.970485 0.775289
320 0.945991 0.255721 -0.199268 0.311888 -0.287141 0.946257 -0.148819 0.0683549 0.150502 0.197999 0.968579 0.773728
321 0.945967 0.255777 -0.199311 0.311944 -0.287253 0.946175 -0.149127 0.0686882 0.15044 0.198321 0.968523 0.774272
322 0.94377 0.255376 -0.209958 0.312792 -0.288455 0.946368 -0.145535 0.0692723 0.161531 0.197915 0.966818 0.772421
323 0.940002 0.259746 -0.221198 0.314504 -0.294921 0.944597 -0.144081 0.069612 0.171518 0.200672 0.964527 0.770623
324 0.933798 0.268304 -0.236714 0.316038 -0.306386 0.941297 -0.141728 0.0695767 0.184792 0.204871 0.961187 0.768943
325 0.929295 0.273115 -0.248634 0.315639 -0.313009 0.939721 -0.137656 0.0700064 0.196051 0.205748 0.958766 0.767891
326 0.928793 0.27104 -0.252745 0.316295 -0.311092 0.940849 -0.134254 0.0710803 0.201406 0.203321 0.958173 0.76558
327 0.926525 0.274173 -0.257646 0.318414 -0.314433 0.940323 -0.130097 0.0705438 0.206601 0.201551 0.957441 0.76487
328 0.922237 0.27998 -0.266628 0.320097 -0.320918 0.938948 -0.124052 0.0704688 0.215618 0.199971 0.955783 0.764455
329 0.920179 0.280458 -0.273155 0.320911 -0.320963 0.939941 -0.116161 0.071217 0.224171 0.194562 0.954931 0.763116
330 0.917487 0.286388 -0.276044 0.321666 -0.326404 0.93869 -0.111006 0.0712617 0.227329 0.191948 0.954713 0.760208
331 0.912445 0.29568 -0.282874 0.323236 -0.337386 0.934778 -0.111182 0.0707736 0.23155 0.196885 0.952691 0.758201
332 0.909418 0.296398 -0.291731 0.322763 -0.340228 0.933647 -0.112016 0.0708418 0.239172 0.201124 0.949919 0.756067
333 0.908674 0.293651 -0.296783 0.323525 -0.33833 0.93442 -0.111322 0.0713436 0.24463 0.201566 0.948434 0.755572
334 0.907627 0.29494 -0.298702 0.324435 -0.339937 0.9339 -0.110783 0.0714254 0.246284 0.20209 0.947895 0.755098
335 0.904989 0.299849 -0.301804 0.325811 -0.344861 0.932456 -0.107685 0.0710532 0.24913 0.201534 0.947269 0.754944
336 0.902723 0.29951 -0.308844 0.327061 -0.344939 0.932899 -0.103522 0.0704341 0.257114 0.199984 0.945462 0.753424
337 0.898292 0.301545 -0.319598 0.328203 -0.348979 0.931572 -0.101922 0.0699115 0.266994 0.203088 0.942056 0.753319
338 0.892851 0.30547 -0.330915 0.328958 -0.354847 0.92964 -0.0992636 0.0695824 0.27731 0.206052 0.938425 0.75321
339 0.888887 0.305981 -0.340961 0.329753 -0.356142 0.929675 -0.094166 0.0695349 0.28817 0.205134 0.935349 0.753576
340 0.885263 0.303829 -0.352133 0.33168 -0.353951 0.931273 -0.0863092 0.0692076 0.301709 0.201044 0.931962 0.752271
341 0.881735 0.298586 -0.365226 0.333286 -0.348598 0.934022 -0.0779926 0.0684838 0.317841 0.196086 0.927646 0.750819
342 0.875542 0.294428 -0.383065 0.333959 -0.345607 0.93571 -0.0707296 0.0684257 0.337613 0.194317 0.921009 0.750278
343 0.867597 0.292502 -0.402143 0.334273 -0.345479 0.936215 -0.0643833 0.0688382 0.35766 0.19479 0.91331 0.750315
344 0.857488 0.295032 -0.421509 0.335074 -0.350117 0.934917 -0.0578649 0.0681222 0.377004 0.197196 0.904976 0.748513
345 0.842255 0.300609 -0.447483 0.334637 -0.360254 0.931382 -0.0523912 0.0679354 0.401029 0.205334 0.892756 0.749288
346 0.829957 0.305777 -0.466553 0.333228 -0.366615 0.929375 -0.043068 0.0681522 0.420433 0.20679 0.883444 0.7503
347 0.820717 0.305577 -0.482748 0.33462 -0.3648 0.930565 -0.031151 0.0677335 0.439709 0.201673 0.875205 0.748945
348 0.810735 0.304529 -0.499971 0.333777 -0.365598 0.930406 -0.0261376 0.0676695 0.457216 0.203979 0.865648 0.7484
349 0.798436 0.306598 -0.518167 0.333182 -0.368646 0.929393 -0.0181206 0.0674869 0.476025 0.205488 0.855087 0.749179
350 0.785231 0.310939 -0.535472 0.333609 -0.374007 0.927373 -0.00994551 0.0673594 0.493489 0.208079 0.844495 0.748872
351 0.771261 0.313603 -0.553905 0.333701 -0.377274 0.926101 -0.0009907 0.0670465 0.512661 0.209738 0.83258 0.749633
