14 0.99801 -0.00484768 0.0628744 -0.013169 0.00478305 0.999988 0.0011785 -0.00639621 -0.0628794 -0.000875421 0.998021 0.0201448
15 0.997897 -0.00730529 0.0644057 -0.0161065 0.00740165 0.999972 -0.00125764 -0.00656338 -0.0643947 0.0017317 0.997923 0.0244722
16 0.997815 -0.0090978 0.0654468 -0.0177115 0.0092622 0.999955 -0.00220895 -0.00851592 -0.0654238 0.00281031 0.997854 0.0265305
17 0.997507 -0.0133208 0.0692967 -0.0207425 0.0136783 0.999895 -0.00468692 -0.0097312 -0.069227 0.0056231 0.997585 0.030405
18 0.99723 -0.0139487 0.0730578 -0.0229508 0.0146517 0.999851 -0.00909606 -0.0116888 -0.07292 0.0101413 0.997286 0.0342919
19 0.996763 -0.0152441 0.0789388 -0.0243756 0.0163347 0.99978 -0.0131889 -0.0144148 -0.0787204 0.0144356 0.996792 0.0374382
20 0.99635 -0.0165217 0.0837513 -0.0237399 0.0179491 0.999706 -0.0163197 -0.0168146 -0.083457 0.0177634 0.996353 0.0374464
21 0.995965 -0.0185612 0.0878 -0.0262071 0.0204475 0.999578 -0.0206335 -0.0153374 -0.08738 0.0223455 0.995924 0.0427407
22 0.995946 -0.020333 0.0876259 -0.0304363 0.0227488 0.999386 -0.0266594 -0.0133481 -0.08703 0.0285447 0.995797 0.0514505
23 0.996715 -0.011465 0.0801735 -0.0298145 0.013833 0.999482 -0.0290423 -0.0174551 -0.079799 0.030056 0.996358 0.0564104
24 0.997209 -0.0118259 0.0737233 -0.0293858 0.0143591 0.999321 -0.0339266 -0.0185884 -0.0732721 0.0348905 0.996701 0.0586364
25 0.997582 -0.0144136 0.0679925 -0.0306213 0.0170191 0.999137 -0.0378981 -0.0194308 -0.0673876 0.0389637 0.996966 0.0628105
26 0.998214 -0.0149101 0.0578478 -0.0282553 0.0171707 0.9991 -0.0387815 -0.0215193 -0.0572175 0.0397056 0.997572 0.0624693
27 0.998576 -0.0150109 0.0512014 -0.0283856 0.0169177 0.999172 -0.0370133 -0.0236977 -0.0506034 0.0378268 0.998002 0.0659198
28 0.998867 -0.0120632 0.0460251 -0.0288092 0.0137526 0.999237 -0.0365679 -0.0282092 -0.0455488 0.0371594 0.998271 0.0719245
29 0.999175 -0.00635027 0.0401078 -0.0276421 0.00790161 0.999222 -0.03864 -0.0331818 -0.0398312 0.0389251 0.998448 0.0725251
30 0.999435 -0.00431653 0.0333362 -0.0263414 0.00575114 0.999056 -0.0430595 -0.0334933 -0.0331188 0.0432269 0.998516 0.0757859
31 0.999435 -0.00431952 0.0333385 -0.0263446 0.00575444 0.999056 -0.0430658 -0.033488 -0.033121 0.0432333 0.998516 0.0757911
32 0.999683 -0.00420584 0.0248224 -0.0258447 0.00530689 0.998997 -0.0444594 -0.0348924 -0.0246105 0.044577 0.998703 0.0820143
33 0.999938 -0.00161226 0.0109874 -0.0233859 0.00207817 0.999093 -0.0425246 -0.0371698 -0.0109089 0.0425448 0.999035 0.0850462
34 1 -0.000488406 -0.000547771 -0.0226262 0.000469185 0.999403 -0.0345587 -0.0426173 0.000564322 0.0345584 0.999403 0.0881608
35 0.999896 -0.000371291 -0.0144139 -0.0224978 -5.90285e-05 0.999555 -0.0298427 -0.0463447 0.0144185 0.0298404 0.999451 0.0968016
36 0.999476 0.00616215 -0.03179 -0.0199773 -0.00717657 0.999465 -0.031895 -0.050519 0.0315765 0.0321064 0.998986 0.104422
37 0.99882 0.0142455 -0.0464209 -0.0153888 -0.0157761 0.999338 -0.0327728 -0.0545413 0.0459233 0.0334665 0.998384 0.106403
38 0.998272 0.0200386 -0.0552391 -0.0156949 -0.0216407 0.999358 -0.0285585 -0.0624897 0.0546314 0.0297046 0.998065 0.112997
39 0.998274 0.0200206 -0.0552126 -0.0157286 -0.0216235 0.999357 -0.0285878 -0.0624663 0.0546048 0.0297323 0.998065 0.113021
40 0.99716 0.0226091 -0.0718342 -0.0155396 -0.0252185 0.999047 -0.035628 -0.0651346 0.0709602 0.0373384 0.99678 0.122343
41 0.994722 0.0271578 -0.0989452 -0.0109972 -0.0311951 0.998733 -0.0394871 -0.067791 0.0977474 0.0423653 0.994309 0.126218
42 0.99117 0.0357534 -0.127688 -0.00475296 -0.0405844 0.998548 -0.0354339 -0.074648 0.126236 0.0403031 0.991181 0.130616
43 0.98702 0.0460269 -0.153859 -0.000147421 -0.0515435 0.998156 -0.0320578 -0.0787685 0.1521 0.0395721 0.987573 0.136931
44 0.987059 0.0450964 -0.153885 0.000142269 -0.0501129 0.998326 -0.0288759 -0.0816162 0.152325 0.0362138 0.987667 0.136154
45 0.981525 0.056031 -0.182948 0.00785124 -0.061505 0.997809 -0.0243806 -0.0860812 0.181181 0.0351824 0.98282 0.142949
46 0.975592 0.0673665 -0.209002 0.0163503 -0.072202 0.997268 -0.0155846 -0.0929151 0.207382 0.0302946 0.977791 0.149569
47 0.968831 0.0855363 -0.232485 0.0244543 -0.0895502 0.995959 -0.00674595 -0.0983493 0.230969 0.0273548 0.972576 0.156737
48 0.968939 0.0846544 -0.232358 0.0244467 -0.088281 0.996082 -0.00523405 -0.0998437 0.231005 0.0255843 0.972616 0.155643
49 0.962479 0.100918 -0.251891 0.0322631 -0.103933 0.994583 0.0013412 -0.105032 0.250662 0.0248888 0.967755 0.162162
50 0.956601 0.114653 -0.267896 0.0381025 -0.116769 0.993126 0.0080764 -0.110828 0.266981 0.0235561 0.963414 0.165968
51 0.949766 0.129142 -0.285073 0.0439847 -0.130611 0.991336 0.0139359 -0.114361 0.284403 0.0239979 0.958404 0.170842
52 0.950035 0.129708 -0.283919 0.0432718 -0.130663 0.991303 0.0156565 -0.11572 0.28348 0.0222236 0.95872 0.169218
53 0.942895 0.143538 -0.300575 0.0504522 -0.142968 0.989436 0.0240148 -0.120101 0.300847 0.0203291 0.953456 0.174254
54 0.935779 0.157902 -0.315254 0.0588273 -0.154904 0.987319 0.0347152 -0.127659 0.316738 0.0163482 0.948372 0.177837
55 0.935769 0.15789 -0.315289 0.0588532 -0.154904 0.987321 0.0346808 -0.127633 0.316767 0.0163861 0.948362 0.177861
56 0.930303 0.167687 -0.326218 0.0685257 -0.163664 0.985707 0.0399522 -0.13449 0.328255 0.0162226 0.94445 0.181897
57 0.929171 0.171362 -0.327531 0.0734566 -0.168272 0.985009 0.03798 -0.140145 0.329129 0.0198243 0.944077 0.182911
58 0.928233 0.171995 -0.32985 0.079918 -0.171123 0.984733 0.031914 -0.139998 0.330303 0.0268212 0.943494 0.18435
59 0.928283 0.172072 -0.32967 0.0798056 -0.171171 0.984722 0.0319948 -0.140032 0.330138 0.0267297 0.943554 0.1842
60 0.92806 0.17282 -0.329906 0.0869738 -0.171217 0.984641 0.0341496 -0.141784 0.33074 0.0247927 0.943396 0.186125
61 0.929038 0.171989 -0.32758 0.0916911 -0.168738 0.984907 0.038554 -0.147228 0.329266 0.0194569 0.944037 0.186178
62 0.930492 0.169358 -0.324811 0.0977639 -0.16645 0.985358 0.0369382 -0.150325 0.326311 0.0196941 0.945057 0.186301
63 0.930412 0.1688 -0.325332 0.0980409 -0.166193 0.985436 0.0360048 -0.149584 0.326671 0.0205686 0.944914 0.186742
64 0.933151 0.164448 -0.319666 0.100959 -0.16148 0.98622 0.0359639 -0.152863 0.321175 0.0180599 0.946848 0.184645
65 0.934255 0.159972 -0.318711 0.104757 -0.15652 0.986997 0.0365922 -0.157572 0.32042 0.0156981 0.947145 0.182659
66 0.934888 0.160619 -0.316523 0.103448 -0.156838 0.98691 0.0375636 -0.158208 0.318413 0.0145253 0.947841 0.180485
67 0.934976 0.155813 -0.318656 0.109015 -0.152795 0.987652 0.03461 -0.160549 0.320113 0.0163295 0.947238 0.178682
68 0.935603 0.150612 -0.319317 0.11423 -0.148007 0.98845 0.0325599 -0.162319 0.320533 0.0167982 0.947088 0.175666
69 0.93614 0.145742 -0.320001 0.118871 -0.142985 0.9892 0.0322296 -0.163925 0.321242 0.0155838 0.946869 0.173093
70 0.936105 0.145738 -0.320105 0.118982 -0.142948 0.989202 0.0323314 -0.164011 0.32136 0.0154929 0.94683 0.17307
71 0.936096 0.143963 -0.320935 0.123182 -0.140325 0.989502 0.0345678 -0.16901 0.322542 0.0126764 0.94647 0.17005
72 0.936634 0.137007 -0.322406 0.127314 -0.133972 0.990478 0.0316981 -0.170459 0.323678 0.0135037 0.946071 0.165748
73 0.936122 0.132156 -0.325899 0.131319 -0.129413 0.991131 0.0301865 -0.171876 0.326998 0.0139174 0.944923 0.162242
74 0.934071 0.130247 -0.332486 0.137734 -0.128538 0.991331 0.0272327 -0.170223 0.33315 0.0172997 0.942715 0.159031
75 0.934108 0.131631 -0.331835 0.137285 -0.129398 0.991171 0.0289205 -0.171562 0.332712 0.015924 0.942894 0.157943
76 0.933731 0.130627 -0.33329 0.142376 -0.126817 0.991368 0.0332642 -0.172299 0.334759 0.011207 0.942237 0.154796
77 0.934328 0.131904 -0.331107 0.144555 -0.127219 0.991225 0.0358857 -0.172409 0.332935 0.00859412 0.942911 0.15083
78 0.933936 0.136387 -0.330398 0.147046 -0.129582 0.990651 0.0426479 -0.175209 0.333126 0.00298334 0.942878 0.146943
79 0.933978 0.136516 -0.330224 0.146946 -0.129626 0.990634 0.0429097 -0.175423 0.332989 0.00272865 0.942927 0.146764
80 0.933469 0.137162 -0.331395 0.147589 -0.128756 0.990548 0.0473033 -0.176876 0.33475 -0.00148722 0.942306 0.142312
81 0.931505 0.131467 -0.339138 0.151885 -0.120902 0.991291 0.0521959 -0.179927 0.343047 -0.00761836 0.939287 0.139274
82 0.928609 0.127577 -0.348438 0.159958 -0.115626 0.99177 0.0549771 -0.184763 0.352584 -0.0107638 0.935718 0.13715
83 0.92785 0.128159 -0.350243 0.161459 -0.115672 0.991683 0.0564368 -0.185815 0.354563 -0.0118517 0.934957 0.137501
84 0.926737 0.126248 -0.353863 0.167677 -0.11462 0.991956 0.0537207 -0.186855 0.357799 -0.00922513 0.933753 0.133997
85 0.926419 0.119931 -0.356882 0.174396 -0.108683 0.992742 0.0514859 -0.189397 0.360466 -0.00891052 0.93273 0.131923
86 0.927499 0.109824 -0.357328 0.181174 -0.0989833 0.993904 0.0485489 -0.191406 0.360482 -0.0096595 0.932716 0.128462
87 0.927462 0.109702 -0.357462 0.181261 -0.0989336 0.99392 0.0483333 -0.191219 0.360591 -0.00946229 0.932676 0.1286
88 0.928167 0.102996 -0.357629 0.188264 -0.0936007 0.994658 0.0435337 -0.191169 0.360202 -0.00693219 0.932848 0.125092
89 0.929085 0.0974231 -0.356806 0.195468 -0.0888141 0.995225 0.0404763 -0.192143 0.359046 -0.00591651 0.933301 0.123179
90 0.931518 0.0895328 -0.352504 0.201457 -0.0813974 0.995962 0.0378666 -0.195795 0.35447 -0.00658053 0.935044 0.120031
91 0.933745 0.0747915 -0.350037 0.210367 -0.0690622 0.997195 0.0288406 -0.194578 0.351213 -0.00275549 0.936292 0.11696
92 0.933749 0.0747746 -0.350031 0.210354 -0.0690559 0.997197 0.0288092 -0.194549 0.351204 -0.00272891 0.936295 0.116968
93 0.93615 0.0661552 -0.34532 0.21904 -0.0625725 0.997808 0.0215247 -0.192002 0.345987 0.00145714 0.938238 0.114218
94 0.938928 0.0610741 -0.33865 0.227598 -0.0573712 0.998133 0.0209439 -0.195463 0.339296 -0.000236065 0.940679 0.112251
95 0.942225 0.0505188 -0.331151 0.237854 -0.0480905 0.998722 0.0155283 -0.199943 0.331512 0.0012941 0.94345 0.111783
96 0.946365 0.0381649 -0.320838 0.249617 -0.0392845 0.999224 0.00298516 -0.199869 0.320703 0.00977894 0.947129 0.109173
97 0.952368 0.029025 -0.303568 0.252197 -0.0319915 0.999477 -0.00480227 -0.196985 0.30327 0.0142851 0.952798 0.101795
98 0.952367 0.0290271 -0.303569 0.252199 -0.0319926 0.999477 -0.00479902 -0.196988 0.303271 0.0142824 0.952797 0.101794
99 0.954909 0.0233221 -0.29598 0.260041 -0.0263626 0.999633 -0.0062857 -0.199178 0.295724 0.0138051 0.955174 0.0991098
100 0.957468 0.0131265 -0.288239 0.269073 -0.0176321 0.999759 -0.013041 -0.200485 0.287999 0.0175686 0.95747 0.0977057
101 0.960358 0.0104026 -0.278577 0.282007 -0.016657 0.999659 -0.0200939 -0.200404 0.278273 0.0239376 0.960204 0.0949711
102 0.966161 0.00985562 -0.25775 0.286039 -0.0166193 0.999572 -0.0240757 -0.201175 0.257402 0.0275446 0.965912 0.0917562
103 0.970347 0.0122797 -0.241403 0.288423 -0.0199063 0.999376 -0.0291796 -0.197836 0.240894 0.0331197 0.969986 0.0842205
104 0.972728 0.00939924 -0.231757 0.292001 -0.0161045 0.999504 -0.0270574 -0.198212 0.231388 0.0300519 0.972397 0.084861
105 0.974268 0.00757001 -0.225266 0.298245 -0.0140624 0.99953 -0.0272304 -0.198535 0.224954 0.0296975 0.973917 0.0825142
106 0.976011 0.00881835 -0.217541 0.302439 -0.0145856 0.999583 -0.0249195 -0.199913 0.21723 0.0274947 0.975733 0.0833103
107 0.975999 0.00861981 -0.217604 0.302414 -0.0144406 0.999579 -0.0251735 -0.199639 0.217295 0.0277116 0.975713 0.08349
108 0.977171 0.0110757 -0.212166 0.308164 -0.0170629 0.999506 -0.0264091 -0.200839 0.211768 0.0294264 0.976877 0.0833676
109 0.97909 0.0106901 -0.203146 0.309824 -0.0170601 0.999415 -0.0296316 -0.198666 0.20271 0.0324777 0.9787 0.0833778
110 0.980184 0.00856103 -0.197904 0.311519 -0.0149453 0.999414 -0.0307882 -0.197955 0.197524 0.0331359 0.979738 0.0824918
111 0.979982 0.00557702 -0.199006 0.315554 -0.011221 0.999566 -0.0272445 -0.19908 0.198768 0.0289322 0.979619 0.0827845
112 0.979141 0.00373309 -0.20315 0.322605 -0.00869181 0.999686 -0.0235225 -0.202295 0.202998 0.0247975 0.978865 0.0860852
113 0.9792 0.00243557 -0.202882 0.328513 -0.006876 0.999752 -0.0211849 -0.205409 0.20278 0.0221392 0.978974 0.0898632
114 0.979635 -0.00476505 -0.200729 0.332619 0.000771457 0.9998 -0.019969 -0.208206 0.200784 0.0194075 0.979443 0.0937053
115 0.979236 -0.00912687 -0.202517 0.339142 0.00558087 0.999821 -0.0180738 -0.211897 0.202646 0.0165683 0.979112 0.0996919
116 0.979338 -0.0119572 -0.201879 0.34472 0.00841681 0.999796 -0.0183864 -0.21643 0.202057 0.0163073 0.979238 0.105216
117 0.979329 -0.0119407 -0.201922 0.344773 0.00840688 0.999796 -0.0183493 -0.21647 0.2021 0.0162725 0.97923 0.105219
118 0.979752 -0.0122664 -0.19984 0.35065 0.00852893 0.999772 -0.0195525 -0.220746 0.200035 0.0174522 0.979633 0.110351
119 0.980488 -0.0170151 -0.19584 0.356522 0.0130183 0.99968 -0.0216779 -0.226471 0.196146 0.0187054 0.980396 0.118003
120 0.981784 -0.0232111 -0.188578 0.358436 0.0183121 0.999449 -0.0276797 -0.229213 0.189117 0.0237222 0.981668 0.123419
121 0.98193 -0.0319803 -0.186525 0.362105 0.0261713 0.999095 -0.0335236 -0.233563 0.187429 0.0280362 0.981878 0.131346
122 0.98149 -0.0412661 -0.187016 0.370254 0.0340703 0.998556 -0.041531 -0.239787 0.18846 0.0343905 0.981479 0.138401
123 0.981855 -0.046249 -0.183907 0.376636 0.037888 0.998094 -0.0487216 -0.243868 0.18581 0.0408696 0.981735 0.145082
124 0.982722 -0.0508501 -0.177967 0.381135 0.0413499 0.997535 -0.0566917 -0.248878 0.180411 0.0483533 0.982402 0.151953
125 0.983165 -0.0595252 -0.172752 0.385782 0.0487829 0.996641 -0.06578 -0.255984 0.176087 0.0562452 0.982766 0.160763
126 0.98324 -0.0698565 -0.168404 0.394979 0.0572346 0.995256 -0.0786783 -0.260669 0.173101 0.0677211 0.982573 0.166819
127 0.983213 -0.0698365 -0.16857 0.3952 0.0572248 0.995266 -0.0785532 -0.260792 0.173258 0.0675881 0.982555 0.166722
128 0.984377 -0.0783011 -0.157706 0.400899 0.0648216 0.993931 -0.0888811 -0.264917 0.163708 0.0772698 0.983478 0.17443
129 0.985127 -0.0856381 -0.148963 0.402733 0.0712438 0.992491 -0.0994262 -0.268477 0.156359 0.0873348 0.983831 0.182103
130 0.985523 -0.0947788 -0.140577 0.405164 0.0796224 0.990761 -0.109787 -0.27085 0.149683 0.0970042 0.983964 0.18729
131 0.985188 -0.103538 -0.136694 0.411247 0.0878576 0.989337 -0.116158 -0.273408 0.147264 0.102428 0.983779 0.194442
132 0.985281 -0.10879 -0.131856 0.413411 0.0930796 0.988404 -0.119974 -0.278243 0.143379 0.105935 0.983982 0.203547
133 0.984725 -0.115793 -0.130031 0.418368 0.0997961 0.987319 -0.123457 -0.283745 0.142678 0.108595 0.983794 0.210902
134 0.984723 -0.125625 -0.120579 0.417341 0.109723 0.985355 -0.130524 -0.288329 0.13521 0.115299 0.984085 0.216763
135 0.983787 -0.134746 -0.118348 0.422408 0.117734 0.983046 -0.14057 -0.291803 0.135283 0.124357 0.982972 0.223447
136 0.983787 -0.134752 -0.118347 0.422405 0.117736 0.983041 -0.140597 -0.291776 0.135286 0.124384 0.982968 0.223458
137 0.983076 -0.142029 -0.115708 0.426144 0.124363 0.981173 -0.14776 -0.293083 0.134516 0.13087 0.982231 0.229263
138 0.982057 -0.149059 -0.115522 0.431048 0.131195 0.980053 -0.149281 -0.296844 0.135469 0.131447 0.982023 0.235369
139 0.982079 -0.153536 -0.109307 0.432071 0.136402 0.979238 -0.149957 -0.303804 0.130061 0.13236 0.982632 0.239978
140 0.981496 -0.160799 -0.103964 0.438203 0.143917 0.977628 -0.153399 -0.308214 0.126304 0.135598 0.98268 0.245858
141 0.981553 -0.167838 -0.091566 0.439666 0.152218 0.975811 -0.156917 -0.312096 0.115688 0.140084 0.983358 0.252592
142 0.98156 -0.173767 -0.0796584 0.437419 0.159266 0.973869 -0.161908 -0.31632 0.105711 0.146235 0.983585 0.259579
143 0.980827 -0.179733 -0.0753316 0.441244 0.165204 0.971879 -0.167807 -0.322809 0.103374 0.152145 0.982937 0.26464
144 0.980117 -0.185243 -0.0711008 0.448284 0.170715 0.969898 -0.173649 -0.32358 0.101128 0.158058 0.982238 0.268521
145 0.980116 -0.185244 -0.0711158 0.448301 0.170711 0.969896 -0.173666 -0.323561 0.101145 0.158072 0.982234 0.268524
146 0.980147 -0.189162 -0.0594162 0.446034 0.176445 0.968844 -0.173806 -0.327192 0.0904425 0.159871 0.982986 0.276089
147 0.979093 -0.196182 -0.0537626 0.447537 0.184109 0.967041 -0.175888 -0.331392 0.0864966 0.162312 0.982941 0.282307
148 0.978194 -0.202186 -0.0475085 0.449258 0.190967 0.965505 -0.177008 -0.333113 0.0816583 0.164076 0.983062 0.288918
149 0.978216 -0.203379 -0.0416048 0.453726 0.193356 0.965588 -0.173935 -0.340644 0.0755478 0.162101 0.983878 0.295107
150 0.977729 -0.207714 -0.0300042 0.456175 0.199425 0.964065 -0.175521 -0.344505 0.0653843 0.165628 0.984018 0.302682
151 0.977721 -0.207757 -0.0299876 0.456206 0.199472 0.964061 -0.175493 -0.344503 0.0653698 0.165601 0.984024 0.30259
152 0.97679 -0.21364 -0.0154518 0.455705 0.207612 0.96204 -0.177134 -0.345753 0.0527083 0.169815 0.984065 0.30825
153 0.975116 -0.221597 -0.00659337 0.453521 0.217008 0.960162 -0.176058 -0.348216 0.0453447 0.170246 0.984358 0.314746
154 0.972384 -0.23336 -0.00363145 0.455119 0.229209 0.957786 -0.173521 -0.353082 0.0439712 0.167897 0.984823 0.322242
155 0.969655 -0.244443 0.00419404 0.455547 0.241401 0.954591 -0.17459 -0.357222 0.0386738 0.170305 0.984632 0.328333
156 0.968022 -0.250518 0.0132151 0.457022 0.248895 0.95249 -0.175542 -0.361493 0.0313892 0.173218 0.984383 0.335508
157 0.968037 -0.250455 0.0132741 0.45696 0.248843 0.952504 -0.175536 -0.361511 0.0313203 0.173229 0.984383 0.335504
158 0.965791 -0.258017 0.0259647 0.456287 0.258416 0.949228 -0.17941 -0.363307 0.0216446 0.179983 0.983432 0.341063
159 0.96333 -0.266071 0.0346782 0.454756 0.267934 0.946928 -0.177592 -0.365979 0.0144142 0.180371 0.983493 0.345396
160 0.961136 -0.273392 0.0383919 0.453035 0.275824 0.945011 -0.175711 -0.370149 0.0117573 0.179472 0.983693 0.352497
161 0.959872 -0.277787 0.0384719 0.457276 0.280177 0.94398 -0.174366 -0.376368 0.01212 0.178148 0.983929 0.35906
162 0.96033 -0.276047 0.0395545 0.456556 0.278658 0.944427 -0.17438 -0.376647 0.0107807 0.178485 0.983884 0.358867
163 0.958752 -0.280326 0.0470394 0.459993 0.284202 0.942522 -0.175731 -0.379942 0.0049262 0.181851 0.983314 0.364873
164 0.95523 -0.289764 0.0597677 0.458491 0.295807 0.939321 -0.173708 -0.38514 -0.00580685 0.18361 0.982982 0.372286
165 0.952915 -0.295267 0.0690746 0.455355 0.303013 0.935963 -0.179321 -0.387201 -0.0117037 0.191808 0.981363 0.377794
166 0.953585 -0.292752 0.0705102 0.45763 0.300816 0.936717 -0.179085 -0.39153 -0.0136205 0.191983 0.981304 0.381789
167 0.95421 -0.289193 0.0764907 0.456568 0.29851 0.937107 -0.180893 -0.397592 -0.019367 0.195443 0.980524 0.392664
168 0.954759 -0.287546 0.0758475 0.456678 0.296709 0.938234 -0.177992 -0.401069 -0.0199818 0.192444 0.981105 0.392275
169 0.953476 -0.289504 0.0840846 0.458361 0.300354 0.936206 -0.182501 -0.406793 -0.0258858 0.199265 0.979604 0.398829
170 0.951644 -0.291625 0.0965857 0.455133 0.30509 0.933988 -0.185977 -0.412073 -0.0359744 0.206451 0.977795 0.404328
171 0.949925 -0.293881 0.106188 0.448956 0.309505 0.931656 -0.190327 -0.418458 -0.0429975 0.213662 0.975961 0.41087
172 0.948664 -0.297815 0.106504 0.448618 0.313833 0.92819 -0.199929 -0.421551 -0.0393143 0.22309 0.974005 0.416878
173 0.948665 -0.297824 0.106465 0.44866 0.313832 0.928199 -0.199892 -0.421586 -0.0392882 0.223043 0.974017 0.416859
174 0.94742 -0.301201 0.108039 0.450437 0.317793 0.925171 -0.207525 -0.424431 -0.0374478 0.230947 0.972245 0.421597
175 0.946621 -0.302182 0.112224 0.449806 0.319909 0.923432 -0.211969 -0.428342 -0.0395777 0.236556 0.970811 0.426702
176 0.944358 -0.308186 0.114933 0.452095 0.326469 0.92081 -0.213368 -0.437418 -0.0400745 0.239018 0.970188 0.432134
177 0.944348 -0.308207 0.114954 0.452069 0.326499 0.920778 -0.213464 -0.437325 -0.0400563 0.239116 0.970164 0.432187
178 0.94191 -0.312898 0.122067 0.452258 0.333143 0.916568 -0.221177 -0.435451 -0.0426766 0.248994 0.967564 0.435884
179 0.939416 -0.317703 0.128696 0.451654 0.339363 0.91489 -0.218653 -0.442106 -0.0482763 0.24908 0.967279 0.441764
180 0.936831 -0.322611 0.135162 0.451997 0.345996 0.911403 -0.222781 -0.444354 -0.0513153 0.255474 0.965453 0.446679
181 0.935018 -0.325074 0.14166 0.453544 0.35024 0.909077 -0.225635 -0.444685 -0.0554321 0.260588 0.963857 0.452561
182 0.931228 -0.331004 0.152483 0.45134 0.358652 0.906628 -0.222249 -0.448361 -0.06468 0.261653 0.962992 0.457184
183 0.930805 -0.332775 0.151203 0.453388 0.359988 0.906286 -0.221484 -0.448645 -0.0633285 0.260589 0.963371 0.456347
184 0.929484 -0.333784 0.156997 0.449965 0.362439 0.905533 -0.220563 -0.452477 -0.0685456 0.261912 0.962654 0.460936
185 0.929291 -0.334559 0.156488 0.452295 0.363154 0.904911 -0.221937 -0.453788 -0.0673564 0.263073 0.962422 0.465742
186 0.92793 -0.336751 0.159828 0.45306 0.366051 0.904177 -0.220158 -0.45786 -0.0703746 0.262797 0.962281 0.471889
187 0.927933 -0.336742 0.15983 0.453059 0.366042 0.904187 -0.220136 -0.457882 -0.0703871 0.262776 0.962286 0.471873
188 0.927395 -0.33664 0.163129 0.455356 0.366938 0.903454 -0.221647 -0.463119 -0.0727637 0.265413 0.961385 0.478506
189 0.925388 -0.338889 0.169737 0.457362 0.371357 0.900277 -0.227147 -0.464077 -0.0758327 0.273233 0.958954 0.484367
190 0.922997 -0.340495 0.179275 0.455295 0.375775 0.897886 -0.229333 -0.46582 -0.0828819 0.27904 0.956696 0.488707
191 0.922993 -0.340438 0.179403 0.455145 0.375767 0.897856 -0.229464 -0.465717 -0.0829602 0.279207 0.95664 0.488835
192 0.921772 -0.341576 0.183474 0.454925 0.377928 0.897249 -0.228285 -0.471701 -0.0866456 0.279767 0.95615 0.493151
193 0.920246 -0.344559 0.185545 0.456117 0.381764 0.894657 -0.232045 -0.474062 -0.0860461 0.284372 0.954845 0.498855
194 0.92025 -0.344533 0.18557 0.456079 0.381747 0.894664 -0.232048 -0.474072 -0.0860748 0.284383 0.954839 0.498896
195 0.918578 -0.347633 0.188056 0.456196 0.385734 0.892227 -0.234821 -0.474785 -0.0861573 0.288242 0.953674 0.503523
196 0.916705 -0.353922 0.185446 0.459532 0.390833 0.890741 -0.232013 -0.480651 -0.0830698 0.285167 0.954871 0.507477
197 0.915803 -0.357327 0.183364 0.462476 0.39386 0.888387 -0.235887 -0.482567 -0.0786093 0.288246 0.954324 0.514276
198 0.915805 -0.357324 0.18336 0.462483 0.393859 0.888378 -0.235923 -0.48253 -0.0785925 0.288277 0.954316 0.514282
199 0.915657 -0.356335 0.186005 0.466131 0.39392 0.887577 -0.238819 -0.483064 -0.0799942 0.291947 0.953083 0.522929
200 0.91412 -0.356243 0.193585 0.467595 0.395841 0.887467 -0.236035 -0.487319 -0.0877145 0.292394 0.952267 0.528321
201 0.913123 -0.35461 0.201143 0.470168 0.396741 0.886477 -0.238232 -0.489697 -0.0938292 0.297337 0.950151 0.534368
202 0.913162 -0.354563 0.201047 0.470348 0.39665 0.886561 -0.238073 -0.489898 -0.0938286 0.297144 0.950211 0.534273
203 0.911442 -0.352494 0.21218 0.470532 0.398077 0.885858 -0.238307 -0.492967 -0.10396 0.301667 0.947729 0.538123
204 0.908052 -0.35315 0.225227 0.472845 0.402974 0.883243 -0.239777 -0.494958 -0.114253 0.30849 0.944341 0.542796
205 0.904882 -0.353707 0.236813 0.476504 0.40696 0.881979 -0.237691 -0.499236 -0.124791 0.311456 0.942031 0.546735
206 0.904882 -0.35371 0.236808 0.476509 0.406959 0.881983 -0.237676 -0.499251 -0.124793 0.31144 0.942036 0.546727
207 0.900481 -0.35671 0.248781 0.478047 0.413706 0.878991 -0.237114 -0.502025 -0.134096 0.316439 0.939087 0.549517
208 0.896719 -0.359165 0.258642 0.47831 0.419728 0.875497 -0.239444 -0.503692 -0.14044 0.323273 0.935826 0.551955
209 0.893641 -0.36133 0.266168 0.479812 0.425069 0.871722 -0.243757 -0.504785 -0.143948 0.330971 0.932597 0.554941
210 0.893773 -0.36207 0.264718 0.482119 0.424779 0.872787 -0.240429 -0.508477 -0.14399 0.327336 0.933873 0.553309
211 0.891263 -0.36168 0.273565 0.481943 0.428059 0.870136 -0.244189 -0.507652 -0.14972 0.334739 0.930341 0.5562
212 0.890664 -0.35849 0.279647 0.486181 0.42656 0.871745 -0.241054 -0.510802 -0.157366 0.333984 0.92935 0.55842
213 0.887717 -0.356767 0.29099 0.487631 0.42922 0.86995 -0.242813 -0.51108 -0.166519 0.340448 0.925401 0.560124
214 0.887728 -0.356711 0.291025 0.487588 0.429194 0.869938 -0.242902 -0.510986 -0.166528 0.340537 0.925366 0.560132
215 0.886476 -0.350953 0.301649 0.486413 0.427604 0.870435 -0.243922 -0.510844 -0.176961 0.345217 0.921689 0.560419
216 0.885513 -0.348193 0.307618 0.489343 0.426827 0.871196 -0.242561 -0.512464 -0.183538 0.34609 0.920074 0.56137
217 0.885515 -0.348205 0.307598 0.489368 0.426831 0.871195 -0.24256 -0.512451 -0.183518 0.346083 0.92008 0.561327
218 0.88437 -0.345011 0.314417 0.489287 0.427028 0.870004 -0.246456 -0.512674 -0.188514 0.352224 0.916734 0.561725
219 0.883757 -0.340922 0.320539 0.490573 0.425815 0.869946 -0.248748 -0.512556 -0.194048 0.356323 0.913991 0.561645
220 0.883506 -0.335175 0.327223 0.491909 0.423306 0.870421 -0.251355 -0.512277 -0.200574 0.360589 0.910904 0.560711
221 0.883513 -0.335219 0.327159 0.491979 0.423305 0.870446 -0.251269 -0.512366 -0.200545 0.360487 0.91095 0.560598
222 0.882696 -0.330766 0.333828 0.492812 0.421637 0.871116 -0.251752 -0.511949 -0.207532 0.362975 0.908394 0.558345
223 0.882949 -0.330424 0.333498 0.493194 0.421367 0.870996 -0.252618 -0.511457 -0.207004 0.363573 0.908275 0.558479
224 0.881022 -0.330018 0.338952 0.493622 0.422871 0.870589 -0.251505 -0.511126 -0.212086 0.364914 0.906563 0.555205
225 0.880338 -0.328403 0.342281 0.493669 0.423309 0.869509 -0.254486 -0.508842 -0.214043 0.368924 0.904478 0.552157
226 0.880479 -0.324791 0.345352 0.495893 0.421712 0.869388 -0.257532 -0.507089 -0.216601 0.372391 0.902446 0.550193
227 0.880516 -0.325292 0.344784 0.496772 0.421975 0.869263 -0.257527 -0.507168 -0.215936 0.372247 0.902665 0.550619
228 0.87851 -0.322086 0.352819 0.496496 0.423321 0.86713 -0.26246 -0.50424 -0.221405 0.37993 0.898128 0.545854
229 0.876842 -0.319771 0.35902 0.496484 0.424457 0.865586 -0.265701 -0.50293 -0.225799 0.385366 0.894711 0.539778
230 0.876835 -0.319704 0.359095 0.496389 0.424417 0.865612 -0.265681 -0.50295 -0.225898 0.385364 0.894687 0.539775
231 0.874687 -0.321279 0.362907 0.495573 0.428089 0.863209 -0.267598 -0.500338 -0.227291 0.389422 0.892575 0.532353
232 0.87262 -0.327186 0.362608 0.495352 0.4343 0.859462 -0.269644 -0.498278 -0.223424 0.392778 0.89208 0.524997
233 0.87266 -0.327758 0.361994 0.496258 0.434482 0.859515 -0.269184 -0.498871 -0.222912 0.392186 0.892469 0.525111
234 0.872347 -0.328072 0.362464 0.496099 0.436975 0.855708 -0.277159 -0.495439 -0.219235 0.400166 0.889833 0.518771
235 0.871336 -0.324983 0.367642 0.502114 0.438621 0.851723 -0.286668 -0.489237 -0.219967 0.41104 0.884681 0.514054
236 0.871451 -0.324912 0.367432 0.502515 0.438553 0.851629 -0.287053 -0.488894 -0.219649 0.411291 0.884644 0.514599
237 0.867416 -0.321386 0.37987 0.502187 0.442155 0.848013 -0.292187 -0.48607 -0.22823 0.421409 0.877682 0.504092
238 0.86495 -0.320138 0.386488 0.500654 0.445853 0.843712 -0.298938 -0.484107 -0.230384 0.430884 0.872504 0.491406
239 0.864957 -0.320096 0.386507 0.500636 0.445845 0.843685 -0.299028 -0.484011 -0.230372 0.430969 0.872464 0.49149
240 0.865341 -0.316037 0.388981 0.500813 0.44611 0.839418 -0.310426 -0.480025 -0.228411 0.442152 0.86737 0.480804
241 0.865391 -0.314471 0.390137 0.504772 0.447998 0.834336 -0.321219 -0.476785 -0.224491 0.452761 0.862909 0.470568
242 0.865388 -0.314486 0.39013 0.504781 0.448003 0.834342 -0.321196 -0.476812 -0.224491 0.452739 0.86292 0.470563
243 0.866009 -0.309187 0.392979 0.503894 0.447023 0.830872 -0.331393 -0.473332 -0.224053 0.46266 0.857756 0.456866
244 0.86655 -0.306277 0.394062 0.502065 0.446829 0.827835 -0.339167 -0.46806 -0.222339 0.469983 0.854214 0.444344
245 0.866549 -0.306297 0.394049 0.502083 0.446824 0.827864 -0.339101 -0.468138 -0.222353 0.469918 0.854246 0.44432
246 0.867113 -0.307446 0.391909 0.502213 0.448089 0.825097 -0.344139 -0.46489 -0.217559 0.474017 0.853215 0.430898
247 0.867127 -0.307335 0.391964 0.502134 0.448041 0.825077 -0.344249 -0.46477 -0.217601 0.474124 0.853145 0.430931
248 0.869014 -0.302743 0.391359 0.501505 0.445012 0.823979 -0.350746 -0.458371 -0.216286 0.478962 0.850774 0.420094
249 0.870103 -0.299134 0.391715 0.507094 0.443262 0.822429 -0.356552 -0.452218 -0.215501 0.483869 0.848192 0.412066
250 0.868874 -0.296846 0.396158 0.505487 0.443949 0.821309 -0.358275 -0.448369 -0.219016 0.487169 0.845398 0.397339
251 0.868873 -0.296853 0.396155 0.50549 0.44395 0.821315 -0.358259 -0.448386 -0.219018 0.487155 0.845406 0.39733
252 0.868823 -0.296056 0.396859 0.505236 0.444894 0.818572 -0.363331 -0.442899 -0.217291 0.492231 0.842908 0.385206
253 0.868719 -0.293398 0.399054 0.504182 0.445148 0.815764 -0.369286 -0.436593 -0.217186 0.498445 0.839275 0.372685
254 0.86878 -0.293029 0.399194 0.504024 0.445013 0.815605 -0.369801 -0.436033 -0.217222 0.498922 0.838982 0.373136
255 0.868461 -0.290279 0.401887 0.502461 0.443578 0.816999 -0.368444 -0.4302 -0.22139 0.498247 0.838293 0.359766
256 0.867303 -0.295123 0.40086 0.505362 0.446614 0.816971 -0.364821 -0.421906 -0.219824 0.49544 0.840367 0.351217
257 0.867293 -0.295085 0.400909 0.505277 0.446594 0.817001 -0.364778 -0.421976 -0.219903 0.495413 0.840362 0.351192
258 0.866868 -0.296132 0.401055 0.50539 0.447086 0.81771 -0.36258 -0.416864 -0.220575 0.493615 0.841243 0.339582
259 0.866349 -0.294373 0.403465 0.504058 0.446542 0.818374 -0.361753 -0.407627 -0.223695 0.493568 0.840447 0.329995
260 0.864818 -0.295118 0.406196 0.502716 0.447256 0.820435 -0.356158 -0.401174 -0.228149 0.489685 0.84152 0.318596
261 0.864815 -0.295136 0.406189 0.502726 0.447252 0.820463 -0.356098 -0.401253 -0.228166 0.489628 0.841549 0.318545
262 0.863683 -0.299496 0.405405 0.502418 0.449084 0.822446 -0.349151 -0.397438 -0.228855 0.483617 0.844832 0.306652
263 0.863812 -0.301444 0.403684 0.50252 0.449588 0.822825 -0.347606 -0.389111 -0.227377 0.481758 0.846291 0.297158
264 0.865065 -0.302506 0.40019 0.507874 0.449298 0.822039 -0.349833 -0.386176 -0.223146 0.482433 0.847033 0.299703
265 0.864941 -0.298709 0.403298 0.507323 0.448072 0.821596 -0.352438 -0.374033 -0.226072 0.485544 0.844475 0.290963
266 0.862919 -0.297341 0.408607 0.509732 0.449624 0.820841 -0.352219 -0.363293 -0.230672 0.487656 0.842011 0.283667
267 0.862909 -0.297332 0.408634 0.509683 0.44961 0.820881 -0.352145 -0.363398 -0.230736 0.487595 0.842029 0.283629
268 0.85991 -0.299589 0.413281 0.509065 0.452263 0.822564 -0.344742 -0.361442 -0.236669 0.483359 0.842824 0.26916
269 0.8598 -0.301836 0.411873 0.510706 0.451641 0.825865 -0.337591 -0.358757 -0.238254 0.47628 0.8464 0.256034
270 0.860375 -0.301636 0.410816 0.509797 0.450056 0.827917 -0.334669 -0.349947 -0.239173 0.472831 0.848073 0.2448
271 0.860382 -0.301578 0.410845 0.509761 0.450041 0.827889 -0.334759 -0.349839 -0.239178 0.472918 0.848023 0.244851
272 0.860394 -0.301379 0.410966 0.509208 0.449639 0.828502 -0.333781 -0.339983 -0.239891 0.47197 0.848349 0.234232
273 0.860895 -0.297321 0.412868 0.509879 0.447465 0.828667 -0.336283 -0.329737 -0.242146 0.474248 0.846436 0.223
274 0.861564 -0.295036 0.413112 0.509132 0.446314 0.827985 -0.339477 -0.32535 -0.241893 0.476859 0.845041 0.223926
275 0.860615 -0.290162 0.418506 0.508665 0.444404 0.82923 -0.338942 -0.312282 -0.24869 0.477685 0.842597 0.213821
276 0.858255 -0.293266 0.421181 0.508769 0.446065 0.832113 -0.329567 -0.307382 -0.253819 0.470727 0.84498 0.198188
277 0.858368 -0.293564 0.420743 0.509613 0.446126 0.832069 -0.329594 -0.307438 -0.25333 0.470618 0.845188 0.198553
278 0.857364 -0.305282 0.414404 0.514563 0.45111 0.833362 -0.319386 -0.309577 -0.247846 0.460772 0.85221 0.183925
279 0.859212 -0.315323 0.402896 0.518178 0.453322 0.834282 -0.313805 -0.31092 -0.237179 0.452267 0.859768 0.168379
280 0.864911 -0.312231 0.39299 0.520113 0.446989 0.835305 -0.320104 -0.29924 -0.22832 0.452523 0.862028 0.158864
281 0.864915 -0.312299 0.392927 0.520216 0.447007 0.835319 -0.320043 -0.299328 -0.22827 0.452451 0.86208 0.158846
282 0.868583 -0.307466 0.388624 0.517509 0.440724 0.837842 -0.322156 -0.286224 -0.226553 0.451095 0.863242 0.150054
283 0.871419 -0.308856 0.3811 0.519365 0.436352 0.843 -0.31456 -0.284894 -0.224114 0.440407 0.869376 0.136987
284 0.871419 -0.308863 0.381095 0.519373 0.436353 0.843003 -0.314552 -0.284906 -0.224111 0.440398 0.869381 0.136983
285 0.876766 -0.305661 0.371286 0.520317 0.427876 0.848251 -0.312077 -0.280832 -0.219554 0.432482 0.874503 0.124759
286 0.881308 -0.302345 0.363158 0.518229 0.421184 0.851034 -0.313599 -0.268327 -0.214244 0.429334 0.877366 0.11621
287 0.881617 -0.300456 0.363976 0.516163 0.420033 0.851172 -0.314769 -0.266642 -0.215231 0.430387 0.876608 0.11604
288 0.884936 -0.302924 0.353731 0.518248 0.417303 0.852976 -0.313512 -0.261335 -0.206753 0.425051 0.88124 0.106169
289 0.890187 -0.298484 0.3442 0.517193 0.409227 0.85592 -0.316124 -0.252122 -0.200249 0.422266 0.884077 0.0927002
290 0.894095 -0.29392 0.337941 0.51296 0.401829 0.85967 -0.315437 -0.236895 -0.197805 0.417825 0.886733 0.083648
291 0.894115 -0.293812 0.337982 0.512928 0.401779 0.859637 -0.315592 -0.236665 -0.197817 0.41797 0.886662 0.0837425
292 0.895752 -0.301026 0.327126 0.513403 0.400753 0.865294 -0.301103 -0.232693 -0.19242 0.400811 0.895726 0.0712406
293 0.899267 -0.307146 0.311418 0.517419 0.39737 0.871232 -0.288187 -0.231991 -0.182802 0.382906 0.90552 0.0592376
294 0.905272 -0.303694 0.297074 0.519407 0.387552 0.876802 -0.284644 -0.219444 -0.174031 0.372812 0.911441 0.0519163
295 0.90531 -0.30381 0.296837 0.519828 0.387566 0.876804 -0.284618 -0.21951 -0.173798 0.372712 0.911526 0.0519737
296 0.909746 -0.29877 0.288268 0.518455 0.378672 0.881804 -0.28112 -0.204095 -0.170206 0.364907 0.915354 0.0460001
297 0.912807 -0.299886 0.277222 0.521481 0.373947 0.886605 -0.272205 -0.20026 -0.164156 0.352137 0.92144 0.0355331
298 0.917683 -0.29463 0.266552 0.520854 0.364157 0.892029 -0.26772 -0.188149 -0.158894 0.342749 0.925892 0.0288665
299 0.917693 -0.294609 0.266544 0.520877 0.364144 0.892014 -0.267786 -0.188061 -0.158869 0.342806 0.925875 0.0289093
300 0.922463 -0.288702 0.256348 0.519448 0.35339 0.898775 -0.259457 -0.175033 -0.155493 0.32993 0.931111 0.0192478
301 0.926582 -0.286429 0.24373 0.52555 0.344602 0.906179 -0.245133 -0.16917 -0.15065 0.311125 0.938353 0.0138704
302 0.93063 -0.281961 0.233294 0.535413 0.336533 0.90982 -0.242843 -0.15718 -0.143784 0.304508 0.941595 0.0101595
303 0.932288 -0.27686 0.232781 0.5369 0.330539 0.913448 -0.237394 -0.143299 -0.146909 0.298263 0.94311 0.00109822
304 0.932882 -0.274495 0.233202 0.536408 0.326315 0.918194 -0.224584 -0.134075 -0.152477 0.285608 0.946139 -0.00703048
305 0.932881 -0.274497 0.233203 0.536405 0.326316 0.918195 -0.224578 -0.134081 -0.15248 0.285603 0.94614 -0.00703499
306 0.934014 -0.274779 0.228286 0.543899 0.323131 0.922327 -0.211896 -0.129959 -0.15233 0.27168 0.950256 -0.0129939
307 0.934793 -0.27281 0.227459 0.555845 0.320949 0.923095 -0.211866 -0.114466 -0.152167 0.271054 0.95046 -0.0107363
308 0.933091 -0.270841 0.236612 0.558927 0.320317 0.925004 -0.204366 -0.101413 -0.163517 0.266483 0.949868 -0.016842
309 0.930862 -0.271078 0.244973 0.559751 0.319989 0.928483 -0.188485 -0.0983626 -0.176359 0.253842 0.951032 -0.0249406
310 0.92997 -0.275285 0.243669 0.571719 0.323462 0.927692 -0.186441 -0.0903002 -0.174725 0.252203 0.951769 -0.0212278
311 0.929991 -0.275179 0.243706 0.571713 0.323413 0.927658 -0.186695 -0.090027 -0.174701 0.252443 0.95171 -0.0210088
312 0.928997 -0.274514 0.248206 0.575922 0.324237 0.927055 -0.188255 -0.0761755 -0.178422 0.255365 0.950239 -0.0268923
313 0.9271 -0.274995 0.254683 0.58152 0.325095 0.928153 -0.181235 -0.0674339 -0.186546 0.250819 0.94989 -0.0329033
314 0.922517 -0.283616 0.261771 0.588516 0.334098 0.926394 -0.173705 -0.0641655 -0.193238 0.247703 0.949369 -0.0386422
315 0.918864 -0.287387 0.270364 0.594982 0.341093 0.922998 -0.178131 -0.0521153 -0.198353 0.255898 0.946136 -0.0377707
316 0.918865 -0.287386 0.270364 0.594983 0.341092 0.922998 -0.178133 -0.0521131 -0.198352 0.255899 0.946135 -0.0377692
317 0.914356 -0.293039 0.279429 0.595306 0.348715 0.920631 -0.175604 -0.040823 -0.205792 0.258006 0.943972 -0.0449647
318 0.908327 -0.30454 0.2867 0.600372 0.360296 0.917853 -0.16653 -0.0316956 -0.212434 0.254561 0.943436 -0.0507409
319 0.901438 -0.316447 0.295418 0.606282 0.37204 0.915201 -0.154894 -0.0267843 -0.221351 0.249535 0.942728 -0.0523821
320 0.896561 -0.323485 0.302547 0.611291 0.379658 0.913083 -0.148796 -0.0177884 -0.228118 0.248269 0.941448 -0.0553671
321 0.896533 -0.323561 0.302551 0.611264 0.379713 0.913075 -0.148703 -0.0178879 -0.228137 0.2482 0.941462 -0.0554524
322 0.889433 -0.333851 0.312173 0.614129 0.390129 0.910366 -0.137959 -0.00818198 -0.238134 0.244493 0.939955 -0.0608647
323 0.882358 -0.347572 0.317236 0.618908 0.401489 0.90767 -0.122233 -0.00249491 -0.245461 0.23522 0.940436 -0.0652332
324 0.876348 -0.360472 0.319489 0.628483 0.412763 0.903881 -0.112368 0.00381248 -0.248275 0.230347 0.940904 -0.0657961
325 0.876354 -0.360464 0.319482 0.628496 0.412759 0.90388 -0.112391 0.00383826 -0.248261 0.230363 0.940904 -0.0657874
326 0.86952 -0.371359 0.32562 0.633978 0.423384 0.899933 -0.104241 0.0106184 -0.254325 0.228502 0.939737 -0.0701141
327 0.863436 -0.378885 0.333053 0.638306 0.430516 0.897566 -0.0950285 0.0200646 -0.262932 0.225436 0.938107 -0.0770528
328 0.856664 -0.387276 0.340799 0.641849 0.437068 0.895802 -0.0806871 0.0251162 -0.274041 0.218074 0.936667 -0.081237
329 0.856666 -0.387272 0.340797 0.641853 0.437066 0.895802 -0.0806945 0.0251233 -0.274036 0.218079 0.936667 -0.0812314
330 0.850841 -0.395892 0.345454 0.649119 0.444089 0.893235 -0.0701236 0.0295062 -0.28081 0.213076 0.935812 -0.0834817
331 0.844891 -0.400866 0.35421 0.649469 0.448576 0.89167 -0.0608619 0.0358863 -0.291441 0.210312 0.933183 -0.0908383
332 0.840105 -0.406419 0.359231 0.652687 0.451887 0.890725 -0.0490633 0.0423316 -0.300036 0.20355 0.931958 -0.0943705
333 0.840089 -0.406416 0.359271 0.652611 0.451878 0.890732 -0.0490156 0.0422868 -0.300094 0.203524 0.931945 -0.09441
334 0.835549 -0.411942 0.363541 0.654754 0.453755 0.890483 -0.0338523 0.046141 -0.309782 0.193244 0.930963 -0.100761
335 0.833541 -0.417266 0.362076 0.660766 0.455103 0.890171 -0.0218452 0.0512297 -0.313194 0.182991 0.931892 -0.102261
336 0.833007 -0.419384 0.360856 0.661253 0.456566 0.88946 -0.0202207 0.0506537 -0.312486 0.181598 0.932402 -0.106406
337 0.828699 -0.427557 0.361184 0.670484 0.462395 0.886601 -0.0113878 0.0551274 -0.315357 0.176446 0.932425 -0.105237
338 0.820679 -0.432491 0.373412 0.673605 0.465584 0.885002 0.00176818 0.05751 -0.331235 0.172404 0.927664 -0.110378
339 0.820707 -0.432501 0.373339 0.673708 0.465613 0.884987 0.00167725 0.0576029 -0.331125 0.172455 0.927694 -0.110347
340 0.814993 -0.436186 0.381481 0.676618 0.468182 0.883575 0.0100589 0.061767 -0.341455 0.170405 0.924322 -0.113346
341 0.809064 -0.445019 0.383892 0.680624 0.474746 0.879907 0.0194729 0.0676379 -0.346456 0.166497 0.923172 -0.117197
342 0.808987 -0.445429 0.383578 0.679743 0.474938 0.879792 0.019986 0.0668882 -0.346372 0.166008 0.923292 -0.120595
343 0.80585 -0.453174 0.381101 0.683026 0.47786 0.877802 0.033359 0.0705428 -0.349649 0.155231 0.923931 -0.125331
344 0.804023 -0.457908 0.379297 0.689001 0.47773 0.87728 0.0464225 0.074396 -0.354007 0.143877 0.92411 -0.128123
345 0.804104 -0.457921 0.379111 0.689386 0.477762 0.877269 0.0462901 0.0744781 -0.353779 0.143902 0.924193 -0.127551
346 0.801127 -0.460676 0.382065 0.694078 0.476976 0.877043 0.0573567 0.0781094 -0.36151 0.136286 0.922354 -0.130756
347 0.799079 -0.46087 0.386099 0.700274 0.474531 0.877785 0.0656762 0.0837732 -0.36918 0.130735 0.920117 -0.132685
348 0.798897 -0.461647 0.385546 0.700046 0.474674 0.87759 0.0672337 0.0823725 -0.36939 0.129296 0.920236 -0.135279
349 0.796449 -0.461792 0.390407 0.701234 0.470571 0.878776 0.0794712 0.0841638 -0.379779 0.120419 0.917206 -0.140578
350 0.79679 -0.464179 0.386864 0.707573 0.469078 0.878738 0.0882347 0.0884311 -0.380908 0.111165 0.917906 -0.144184
351 0.797848 -0.466358 0.382033 0.712567 0.466129 0.879087 0.0996486 0.0910792 -0.382312 0.0985724 0.91876 -0.148545
352 0.797827 -0.466378 0.382052 0.712475 0.466057 0.879099 0.0998812 0.0908464 -0.382444 0.0983699 0.918728 -0.148607
353 0.799471 -0.467527 0.377181 0.716918 0.462446 0.879761 0.110291 0.0945435 -0.383393 0.0862516 0.919549 -0.151712
354 0.802322 -0.470102 0.367809 0.723354 0.458218 0.879981 0.125179 0.0954195 -0.382512 0.0681029 0.921437 -0.154978
