1 0.9913850 -0.1183790 0.0560522 -0.3181660 0.1216400 0.9908280 -0.0588475 0.3970820 -0.0485718 0.0651587 0.9966920 0.1988870 
2 0.9915210 -0.1178850 0.0546686 -0.3181580 0.1209830 0.9909980 -0.0573268 0.3971050 -0.0474185 0.0634547 0.9968580 0.1988570 
3 0.9915150 -0.1186220 0.0531703 -0.3181320 0.1215230 0.9910570 -0.0551232 0.3971010 -0.0461560 0.0611169 0.9970630 0.1988650 
4 0.9913370 -0.1210600 0.0509396 -0.3181320 0.1235820 0.9910910 -0.0496667 0.3970680 -0.0444731 0.0555316 0.9974660 0.1989330 
5 0.9914510 -0.1218110 0.0467644 -0.3181150 0.1240870 0.9910450 -0.0493132 0.3970710 -0.0403387 0.0546945 0.9976880 0.1990350 
6 0.9914430 -0.1234920 0.0423184 -0.3180500 0.1253620 0.9910990 -0.0447948 0.3970370 -0.0364099 0.0497166 0.9980990 0.1990470 
7 0.9914330 -0.1243590 0.0399484 -0.3180470 0.1260070 0.9911500 -0.0417726 0.3970040 -0.0344000 0.0464485 0.9983280 0.1991200 
8 0.9913520 -0.1265590 0.0347116 -0.3180610 0.1278900 0.9910110 -0.0392543 0.3969320 -0.0294315 0.0433541 0.9986260 0.1992780 
9 0.9913750 -0.1276400 0.0297166 -0.3180010 0.1286740 0.9910350 -0.0359652 0.3969340 -0.0248596 0.0394787 0.9989110 0.1992240 
10 0.9922230 -0.1230790 0.0185579 -0.3179960 0.1235520 0.9919730 -0.0269305 0.3968200 -0.0150943 0.0290139 0.9994650 0.1995440 
11 0.9927890 -0.1190500 0.0140666 -0.3180110 0.1193910 0.9924910 -0.0265819 0.3967360 -0.0107964 0.0280697 0.9995480 0.1997680 
12 0.9930530 -0.1172680 0.0096795 -0.3179980 0.1174960 0.9926830 -0.0278444 0.3966700 -0.0063434 0.0287883 0.9995650 0.1999310 
13 0.9931580 -0.1167680 0.0011592 -0.3178480 0.1167550 0.9927690 -0.0278781 0.3966210 0.0021044 0.0278227 0.9996110 0.2001160 
14 0.9929680 -0.1181830 -0.0068756 -0.3177360 0.1179560 0.9926460 -0.0272014 0.3966090 0.0100398 0.0261991 0.9996060 0.2002870 
15 0.9930710 -0.1168300 -0.0126500 -0.3176860 0.1164810 0.9928650 -0.0255074 0.3965720 0.0155398 0.0238572 0.9995950 0.2004640 
16 0.9933890 -0.1123010 -0.0238032 -0.3175310 0.1119090 0.9935690 -0.0172290 0.3964960 0.0255850 0.0144513 0.9995680 0.2008280 
17 0.9931680 -0.1128450 -0.0297096 -0.3174750 0.1124510 0.9935500 -0.0146164 0.3964370 0.0311673 0.0111757 0.9994520 0.2010910 
18 0.9929460 -0.1132680 -0.0350531 -0.3173570 0.1129660 0.9935430 -0.0104901 0.3963840 0.0360150 0.0064563 0.9993300 0.2012480 
19 0.9923720 -0.1149240 -0.0446121 -0.3172030 0.1147790 0.9933740 -0.0058021 0.3962750 0.0449833 0.0006373 0.9989880 0.2018430 
20 0.9923650 -0.1116330 -0.0524445 -0.3169830 0.1113440 0.9937460 -0.0084200 0.3962150 0.0530564 0.0025163 0.9985880 0.2020270 
21 0.9925400 -0.1081500 -0.0562927 -0.3168700 0.1080240 0.9941340 -0.0052799 0.3961990 0.0565335 -0.0008405 0.9984000 0.2021520 
22 0.9921590 -0.1089900 -0.0611771 -0.3167940 0.1091310 0.9940270 -0.0010371 0.3961530 0.0609247 -0.0056474 0.9981260 0.2025080 
23 0.9913250 -0.1108370 -0.0706426 -0.3165490 0.1114570 0.9937570 0.0048861 0.3960880 0.0696601 -0.0127173 0.9974900 0.2029610 
24 0.9912550 -0.1069610 -0.0772794 -0.3163670 0.1084260 0.9939910 0.0150142 0.3960500 0.0752091 -0.0232620 0.9968960 0.2031330 
25 0.9903860 -0.1079200 -0.0865373 -0.3162250 0.1102440 0.9936490 0.0225296 0.3960480 0.0835563 -0.0318532 0.9959940 0.2037050 
26 0.9902410 -0.1065850 -0.0897864 -0.3161640 0.1090150 0.9937830 0.0225910 0.3959190 0.0868204 -0.0321586 0.9957050 0.2042460 
27 0.9903990 -0.1003410 -0.0950913 -0.3159040 0.1012510 0.9948490 0.0047889 0.3958390 0.0941210 -0.0143711 0.9954570 0.2047970 
28 0.9897400 -0.1029880 -0.0990388 -0.3156980 0.1036650 0.9946110 0.0016966 0.3958930 0.0983303 -0.0119460 0.9950820 0.2049320 
29 0.9887010 -0.1096010 -0.1022620 -0.3156240 0.1104280 0.9938810 0.0024426 0.3958600 0.1013680 -0.0137076 0.9947550 0.2052780 
30 0.9871330 -0.1135180 -0.1126160 -0.3153620 0.1141830 0.9934600 -0.0005445 0.3958680 0.1119420 -0.0123215 0.9936380 0.2055950 
31 0.9869000 -0.1103210 -0.1177230 -0.3151270 0.1109450 0.9938260 -0.0012614 0.3958670 0.1171350 -0.0118159 0.9930460 0.2057720 
32 0.9870530 -0.1033280 -0.1226750 -0.3149310 0.1038690 0.9945890 -0.0019944 0.3958550 0.1222180 -0.0107736 0.9924450 0.2064390 
33 0.9862400 -0.1056380 -0.1271690 -0.3148310 0.1062130 0.9943410 -0.0022691 0.3958700 0.1266890 -0.0112691 0.9918780 0.2067330 
34 0.9848560 -0.1105710 -0.1335410 -0.3146520 0.1114560 0.9937690 -0.0008510 0.3959050 0.1328030 -0.0140458 0.9910430 0.2069100 
35 0.9829420 -0.1147340 -0.1437430 -0.3144290 0.1160550 0.9932420 0.0008152 0.3959810 0.1426780 -0.0174835 0.9896150 0.2072960 
36 0.9819610 -0.1184670 -0.1473720 -0.3143430 0.1197610 0.9928030 -0.0000915 0.3959680 0.1463220 -0.0175596 0.9890810 0.2077280 
37 0.9813680 -0.1184340 -0.1512940 -0.3142590 0.1189290 0.9928860 -0.0058021 0.3959870 0.1509050 -0.0122992 0.9884720 0.2080160 
38 0.9810940 -0.1085460 -0.1602270 -0.3140010 0.1076330 0.9940860 -0.0143941 0.3960500 0.1608420 -0.0031238 0.9869750 0.2085280 
39 0.9804790 -0.1046430 -0.1664670 -0.3139030 0.1029290 0.9945090 -0.0189132 0.3961280 0.1675330 0.0014096 0.9858660 0.2087040 
40 0.9781960 -0.1067400 -0.1781550 -0.3137630 0.1044490 0.9942820 -0.0222132 0.3962740 0.1795070 0.0031207 0.9837520 0.2089510 
41 0.9755850 -0.1090490 -0.1906350 -0.3136060 0.1065740 0.9940340 -0.0232173 0.3963670 0.1920300 0.0023337 0.9813860 0.2091480 
42 0.9740070 -0.0991451 -0.2036670 -0.3133450 0.0974638 0.9950710 -0.0182943 0.3964260 0.2044770 -0.0020313 0.9788690 0.2092810 
43 0.9734250 -0.0872607 -0.2117310 -0.3132510 0.0869913 0.9961530 -0.0106050 0.3965180 0.2118420 -0.0080956 0.9772700 0.2095950 
44 0.9713580 -0.0825257 -0.2228280 -0.3132230 0.0832284 0.9965110 -0.0062523 0.3966960 0.2225660 -0.0124724 0.9748380 0.2099130 
45 0.9666140 -0.0761248 -0.2446680 -0.3130150 0.0773390 0.9969940 -0.0046553 0.3968160 0.2442870 -0.0144225 0.9695960 0.2107550 
46 0.9649500 -0.0698632 -0.2529620 -0.3128940 0.0686778 0.9975470 -0.0135245 0.3969860 0.2532860 -0.0043224 0.9673820 0.2108390 
47 0.9621960 -0.0628239 -0.2650140 -0.3127780 0.0610337 0.9980230 -0.0149932 0.3970870 0.2654320 -0.0017484 0.9641280 0.2109370 
48 0.9587510 -0.0534815 -0.2791720 -0.3125820 0.0525445 0.9985600 -0.0108443 0.3971520 0.2793500 -0.0042720 0.9601800 0.2111330 
49 0.9561400 -0.0507304 -0.2884820 -0.3125490 0.0499804 0.9987000 -0.0099700 0.3972370 0.2886130 -0.0048857 0.9574330 0.2115070 
50 0.9531270 -0.0502591 -0.2983680 -0.3125590 0.0480688 0.9987360 -0.0146798 0.3973520 0.2987290 -0.0003504 0.9543380 0.2117860 
51 0.9489230 -0.0464412 -0.3120720 -0.3123370 0.0440717 0.9989210 -0.0146456 0.3974010 0.3124150 0.0001440 0.9499460 0.2119380 
52 0.9469370 -0.0402852 -0.3188860 -0.3121770 0.0374722 0.9991860 -0.0149539 0.3974540 0.3192280 0.0022110 0.9476750 0.2122640 
53 0.9461220 -0.0360313 -0.3217980 -0.3121010 0.0309095 0.9993010 -0.0210133 0.3975660 0.3223300 0.0099345 0.9465750 0.2125320 
54 0.9443830 -0.0347642 -0.3270050 -0.3119620 0.0281900 0.9992940 -0.0248237 0.3976320 0.3276370 0.0142248 0.9446970 0.2127240 
55 0.9429710 -0.0375101 -0.3307530 -0.3118750 0.0289248 0.9991060 -0.0308426 0.3976840 0.3316140 0.0195167 0.9432130 0.2131530 
56 0.9425790 -0.0378888 -0.3318280 -0.3117300 0.0256944 0.9988260 -0.0410614 0.3977310 0.3329950 0.0301775 0.9424460 0.2134440 
57 0.9424420 -0.0390105 -0.3320860 -0.3115400 0.0226752 0.9983410 -0.0529255 0.3978360 0.3336000 0.0423491 0.9417630 0.2136570 
58 0.9434400 -0.0434975 -0.3286770 -0.3113910 0.0227315 0.9975100 -0.0667626 0.3979710 0.3307620 0.0555152 0.9420800 0.2139400 
59 0.9433440 -0.0559471 -0.3270660 -0.3112550 0.0318559 0.9964000 -0.0785611 0.3980630 0.3302830 0.0636912 0.9417300 0.2141560 
60 0.9433790 -0.0601489 -0.3262180 -0.3110260 0.0333422 0.9956360 -0.0871570 0.3980760 0.3300370 0.0713453 0.9412680 0.2144000 
61 0.9464160 -0.0583710 -0.3176300 -0.3104480 0.0301774 0.9952110 -0.0929731 0.3981920 0.3215360 0.0784060 0.9436460 0.2142770 
62 0.9536510 -0.0537769 -0.2960700 -0.3102850 0.0262487 0.9950170 -0.0961831 0.3983030 0.2997670 0.0839537 0.9503110 0.2145360 
63 0.9599080 -0.0522614 -0.2754020 -0.3102780 0.0248461 0.9944620 -0.1021130 0.3983580 0.2792140 0.0911763 0.9558900 0.2148750 
64 0.9614670 -0.0691708 -0.2660750 -0.3100230 0.0413741 0.9932140 -0.1086970 0.3987330 0.2717870 0.0935002 0.9578040 0.2146640 
65 0.9611340 -0.0863575 -0.2622300 -0.3099330 0.0615004 0.9929250 -0.1015770 0.3988020 0.2691460 0.0815014 0.9596450 0.2149370 
66 0.9617220 -0.0890027 -0.2591690 -0.3098060 0.0656369 0.9930720 -0.0974715 0.3988180 0.2660480 0.0767295 0.9609010 0.2153690 
67 0.9638330 -0.0840879 -0.2528920 -0.3095740 0.0621561 0.9936760 -0.0935105 0.3988830 0.2591560 0.0744098 0.9629650 0.2155280 
68 0.9668570 -0.0806734 -0.2422390 -0.3094580 0.0603844 0.9941050 -0.0900548 0.3989290 0.2480760 0.0724427 0.9660280 0.2159050 
69 0.9696920 -0.0816742 -0.2302750 -0.3092470 0.0623514 0.9939890 -0.0899863 0.3990230 0.2362410 0.0729011 0.9689560 0.2161490 
70 0.9736110 -0.0877362 -0.2106730 -0.3090860 0.0706420 0.9936700 -0.0873531 0.3990890 0.2170040 0.0701656 0.9736460 0.2163280 
71 0.9774440 -0.0979326 -0.1871150 -0.3089870 0.0836752 0.9930600 -0.0826500 0.3991620 0.1939110 0.0651288 0.9788550 0.2165650 
72 0.9802570 -0.1014960 -0.1696930 -0.3088190 0.0895400 0.9930250 -0.0767012 0.3991770 0.1762940 0.0599925 0.9825080 0.2167850 
73 0.9838330 -0.0973407 -0.1503260 -0.3087100 0.0876684 0.9937080 -0.0696971 0.3991920 0.1561640 0.0553915 0.9861770 0.2170960 
74 0.9887190 -0.0959973 -0.1149780 -0.3085220 0.0891229 0.9939930 -0.0635184 0.3992710 0.1203850 0.0525547 0.9913350 0.2176630 
75 0.9898710 -0.0994430 -0.1013290 -0.3083310 0.0935293 0.9937130 -0.0615413 0.3992750 0.1068110 0.0514408 0.9929480 0.2180010 
76 0.9916450 -0.0990860 -0.0825987 -0.3082270 0.0943322 0.9937550 -0.0596042 0.3993380 0.0879888 0.0513145 0.9947990 0.2182930 
77 0.9928640 -0.1035310 -0.0591776 -0.3080980 0.1002360 0.9933770 -0.0561693 0.3993700 0.0646009 0.0498367 0.9966660 0.2185340 
78 0.9935220 -0.1079100 -0.0356171 -0.3080610 0.1058730 0.9928670 -0.0548301 0.3993290 0.0412797 0.0507040 0.9978600 0.2189530 
79 0.9934890 -0.1126830 -0.0167865 -0.3080420 0.1115440 0.9920720 -0.0578903 0.3993630 0.0231767 0.0556409 0.9981820 0.2191810 
80 0.9933080 -0.1149940 0.0107150 -0.3078490 0.1154230 0.9916320 -0.0578184 0.3993100 -0.0039765 0.0586683 0.9982700 0.2198970 
81 0.9931470 -0.1145960 0.0229475 -0.3077660 0.1157630 0.9915540 -0.0584768 0.3993730 -0.0160524 0.0607325 0.9980250 0.2201250 
82 0.9931950 -0.1109150 0.0355319 -0.3075170 0.1127860 0.9920460 -0.0558945 0.3993800 -0.0290497 0.0595216 0.9978040 0.2204520 
83 0.9920170 -0.1127900 0.0563938 -0.3074570 0.1157760 0.9918710 -0.0528044 0.3994150 -0.0499796 0.0589119 0.9970110 0.2206310 
84 0.9870870 -0.1274400 0.0970515 -0.3072250 0.1324130 0.9900970 -0.0466286 0.3994240 -0.0901480 0.0588774 0.9941860 0.2213760 
85 0.9854960 -0.1269900 0.1125640 -0.3070820 0.1323950 0.9903110 -0.0418910 0.3994730 -0.1061540 0.0561863 0.9927610 0.2216950 
86 0.9834300 -0.1294400 0.1269300 -0.3069410 0.1351650 0.9901110 -0.0375445 0.3995020 -0.1208150 0.0540790 0.9912010 0.2220590 
87 0.9811150 -0.1319050 0.1414750 -0.3068110 0.1375470 0.9900150 -0.0308275 0.3995170 -0.1359960 0.0497048 0.9894620 0.2222790 
88 0.9778150 -0.1339490 0.1610450 -0.3066390 0.1394990 0.9899410 -0.0236149 0.3995290 -0.1562610 0.0455566 0.9866650 0.2226910 
89 0.9732810 -0.1446420 0.1783340 -0.3064660 0.1500450 0.9885310 -0.0171183 0.3995550 -0.1738130 0.0434190 0.9838210 0.2228440 
90 0.9603900 -0.1711250 0.2199260 -0.3061480 0.1761850 0.9843510 -0.0034522 0.3995110 -0.2158930 0.0420631 0.9755100 0.2237580 
91 0.9535840 -0.1810700 0.2406060 -0.3060180 0.1864850 0.9824580 0.0002699 0.3995310 -0.2364340 0.0446118 0.9706230 0.2240590 
92 0.9474780 -0.1883540 0.2584730 -0.3058230 0.1932860 0.9811210 0.0064397 0.3995340 -0.2548060 0.0438576 0.9659970 0.2244220 
93 0.9422240 -0.1914900 0.2748540 -0.3055810 0.1966110 0.9804400 0.0090697 0.3995610 -0.2712150 0.0454937 0.9614430 0.2249890 
94 0.9297440 -0.2012390 0.3083490 -0.3051750 0.2074690 0.9781580 0.0128121 0.3995760 -0.3041930 0.0520610 0.9511870 0.2257500 
95 0.9217710 -0.2014320 0.3313060 -0.3050050 0.2099620 0.9776560 0.0102473 0.3995790 -0.3259670 0.0601159 0.9434680 0.2261050 
96 0.9123720 -0.2037030 0.3550820 -0.3048800 0.2148840 0.9766060 0.0081203 0.3995820 -0.3484290 0.0688928 0.9348000 0.2263270 
97 0.9005880 -0.2116060 0.3796910 -0.3048840 0.2246730 0.9743820 0.0101327 0.3995360 -0.3721080 0.0761808 0.9250580 0.2264130 
98 0.8900420 -0.2174790 0.4006590 -0.3047080 0.2319480 0.9726450 0.0126944 0.3995340 -0.3924600 0.0816337 0.9161390 0.2266600 
99 0.8659660 -0.2224170 0.4479220 -0.3044730 0.2407350 0.9704510 0.0164687 0.3995080 -0.4383490 0.0935690 0.8939210 0.2271030 
100 0.8542230 -0.2251240 0.4686390 -0.3044970 0.2431060 0.9697340 0.0227114 0.3994690 -0.4595680 0.0945284 0.8830980 0.2270320 
101 0.8405580 -0.2270500 0.4918430 -0.3043440 0.2437770 0.9693400 0.0308645 0.3994850 -0.4837710 0.0939565 0.8701370 0.2272670 
102 0.8232020 -0.2307850 0.5187250 -0.3042870 0.2472850 0.9681850 0.0383187 0.3994730 -0.5110650 0.0967290 0.8540820 0.2273870 
103 0.8039550 -0.2380000 0.5449880 -0.3040390 0.2550100 0.9658620 0.0456121 0.3994840 -0.5372390 0.1023080 0.8372020 0.2276800 
104 0.7709350 -0.2478720 0.5867020 -0.3040300 0.2660190 0.9622810 0.0569954 0.3994560 -0.5787000 0.1121340 0.8077950 0.2276890 
105 0.7551710 -0.2494620 0.6062060 -0.3039920 0.2664650 0.9617290 0.0638209 0.3994480 -0.5989270 0.1133370 0.7927430 0.2278370 
106 0.7369650 -0.2494730 0.6282090 -0.3037960 0.2679310 0.9610810 0.0673464 0.3994350 -0.6205610 0.1186850 0.7751250 0.2280650 
107 0.7176050 -0.2504040 0.6498770 -0.3038750 0.2719790 0.9597910 0.0694933 0.3994240 -0.6411480 0.1268840 0.7568550 0.2278760 
108 0.6965250 -0.2549890 0.6706960 -0.3040450 0.2788070 0.9574560 0.0744670 0.3994280 -0.6611500 0.1351260 0.7379850 0.2276000 
109 0.6759210 -0.2620710 0.6888030 -0.3040630 0.2881520 0.9542130 0.0802896 0.3994660 -0.6783060 0.1442100 0.7204890 0.2273360 
110 0.6547790 -0.2671620 0.7070280 -0.3040260 0.2949080 0.9516060 0.0864654 0.3994620 -0.6959120 0.1518920 0.7018800 0.2273070 
111 0.6210770 -0.2696970 0.7358850 -0.3043560 0.2992960 0.9493850 0.0953421 0.3995210 -0.7243520 0.1610330 0.6703600 0.2266610 
112 0.6092970 -0.2708830 0.7452380 -0.3041940 0.3024110 0.9481880 0.0974048 0.3996420 -0.7330110 0.1660200 0.6596460 0.2262230 
113 0.5946990 -0.2696730 0.7573700 -0.3043180 0.3052390 0.9472600 0.0976074 0.3996560 -0.7437480 0.1731320 0.6456500 0.2259530 
114 0.5822150 -0.2702030 0.7668220 -0.3046300 0.3109430 0.9454590 0.0970639 0.3997470 -0.7512260 0.1819260 0.6344780 0.2253360 
115 0.5674630 -0.2692860 0.7781200 -0.3051690 0.3144850 0.9442490 0.0974322 0.3997670 -0.7609760 0.1894180 0.6205120 0.2250730 
116 0.5521460 -0.2712570 0.7883870 -0.3049320 0.3222320 0.9415450 0.0982791 0.3999920 -0.7689610 0.1997790 0.6072780 0.2243360 
117 0.5352480 -0.2757100 0.7984320 -0.3058550 0.3305400 0.9382210 0.1023960 0.3999910 -0.7773370 0.2091060 0.5933140 0.2237240 
118 0.5233560 -0.2826270 0.8038780 -0.3061820 0.3389360 0.9345990 0.1079250 0.4001840 -0.7818060 0.2159800 0.5849200 0.2230070 
119 0.5162600 -0.2855210 0.8074360 -0.3068320 0.3397530 0.9337090 0.1129410 0.4000300 -0.7861570 0.2160220 0.5790430 0.2224340 
120 0.5092820 -0.2858870 0.8117270 -0.3064290 0.3402360 0.9332540 0.1152220 0.4001390 -0.7904880 0.2174980 0.5725580 0.2220490 
121 0.4939210 -0.2854700 0.8213090 -0.3070230 0.3456910 0.9311800 0.1157660 0.3999670 -0.7978340 0.2267400 0.5586140 0.2219210 
122 0.4839780 -0.2856430 0.8271480 -0.3073030 0.3564580 0.9276030 0.1117630 0.4000430 -0.7991890 0.2407520 0.5507590 0.2211440 
123 0.4716300 -0.2813600 0.8357050 -0.3087150 0.3589480 0.9269130 0.1094950 0.3998430 -0.8054330 0.2483330 0.5381530 0.2206240 
124 0.4786670 -0.2736640 0.8342580 -0.3064870 0.3538040 0.9297430 0.1019860 0.4002170 -0.8035550 0.2463460 0.5418610 0.2187700 
125 0.4685770 -0.2710630 0.8408090 -0.3073120 0.3558870 0.9290360 0.1011720 0.4000580 -0.8085670 0.2518260 0.5317930 0.2183160 
126 0.4646570 -0.2685440 0.8437880 -0.3077770 0.3598360 0.9279420 0.0971720 0.4005770 -0.8090810 0.2584740 0.5278060 0.2173420 
127 0.4582690 -0.2680490 0.8474310 -0.3087020 0.3607830 0.9274590 0.0982599 0.4005640 -0.8122960 0.2607090 0.5217340 0.2168680 
128 0.4550800 -0.2656720 0.8498950 -0.3091440 0.3585520 0.9283300 0.0982025 0.4006340 -0.8150720 0.2600410 0.5177210 0.2165580 
129 0.4496210 -0.2602600 0.8544620 -0.3105120 0.3499900 0.9314490 0.0995431 0.4001620 -0.8217950 0.2542970 0.5098880 0.2163590 
130 0.4526540 -0.2543980 0.8546260 -0.3113100 0.3435470 0.9342030 0.0961259 0.4003650 -0.8228480 0.2500920 0.5102690 0.2155440 
131 0.4529060 -0.2535620 0.8547410 -0.3121910 0.3406290 0.9351870 0.0969357 0.4003320 -0.8239230 0.2472470 0.5099220 0.2149980 
132 0.4507990 -0.2557730 0.8551960 -0.3131560 0.3403480 0.9349440 0.1002170 0.4000740 -0.8251930 0.2458870 0.5085240 0.2149330 
133 0.4491750 -0.2574720 0.8555400 -0.3139620 0.3410800 0.9344680 0.1021510 0.3999390 -0.8257760 0.2459230 0.5075580 0.2148800 
134 0.4472670 -0.2595470 0.8559130 -0.3149820 0.3385340 0.9348970 0.1065920 0.3996390 -0.8278560 0.2420810 0.5060140 0.2149890 
135 0.4482250 -0.2609330 0.8549900 -0.3158690 0.3360480 0.9354780 0.1093260 0.3993730 -0.8283520 0.2383150 0.5069910 0.2151250 
136 0.4495470 -0.2614800 0.8541290 -0.3164780 0.3359370 0.9354890 0.1095760 0.3988580 -0.8276800 0.2376740 0.5083870 0.2153580 
137 0.4516750 -0.2621390 0.8528030 -0.3171910 0.3410860 0.9339860 0.1064430 0.3985700 -0.8244090 0.2428010 0.5112710 0.2154400 
138 0.4527870 -0.2614040 0.8524380 -0.3176820 0.3410500 0.9341290 0.1053000 0.3980830 -0.8238130 0.2430460 0.5121140 0.2153940 
139 0.4497010 -0.2567620 0.8554780 -0.3181790 0.3379200 0.9355060 0.1031460 0.3977940 -0.8267880 0.2426980 0.5074630 0.2158340 
140 0.4475630 -0.2560240 0.8568190 -0.3194290 0.3402640 0.9348260 0.1015950 0.3976550 -0.8269870 0.2460750 0.5055090 0.2159960 
141 0.4486970 -0.2577220 0.8557160 -0.3200880 0.3433800 0.9337320 0.1011660 0.3974460 -0.8250820 0.2484430 0.5074600 0.2163100 
142 0.4533120 -0.2586480 0.8530000 -0.3206680 0.3453520 0.9331910 0.0994323 0.3973310 -0.8217300 0.2495110 0.5123510 0.2166640 
143 0.4620310 -0.2584680 0.8483640 -0.3211120 0.3440790 0.9339020 0.0971382 0.3971680 -0.8173970 0.2470240 0.5204250 0.2171610 
144 0.4737680 -0.2563940 0.8425000 -0.3213680 0.3400860 0.9357320 0.0935245 0.3968300 -0.8123330 0.2422130 0.5305160 0.2179440 
145 0.4885820 -0.2501990 0.8358760 -0.3217350 0.3333980 0.9388430 0.0861430 0.3965460 -0.8063090 0.2365910 0.5421170 0.2186810 
146 0.5055900 -0.2436380 0.8276590 -0.3223460 0.3240590 0.9426870 0.0795418 0.3963350 -0.7996030 0.2279950 0.5555660 0.2190370 
147 0.5197570 -0.2375500 0.8206240 -0.3229150 0.3133380 0.9466300 0.0755680 0.3960400 -0.7947780 0.2178560 0.5664510 0.2195350 
148 0.5320360 -0.2327040 0.8141170 -0.3233480 0.3051390 0.9495810 0.0720116 0.3956940 -0.7898280 0.2101060 0.5762190 0.2201740 
149 0.5423600 -0.2292800 0.8082550 -0.3238870 0.2976740 0.9520730 0.0703310 0.3954270 -0.7856430 0.2024520 0.5846180 0.2204830 
150 0.5528250 -0.2272780 0.8017040 -0.3242220 0.2908610 0.9542050 0.0699445 0.3951220 -0.7808870 0.1945170 0.5936150 0.2211380 
151 0.5658400 -0.2243240 0.7934130 -0.3246720 0.2807090 0.9572050 0.0704390 0.3948780 -0.7752590 0.1828610 0.6045950 0.2214910 
152 0.5728770 -0.2213720 0.7891810 -0.3249650 0.2732740 0.9593320 0.0707274 0.3945610 -0.7727440 0.1751450 0.6100740 0.2227170 
153 0.5808690 -0.2180890 0.7842370 -0.3254030 0.2657600 0.9614560 0.0705288 0.3941820 -0.7693910 0.1674510 0.6164390 0.2234380 
154 0.5888330 -0.2156950 0.7789420 -0.3258450 0.2596740 0.9631270 0.0703999 0.3938390 -0.7654050 0.1608170 0.6231310 0.2244780 
155 0.5947990 -0.2125140 0.7752760 -0.3261040 0.2541890 0.9646610 0.0694111 0.3936470 -0.7626290 0.1557810 0.6277980 0.2255460 
156 0.5974690 -0.2150930 0.7725060 -0.3267190 0.2562490 0.9640550 0.0702394 0.3931390 -0.7598470 0.1559880 0.6311100 0.2264360 
157 0.6152740 -0.2113930 0.7594410 -0.3267380 0.2545660 0.9650410 0.0623813 0.3923340 -0.7460790 0.1549460 0.6475790 0.2287490 
158 0.6256210 -0.2060540 0.7524230 -0.3271940 0.2495280 0.9666740 0.0572505 0.3917220 -0.7391440 0.1519340 0.6561880 0.2300930 
159 0.6357530 -0.2018310 0.7450380 -0.3272730 0.2441710 0.9682310 0.0539389 0.3909880 -0.7322550 0.1476250 0.6648370 0.2313440 
160 0.6466710 -0.1949960 0.7374230 -0.3273760 0.2404650 0.9695900 0.0455153 0.3905840 -0.7238740 0.1478910 0.6738950 0.2323190 
161 0.6568370 -0.1911560 0.7294000 -0.3275460 0.2398080 0.9700650 0.0382767 0.3899310 -0.7148830 0.1497750 0.6830150 0.2332340 
162 0.6646450 -0.1872130 0.7233250 -0.3281160 0.2377720 0.9707680 0.0327752 0.3889150 -0.7083160 0.1502020 0.6897300 0.2349450 
163 0.6751220 -0.1811390 0.7151220 -0.3284310 0.2327780 0.9721690 0.0264904 0.3883430 -0.7000180 0.1485800 0.6984980 0.2355430 
164 0.6857380 -0.1749430 0.7065120 -0.3284950 0.2264680 0.9737850 0.0213153 0.3878030 -0.6917200 0.1453850 0.7073800 0.2364170 
165 0.7011440 -0.1715080 0.6920850 -0.3288680 0.2238270 0.9745170 0.0147409 0.3859380 -0.6769770 0.1445720 0.7216650 0.2392460 
166 0.7109500 -0.1692200 0.6825790 -0.3288510 0.2221260 0.9749630 0.0103471 0.3855220 -0.6672400 0.1442630 0.7307390 0.2398190 
167 0.7212730 -0.1628790 0.6732280 -0.3285680 0.2154860 0.9764920 0.0053858 0.3850700 -0.6582790 0.1411870 0.7394150 0.2407070 
168 0.7320720 -0.1555090 0.6632410 -0.3284130 0.2086440 0.9779910 -0.0009898 0.3844840 -0.6484900 0.1391060 0.7484050 0.2416380 
169 0.7405370 -0.1507310 0.6548930 -0.3289940 0.2051110 0.9787160 -0.0066724 0.3839460 -0.6399490 0.1392670 0.7556920 0.2424920 
170 0.7494310 -0.1443950 0.6461450 -0.3288380 0.1992980 0.9798630 -0.0121840 0.3837800 -0.6313750 0.1379060 0.7631170 0.2432720 
171 0.7637660 -0.1336200 0.6315120 -0.3286530 0.1875860 0.9820630 -0.0190793 0.3834550 -0.6176350 0.1330350 0.7751310 0.2446390 
172 0.7693890 -0.1328830 0.6248050 -0.3285940 0.1863310 0.9822720 -0.0205396 0.3832160 -0.6110000 0.1322230 0.7805100 0.2454080 
173 0.7761660 -0.1312880 0.6167090 -0.3287060 0.1832810 0.9828270 -0.0214423 0.3829210 -0.6033030 0.1296740 0.7868990 0.2463990 
174 0.7836600 -0.1296600 0.6075070 -0.3285010 0.1798080 0.9834550 -0.0220472 0.3828060 -0.5945970 0.1265120 0.7940080 0.2472530 
175 0.7901890 -0.1273420 0.5994880 -0.3284100 0.1761150 0.9840990 -0.0230976 0.3827090 -0.5870140 0.1238300 0.8000500 0.2479940 
176 0.7977970 -0.1277650 0.5892340 -0.3281530 0.1751010 0.9842660 -0.0236588 0.3825420 -0.5769400 0.1220500 0.8076160 0.2487600 
177 0.8056510 -0.1272370 0.5785650 -0.3280310 0.1735430 0.9845050 -0.0251480 0.3824210 -0.5664010 0.1206670 0.8152480 0.2495150 
178 0.8149070 -0.1220470 0.5665970 -0.3277870 0.1667390 0.9856170 -0.0275071 0.3822040 -0.5550900 0.1168890 0.8235360 0.2500980 
179 0.8285380 -0.1154930 0.5478920 -0.3274640 0.1592790 0.9866860 -0.0328769 0.3821150 -0.5368010 0.1145070 0.8359030 0.2517330 
180 0.8351700 -0.1148630 0.5378640 -0.3273520 0.1583670 0.9867530 -0.0351807 0.3820150 -0.5266980 0.1145620 0.8422980 0.2522810 
181 0.8410250 -0.1125190 0.5291670 -0.3271030 0.1560940 0.9870030 -0.0382161 0.3820190 -0.5179890 0.1147400 0.8476570 0.2530540 
182 0.8456880 -0.1104000 0.5221330 -0.3269690 0.1545860 0.9871000 -0.0416667 0.3819660 -0.5107980 0.1159510 0.8518460 0.2537680 
183 0.8514270 -0.1088900 0.5130450 -0.3267910 0.1531120 0.9872030 -0.0445713 0.3818410 -0.5016270 0.1165030 0.8572040 0.2544120 
184 0.8578240 -0.1020710 0.5037060 -0.3267110 0.1463460 0.9880180 -0.0490194 0.3818190 -0.4926670 0.1157650 0.8624830 0.2548370 
185 0.8698510 -0.0924176 0.4845800 -0.3261750 0.1361330 0.9891220 -0.0557248 0.3818310 -0.4741590 0.1144400 0.8729700 0.2564660 
186 0.8741360 -0.0914481 0.4769950 -0.3259480 0.1362810 0.9888410 -0.0601687 0.3817850 -0.4661700 0.1176010 0.8768440 0.2572260 
187 0.8793360 -0.0902096 0.4675790 -0.3257980 0.1358580 0.9886090 -0.0647659 0.3816680 -0.4564100 0.1204750 0.8815760 0.2577800 
188 0.8852140 -0.0854941 0.4572610 -0.3257460 0.1321590 0.9886830 -0.0709927 0.3817650 -0.4460160 0.1232750 0.8864950 0.2584070 
189 0.8905580 -0.0813721 0.4475330 -0.3256330 0.1282370 0.9888750 -0.0753810 0.3817900 -0.4364200 0.1245210 0.8910850 0.2592870 
190 0.8967000 -0.0805470 0.4352500 -0.3257940 0.1262470 0.9890000 -0.0770706 0.3819260 -0.4242540 0.1240580 0.8970050 0.2597740 
191 0.9109210 -0.0714534 0.4063470 -0.3258130 0.1140240 0.9901290 -0.0815042 0.3821460 -0.3965120 0.1205770 0.9100760 0.2611610 
192 0.9172240 -0.0671332 0.3926760 -0.3254620 0.1081410 0.9906450 -0.0832359 0.3820700 -0.3834140 0.1188100 0.9159030 0.2621620 
193 0.9222570 -0.0639189 0.3812570 -0.3255790 0.1047630 0.9906550 -0.0873341 0.3823360 -0.3721120 0.1204860 0.9203350 0.2636890 
194 0.9276830 -0.0649306 0.3676790 -0.3251210 0.1047540 0.9904730 -0.0893886 0.3822280 -0.3583720 0.1214400 0.9256470 0.2647260 
195 0.9333220 -0.0638055 0.3533250 -0.3253010 0.1023710 0.9905250 -0.0915418 0.3821200 -0.3441360 0.1216080 0.9310110 0.2653880 
196 0.9474200 -0.0510888 0.3158890 -0.3254800 0.0856613 0.9916360 -0.0965393 0.3825890 -0.3083150 0.1185230 0.9438720 0.2681290 
197 0.9548860 -0.0441682 0.2936680 -0.3252590 0.0756576 0.9924300 -0.0967439 0.3825200 -0.2871720 0.1145980 0.9509990 0.2689030 
198 0.9614050 -0.0384152 0.2724410 -0.3253720 0.0672524 0.9929790 -0.0973100 0.3826550 -0.2667900 0.1118770 0.9572390 0.2701850 
199 0.9671040 -0.0327910 0.2522600 -0.3251850 0.0593894 0.9933570 -0.0985594 0.3827200 -0.2473520 0.1102990 0.9626270 0.2712900 
200 0.9716140 -0.0314868 0.2344680 -0.3256560 0.0559453 0.9935730 -0.0984048 0.3833000 -0.2298630 0.1087290 0.9671300 0.2728760 
201 0.9811690 -0.0177201 0.1923380 -0.3257790 0.0369564 0.9946090 -0.0968918 0.3835170 -0.1895840 0.1021750 0.9765340 0.2747000 
202 0.9853740 -0.0086056 0.1701900 -0.3259280 0.0253869 0.9949920 -0.0966749 0.3839520 -0.1685060 0.0995815 0.9806580 0.2759950 
203 0.9887990 0.0008466 0.1492520 -0.3261460 0.0133642 0.9954650 -0.0941851 0.3841240 -0.1486540 0.0951247 0.9843030 0.2769190 
204 0.9920310 0.0091175 0.1256670 -0.3261130 0.0023727 0.9958500 -0.0909812 0.3842050 -0.1259750 0.0905543 0.9878920 0.2774180 
205 0.9942830 0.0196781 0.1049480 -0.3263720 -0.0103403 0.9959970 -0.0887878 0.3843800 -0.1062750 0.0871950 0.9905060 0.2786350 
206 0.9957170 0.0314449 0.0869366 -0.3266600 -0.0236260 0.9957020 -0.0895468 0.3845260 -0.0893788 0.0871093 0.9921810 0.2796410 
207 0.9968760 0.0366956 0.0699335 -0.3269880 -0.0304753 0.9956520 -0.0880262 0.3845830 -0.0728596 0.0856200 0.9936600 0.2807410 
208 0.9977090 0.0380677 0.0559163 -0.3271230 -0.0331836 0.9957580 -0.0858180 0.3845380 -0.0589460 0.0837659 0.9947400 0.2812840 
209 0.9984740 0.0483424 0.0267122 -0.3271230 -0.0460709 0.9957340 -0.0799471 0.3846320 -0.0304631 0.0785944 0.9964410 0.2815970 
210 0.9984130 0.0540799 0.0157012 -0.3272710 -0.0527387 0.9957130 -0.0759843 0.3845970 -0.0197431 0.0750357 0.9969850 0.2819490 
211 0.9984210 0.0558926 0.0056124 -0.3274000 -0.0553189 0.9956720 -0.0746800 0.3849170 -0.0097622 0.0742516 0.9971920 0.2823060 
212 0.9982180 0.0591771 -0.0076979 -0.3274550 -0.0595829 0.9955290 -0.0732999 0.3850070 0.0033258 0.0736280 0.9972800 0.2824670 
213 0.9977330 0.0640690 -0.0205955 -0.3274910 -0.0654077 0.9952060 -0.0727117 0.3850830 0.0158382 0.0738939 0.9971400 0.2825290 
214 0.9969940 0.0706892 -0.0317124 -0.3274780 -0.0728304 0.9947130 -0.0724032 0.3851650 0.0264266 0.0744952 0.9968710 0.2824480 
215 0.9958670 0.0799499 -0.0430936 -0.3273820 -0.0828409 0.9940940 -0.0700992 0.3852860 0.0372347 0.0733793 0.9966090 0.2821370 
216 0.9945380 0.0896755 -0.0534168 -0.3275020 -0.0932913 0.9932060 -0.0695538 0.3853590 0.0468166 0.0741571 0.9961470 0.2822660 
217 0.9935340 0.0951922 -0.0618748 -0.3274760 -0.0995317 0.9924760 -0.0713063 0.3855460 0.0546215 0.0770037 0.9955330 0.2820190 
218 0.9925590 0.0990976 -0.0707540 -0.3273150 -0.1042140 0.9918940 -0.0727069 0.3858660 0.0629754 0.0795395 0.9948400 0.2812730 
219 0.9910870 0.1062180 -0.0804009 -0.3270030 -0.1119360 0.9912250 -0.0703097 0.3861310 0.0722272 0.0786829 0.9942800 0.2802240 
220 0.9893070 0.1150900 -0.0895899 -0.3270460 -0.1215200 0.9901210 -0.0699560 0.3863020 0.0806536 0.0800949 0.9935190 0.2800810 
221 0.9873530 0.1219280 -0.1013330 -0.3270020 -0.1297880 0.9887040 -0.0749630 0.3865960 0.0910478 0.0871666 0.9920240 0.2798290 
222 0.9855390 0.1244180 -0.1150370 -0.3265220 -0.1339190 0.9878460 -0.0789022 0.3870780 0.1038220 0.0931669 0.9902230 0.2781320 
223 0.9829990 0.1283070 -0.1313390 -0.3260010 -0.1395500 0.9869550 -0.0802887 0.3875690 0.1193240 0.0972522 0.9880810 0.2764520 
224 0.9786150 0.1387620 -0.1518470 -0.3257010 -0.1518000 0.9853380 -0.0778862 0.3879170 0.1388130 0.0992710 0.9853310 0.2749740 
225 0.9741060 0.1505270 -0.1687000 -0.3256150 -0.1649110 0.9834760 -0.0746986 0.3881050 0.1546680 0.1005850 0.9828330 0.2739900 
226 0.9705630 0.1581150 -0.1816760 -0.3252800 -0.1731810 0.9823860 -0.0701940 0.3885410 0.1673770 0.0995905 0.9808500 0.2725210 
227 0.9667050 0.1634660 -0.1968780 -0.3251920 -0.1790590 0.9817500 -0.0640734 0.3887630 0.1828120 0.0971929 0.9783320 0.2717590 
228 0.9638550 0.1646250 -0.2094800 -0.3252190 -0.1815290 0.9812960 -0.0640694 0.3892530 0.1950140 0.0997802 0.9757120 0.2711080 
229 0.9612460 0.1644520 -0.2212710 -0.3249500 -0.1824550 0.9811680 -0.0634051 0.3895770 0.2066770 0.1013200 0.9731490 0.2696300 
230 0.9594550 0.1626050 -0.2302300 -0.3247150 -0.1808200 0.9816710 -0.0602154 0.3898480 0.2162190 0.0994040 0.9712710 0.2685280 
231 0.9579490 0.1625560 -0.2364520 -0.3244050 -0.1806880 0.9818870 -0.0570021 0.3902820 0.2229030 0.0973290 0.9699700 0.2673370 
232 0.9556820 0.1626760 -0.2453740 -0.3240270 -0.1808420 0.9820690 -0.0532593 0.3907700 0.2323100 0.0952729 0.9679640 0.2660530 
233 0.9520170 0.1615540 -0.2599290 -0.3233080 -0.1797570 0.9825550 -0.0476875 0.3913740 0.2476910 0.0921233 0.9644490 0.2645130 
234 0.9465760 0.1652110 -0.2769470 -0.3232160 -0.1829050 0.9823510 -0.0391359 0.3916670 0.2655940 0.0877002 0.9600880 0.2637170 
235 0.9413800 0.1693830 -0.2917410 -0.3231380 -0.1868770 0.9818300 -0.0329642 0.3918970 0.2808570 0.0855516 0.9559290 0.2632400 
236 0.9372140 0.1723160 -0.3032110 -0.3230040 -0.1895870 0.9814580 -0.0282402 0.3922310 0.2927230 0.0839521 0.9525050 0.2623900 
237 0.9341920 0.1707240 -0.3132700 -0.3226740 -0.1873450 0.9820130 -0.0235047 0.3926610 0.3036220 0.0806475 0.9493730 0.2614510 
238 0.9304130 0.1686470 -0.3254080 -0.3221080 -0.1840210 0.9827780 -0.0168193 0.3930540 0.3169670 0.0755308 0.9454240 0.2604390 
239 0.9266870 0.1693610 -0.3355130 -0.3219260 -0.1834620 0.9829700 -0.0105377 0.3933230 0.3280150 0.0713191 0.9419770 0.2599680 
240 0.9225700 0.1718680 -0.3454370 -0.3213210 -0.1851480 0.9826950 -0.0055527 0.3938030 0.3385050 0.0690797 0.9384250 0.2590220 
241 0.9152470 0.1797130 -0.3605900 -0.3211210 -0.1926830 0.9812610 -0.0000213 0.3939620 0.3538290 0.0694993 0.9327240 0.2588130 
242 0.9076770 0.1872530 -0.3755790 -0.3210770 -0.2010480 0.9795780 0.0025085 0.3941850 0.3683780 0.0732324 0.9267870 0.2586170 
243 0.9016960 0.1887300 -0.3890050 -0.3209340 -0.2019090 0.9793780 0.0071404 0.3942770 0.3823310 0.0721054 0.9212080 0.2581830 
244 0.8964890 0.1848900 -0.4026450 -0.3213150 -0.1983250 0.9801000 0.0084813 0.3944840 0.3962010 0.0722511 0.9153170 0.2583320 
245 0.8891330 0.1823030 -0.4197710 -0.3208940 -0.1979610 0.9801890 0.0063789 0.3946840 0.4126180 0.0774268 0.9076080 0.2579720 
246 0.8804090 0.1871350 -0.4357300 -0.3202780 -0.2050070 0.9787410 0.0061201 0.3948030 0.4276130 0.0839398 0.9000560 0.2574100 
247 0.8723600 0.1931900 -0.4490730 -0.3199080 -0.2138290 0.9768590 0.0048623 0.3949710 0.4396200 0.0917830 0.8934820 0.2573650 
248 0.8633040 0.1959120 -0.4651070 -0.3189740 -0.2183380 0.9758560 0.0057840 0.3952690 0.4550100 0.0965570 0.8852360 0.2565370 
249 0.8622440 0.1972870 -0.4664900 -0.3187970 -0.2204880 0.9753770 0.0049618 0.3953250 0.4559820 0.0985770 0.8845130 0.2564710 
250 0.8519920 0.2003880 -0.4836880 -0.3181260 -0.2230630 0.9747430 0.0109148 0.3955540 0.4736590 0.0985936 0.8751720 0.2561090 
251 0.8434480 0.2052460 -0.4964570 -0.3181680 -0.2306090 0.9729900 0.0104658 0.3959600 0.4851960 0.1056600 0.8679980 0.2560210 
252 0.8356110 0.2091650 -0.5079410 -0.3169490 -0.2373690 0.9713730 0.0095067 0.3962420 0.4953890 0.1126260 0.8613390 0.2552370 
253 0.8355920 0.2091570 -0.5079750 -0.3169460 -0.2373590 0.9713750 0.0095161 0.3962420 0.4954250 0.1126210 0.8613190 0.2552390 
254 0.8305000 0.2114450 -0.5153250 -0.3157850 -0.2382140 0.9711040 0.0145514 0.3965510 0.5035110 0.1106730 0.8568710 0.2542770 
255 0.8205440 0.2122450 -0.5307160 -0.3152950 -0.2370030 0.9712600 0.0219956 0.3966210 0.5201310 0.1077330 0.8472640 0.2543960 
256 0.8066590 0.2158880 -0.5501760 -0.3146360 -0.2415550 0.9700260 0.0264734 0.3970000 0.5394000 0.1115430 0.8346290 0.2541590 
257 0.8069340 0.2152750 -0.5500130 -0.3147500 -0.2404320 0.9702900 0.0270301 0.3969900 0.5394910 0.1104290 0.8347180 0.2542590 
258 0.7969330 0.2227370 -0.5615030 -0.3149010 -0.2487090 0.9680810 0.0310294 0.3969990 0.5504920 0.1149220 0.8268930 0.2544180 
259 0.7906630 0.2197620 -0.5714510 -0.3147280 -0.2477450 0.9683720 0.0296243 0.3974230 0.5598880 0.1181510 0.8201010 0.2543910 
260 0.7784050 0.2123100 -0.5907700 -0.3147180 -0.2443590 0.9693260 0.0263840 0.3976280 0.5782510 0.1238230 0.8064080 0.2545990 
261 0.7689660 0.2045750 -0.6056740 -0.3137960 -0.2428800 0.9698660 0.0192240 0.3978670 0.5913550 0.1323240 0.7954810 0.2541960 
262 0.7691550 0.2039730 -0.6056360 -0.3136890 -0.2422170 0.9700340 0.0190849 0.3979230 0.5913810 0.1320160 0.7955130 0.2541210 
263 0.7631810 0.2009010 -0.6141610 -0.3133630 -0.2427320 0.9699670 0.0156605 0.3977370 0.5988620 0.1371250 0.7890260 0.2538040 
264 0.7568860 0.1920440 -0.6246940 -0.3124620 -0.2366590 0.9715200 0.0119274 0.3980910 0.6091930 0.1388120 0.7807780 0.2531440 
265 0.7455820 0.1855640 -0.6400570 -0.3118710 -0.2313520 0.9727890 0.0125341 0.3980650 0.6249670 0.1387340 0.7682250 0.2528650 
266 0.7456080 0.1856370 -0.6400060 -0.3119390 -0.2313320 0.9727930 0.0126608 0.3980560 0.6249430 0.1386140 0.7682660 0.2529140 
267 0.7310880 0.1855630 -0.6565640 -0.3117510 -0.2363010 0.9716120 0.0114821 0.3983100 0.6400560 0.1467520 0.7541830 0.2529730 
268 0.7211060 0.1857280 -0.6674660 -0.3117160 -0.2424090 0.9701410 0.0080591 0.3983130 0.6490330 0.1559890 0.7445960 0.2528190 
269 0.7134140 0.1807660 -0.6770260 -0.3106230 -0.2380870 0.9712070 0.0084287 0.3984890 0.6590570 0.1551780 0.7359100 0.2521180 
270 0.7032520 0.1803270 -0.6876910 -0.3104570 -0.2368950 0.9714550 0.0124808 0.3984810 0.6703110 0.1541340 0.7258960 0.2521110 
271 0.7032520 0.1803280 -0.6876910 -0.3104570 -0.2368950 0.9714550 0.0124809 0.3984810 0.6703110 0.1541340 0.7258970 0.2521110 
272 0.6937070 0.1810720 -0.6971250 -0.3104300 -0.2402060 0.9706340 0.0130848 0.3986610 0.6790230 0.1583770 0.7168300 0.2521010 
273 0.6818610 0.1859180 -0.7074600 -0.3103070 -0.2452460 0.9692870 0.0183528 0.3984960 0.6891440 0.1609880 0.7065150 0.2520460 
274 0.6673100 0.1916330 -0.7197040 -0.3103870 -0.2526470 0.9672780 0.0232991 0.3987990 0.7006190 0.1662840 0.6938900 0.2520190 
275 0.6534570 0.1940120 -0.7316780 -0.3111500 -0.2579040 0.9658270 0.0257673 0.3990000 0.7116740 0.1718650 0.6811630 0.2521570 
276 0.6534580 0.1940120 -0.7316780 -0.3111500 -0.2579040 0.9658270 0.0257673 0.3990000 0.7116730 0.1718650 0.6811630 0.2521570 
277 0.6382140 0.1947170 -0.7448270 -0.3106770 -0.2577070 0.9657050 0.0316411 0.3990410 0.7254450 0.1717530 0.6665070 0.2517390 
278 0.6227410 0.1989650 -0.7567080 -0.3109100 -0.2615460 0.9644290 0.0383405 0.3992140 0.7374200 0.1740380 0.6526280 0.2513470 
279 0.6069820 0.2015340 -0.7687370 -0.3114650 -0.2661770 0.9629960 0.0422917 0.3993080 0.7488140 0.1789500 0.6381650 0.2512460 
280 0.6078720 0.2015120 -0.7680390 -0.3117220 -0.2656940 0.9631240 0.0424104 0.3993420 0.7482630 0.1782840 0.6389970 0.2510850 
281 0.5895600 0.2064610 -0.7808930 -0.3115630 -0.2693280 0.9617010 0.0509273 0.3992890 0.7615000 0.1802920 0.6225860 0.2506060 
282 0.5735550 0.2104660 -0.7916680 -0.3124200 -0.2747760 0.9598700 0.0561103 0.3996510 0.7717080 0.1853490 0.6083690 0.2506330 
283 0.5619350 0.2081600 -0.8005610 -0.3134320 -0.2746110 0.9598750 0.0568277 0.3997610 0.7802680 0.1879100 0.5965510 0.2507060 
284 0.5464450 0.2043970 -0.8121700 -0.3143600 -0.2677450 0.9615040 0.0618349 0.3999450 0.7935430 0.1836650 0.5801350 0.2506670 
285 0.5277460 0.2071880 -0.8237460 -0.3147600 -0.2728420 0.9597510 0.0665961 0.4001160 0.8043890 0.1896060 0.5630340 0.2503790 
286 0.5277300 0.2071900 -0.8237560 -0.3147630 -0.2728590 0.9597470 0.0665909 0.4001180 0.8043940 0.1896270 0.5630200 0.2503860 
287 0.5122300 0.2097060 -0.8328530 -0.3154810 -0.2813440 0.9571960 0.0679791 0.4001030 0.8114590 0.1994970 0.5493040 0.2500780 
288 0.4960030 0.2113840 -0.8421980 -0.3154630 -0.2854410 0.9557050 0.0717661 0.4002140 0.8200640 0.2048020 0.5343710 0.2494580 
289 0.4828800 0.2129600 -0.8493970 -0.3165430 -0.2874650 0.9547740 0.0759570 0.4004490 0.8271580 0.2074940 0.5222600 0.2493090 
290 0.4717240 0.2105140 -0.8562480 -0.3171740 -0.2866670 0.9549430 0.0768479 0.4005360 0.8338460 0.2092070 0.5108170 0.2491040 
291 0.4573520 0.2110500 -0.8638790 -0.3173490 -0.2889000 0.9540010 0.0801188 0.4004440 0.8410510 0.2129320 0.4972860 0.2487190 
292 0.4436900 0.2124140 -0.8706430 -0.3179720 -0.2969020 0.9514810 0.0808318 0.4005880 0.8455700 0.2226320 0.4852290 0.2486450 
293 0.4309120 0.2124740 -0.8770230 -0.3183480 -0.3017220 0.9498740 0.0818766 0.4005090 0.8504580 0.2293360 0.4734200 0.2481600 
294 0.4158300 0.2110670 -0.8846110 -0.3195580 -0.3022130 0.9494890 0.0844851 0.4010220 0.8577600 0.2322100 0.4586130 0.2477310 
295 0.4017820 0.2127700 -0.8906740 -0.3196890 -0.3060650 0.9479000 0.0883750 0.4008320 0.8630730 0.2370960 0.4459710 0.2477310 
296 0.3916120 0.2111780 -0.8955690 -0.3202340 -0.3080800 0.9472220 0.0886416 0.4010100 0.8670220 0.2411940 0.4360030 0.2472270 
297 0.3779260 0.2095210 -0.9018160 -0.3202560 -0.3076550 0.9471250 0.0911184 0.4010690 0.8732240 0.2430120 0.4224040 0.2464960 
298 0.3650720 0.2081340 -0.9074160 -0.3199620 -0.3102230 0.9461810 0.0922168 0.4010480 0.8777730 0.2478350 0.4099920 0.2449490 
299 0.3514960 0.2058550 -0.9132770 -0.3195050 -0.3102760 0.9460060 0.0938154 0.4008620 0.8832780 0.2503920 0.3963890 0.2443130 
300 0.3403440 0.2009210 -0.9185840 -0.3198550 -0.3079110 0.9468570 0.0930211 0.4009520 0.8884580 0.2511830 0.3841230 0.2441230 
301 0.3316150 0.1943760 -0.9231740 -0.3202090 -0.3048020 0.9481400 0.0901442 0.4009990 0.8928200 0.2514920 0.3736640 0.2437940 
302 0.3317140 0.1943790 -0.9231370 -0.3202370 -0.3047840 0.9481470 0.0901266 0.4010070 0.8927890 0.2514620 0.3737570 0.2437590 
303 0.3234750 0.1860710 -0.9277610 -0.3201400 -0.3022180 0.9494370 0.0850463 0.4010680 0.8966760 0.2528760 0.3633540 0.2428900 
304 0.3142740 0.1790220 -0.9323000 -0.3195400 -0.3022510 0.9498230 0.0804991 0.4009250 0.8999310 0.2564900 0.3526140 0.2422470 
305 0.3081700 0.1750090 -0.9350950 -0.3168430 -0.3062720 0.9488530 0.0766483 0.4002670 0.9006820 0.2627730 0.3460080 0.2400910 
306 0.2962420 0.1722000 -0.9394610 -0.3150810 -0.3075170 0.9484320 0.0768742 0.3997810 0.9042530 0.2661270 0.3339200 0.2387690 
307 0.2842510 0.1697690 -0.9435990 -0.3143310 -0.3077740 0.9482660 0.0778940 0.3996330 0.9080070 0.2682740 0.3217960 0.2381110 
308 0.2742810 0.1645090 -0.9474740 -0.3134430 -0.3076230 0.9484980 0.0756340 0.3992210 0.9111190 0.2707190 0.3107620 0.2381070 
309 0.2698330 0.1565180 -0.9501010 -0.3125860 -0.3040500 0.9500690 0.0701607 0.3991510 0.9136430 0.2699470 0.3039490 0.2371470 
310 0.2618890 0.1508630 -0.9532340 -0.3113730 -0.3008180 0.9512610 0.0679043 0.3986870 0.9170180 0.2689670 0.2945070 0.2365320 
311 0.2542790 0.1477080 -0.9557850 -0.3088700 -0.3019580 0.9509900 0.0666333 0.3981680 0.9187840 0.2716640 0.2864180 0.2340910 
