17 0.998738 -0.0483242 0.0136475 -0.0141023 0.0477534 0.99808 0.0394385 -0.0131738 -0.0155272 -0.038737 0.999129 0.0203832
18 0.998532 -0.0527317 0.0123632 -0.0133458 0.0521821 0.997787 0.0412117 -0.0157439 -0.014509 -0.040506 0.999074 0.0232638
19 0.998361 -0.0555742 0.0136682 -0.0144424 0.0549581 0.997608 0.0419385 -0.0172719 -0.0159662 -0.0411185 0.999027 0.0250593
20 0.998096 -0.0599527 0.0145183 -0.015821 0.0592742 0.9973 0.0433599 -0.0193299 -0.0170787 -0.0424168 0.998954 0.0270948
21 0.997821 -0.0640392 0.0158947 -0.0173837 0.0632636 0.99697 0.0452644 -0.0210707 -0.0187453 -0.0441602 0.998849 0.028042
22 0.997519 -0.067822 0.0188705 -0.0192328 0.0668099 0.996517 0.0499006 -0.0223453 -0.0221892 -0.0485161 0.998576 0.0292696
23 0.996977 -0.0745938 0.0217477 -0.0194601 0.0732514 0.995678 0.0570875 -0.0254246 -0.025912 -0.0553219 0.998132 0.032503
24 0.996562 -0.0789346 0.0251685 -0.0197751 0.0772062 0.99499 0.063508 -0.0284603 -0.0300554 -0.0613465 0.997664 0.0348496
25 0.99661 -0.0769193 0.0291967 -0.0228126 0.0748011 0.994892 0.0677797 -0.0290085 -0.0342612 -0.065366 0.997273 0.0400269
26 0.996413 -0.0800208 0.0275191 -0.0245984 0.0778595 0.994344 0.0722366 -0.0314924 -0.0331439 -0.0698349 0.997008 0.0430148
27 0.996389 -0.081772 0.0228415 -0.0255521 0.0797697 0.993762 0.0779363 -0.0340709 -0.0290721 -0.0758329 0.996697 0.0443467
28 0.996126 -0.0857727 0.0193817 -0.0250832 0.0837944 0.992715 0.0865781 -0.036062 -0.0266666 -0.0846187 0.996057 0.0476453
29 0.995703 -0.0902847 0.020617 -0.0236845 0.0879567 0.991625 0.0945727 -0.0386991 -0.0289828 -0.0923529 0.995304 0.0519762
30 0.995074 -0.0956431 0.026086 -0.0240455 0.0925278 0.990475 0.101973 -0.0411633 -0.0355906 -0.0990574 0.994445 0.0554657
31 0.994658 -0.0989602 0.0293501 -0.0240175 0.095334 0.989749 0.106338 -0.0424187 -0.0395725 -0.102972 0.993897 0.0629097
32 0.994324 -0.100112 0.0360104 -0.0281291 0.0958035 0.989722 0.10617 -0.0458557 -0.0462691 -0.102117 0.993696 0.0741712
33 0.994689 -0.0958816 0.0374355 -0.0291299 0.0917171 0.990706 0.100451 -0.0489622 -0.046719 -0.096484 0.994237 0.0776924
34 0.995003 -0.0925916 0.0373546 -0.0280532 0.0887431 0.991602 0.0940792 -0.0500292 -0.0457518 -0.0902941 0.994864 0.0777312
35 0.994977 -0.0924016 0.0384988 -0.0260125 0.0885289 0.991778 0.0924093 -0.0517833 -0.046721 -0.0885369 0.994977 0.0767829
36 0.994492 -0.094787 0.0447325 -0.0258836 0.0902665 0.991464 0.094083 -0.0542227 -0.0532685 -0.0895269 0.994559 0.0779711
37 0.993686 -0.0993762 0.0520768 -0.0273187 0.0940399 0.990883 0.0964737 -0.0564971 -0.0611892 -0.0909673 0.993972 0.0794958
38 0.993271 -0.101475 0.0558141 -0.0286943 0.0955476 0.990368 0.100206 -0.0581224 -0.065445 -0.0941988 0.9934 0.0813678
39 0.99273 -0.105687 0.0575986 -0.0276156 0.0992825 0.989551 0.104557 -0.0616211 -0.0680471 -0.0980786 0.99285 0.0868122
40 0.992484 -0.105634 0.0617876 -0.028043 0.0987831 0.98955 0.105033 -0.064713 -0.072237 -0.0981396 0.992547 0.0901195
41 0.992357 -0.104446 0.0657179 -0.0295694 0.0972544 0.989761 0.104475 -0.0655618 -0.0759571 -0.097285 0.992354 0.090596
42 0.991787 -0.10734 0.0695509 -0.0299936 0.0994321 0.989099 0.108615 -0.0669387 -0.0804514 -0.100807 0.991648 0.0926582
43 0.990753 -0.113761 0.0739382 -0.0301368 0.104961 0.987963 0.113632 -0.069434 -0.085975 -0.104821 0.990768 0.0979359
44 0.99004 -0.117795 0.0771103 -0.0311893 0.108501 0.987389 0.115284 -0.0722698 -0.0897178 -0.10577 0.990335 0.101786
45 0.990128 -0.116216 0.078367 -0.0333684 0.106675 0.987438 0.116561 -0.07462 -0.0909287 -0.10705 0.990087 0.103321
46 0.990084 -0.116775 0.0780789 -0.0316975 0.106909 0.986949 0.120422 -0.0772555 -0.0911222 -0.110881 0.989647 0.106552
47 0.989288 -0.119886 0.0832821 -0.0325063 0.108958 0.986124 0.125252 -0.0796028 -0.0971425 -0.114836 0.988623 0.107436
48 0.988336 -0.124174 0.0881675 -0.0334068 0.112075 0.98503 0.13098 -0.0808119 -0.103112 -0.119571 0.987457 0.112885
49 0.987848 -0.126637 0.0901127 -0.033101 0.113824 0.984234 0.135381 -0.0858724 -0.105836 -0.123479 0.986687 0.120376
50 0.988178 -0.12363 0.0906627 -0.0335319 0.1111 0.984976 0.132205 -0.0895509 -0.105645 -0.120569 0.987067 0.124244
51 0.988966 -0.117571 0.0901273 -0.0326669 0.105694 0.986278 0.126825 -0.0925264 -0.103802 -0.1159 0.987822 0.127608
52 0.989632 -0.109649 0.0927642 -0.0325608 0.0977851 0.987453 0.123994 -0.0962043 -0.105196 -0.113637 0.987937 0.12337
53 0.988936 -0.111621 0.0977067 -0.0314871 0.0984085 0.986493 0.130944 -0.0989968 -0.111003 -0.11988 0.986563 0.119124
54 0.987354 -0.116372 0.107655 -0.0352865 0.101256 0.985441 0.136574 -0.0984013 -0.121981 -0.123946 0.984763 0.131168
55 0.987204 -0.117893 0.107378 -0.0371805 0.102168 0.984618 0.141734 -0.104088 -0.122436 -0.12895 0.984064 0.138695
56 0.988355 -0.114897 0.0997614 -0.0360645 0.100593 0.985285 0.13818 -0.10776 -0.11417 -0.126536 0.98537 0.143484
57 0.989559 -0.110029 0.0930928 -0.0313499 0.0972927 0.986496 0.13176 -0.11282 -0.106333 -0.121327 0.986901 0.147904
58 0.99027 -0.102225 0.0944183 -0.0309933 0.0905483 0.988561 0.120617 -0.114005 -0.105668 -0.110894 0.988199 0.145895
59 0.990058 -0.101598 0.0972746 -0.029193 0.090382 0.989419 0.113491 -0.110537 -0.107776 -0.103571 0.988766 0.147254
60 0.99026 -0.0992862 0.0976107 -0.0266723 0.0873555 0.988958 0.119713 -0.115489 -0.108419 -0.11002 0.987998 0.145929
61 0.990209 -0.0956054 0.101716 -0.0299048 0.0832425 0.989335 0.119531 -0.115189 -0.112059 -0.109893 0.987606 0.153561
62 0.991682 -0.0868609 0.0949853 -0.0287068 0.0752941 0.990008 0.11923 -0.117304 -0.104393 -0.111087 0.988313 0.155924
63 0.993199 -0.0764239 0.0878404 -0.025227 0.0657508 0.990767 0.118564 -0.118194 -0.0960905 -0.111982 0.989053 0.160066
64 0.994605 -0.0679083 0.078415 -0.016654 0.057693 0.990364 0.125897 -0.125647 -0.0862089 -0.120694 0.988939 0.155761
65 0.994912 -0.0641147 0.0777084 -0.0134226 0.0535586 0.989929 0.13104 -0.127933 -0.0853274 -0.126211 0.988327 0.155152
66 0.995279 -0.0609518 0.075529 -0.00921702 0.0499196 0.988864 0.1402 -0.132989 -0.0832334 -0.135768 0.987238 0.154787
67 0.995524 -0.0562039 0.075982 -0.00571107 0.0447755 0.988487 0.144531 -0.138221 -0.0832304 -0.140482 0.986579 0.157877
68 0.995967 -0.049886 0.0745673 -0.00122022 0.0388694 0.989031 0.142503 -0.139486 -0.0808583 -0.13903 0.986982 0.157025
69 0.99625 -0.0456259 0.0735172 0.00243033 0.0346777 0.988991 0.143857 -0.141934 -0.0792714 -0.140768 0.986864 0.159028
70 0.996741 -0.0394804 0.0703464 0.00701536 0.029218 0.989527 0.14136 -0.144172 -0.0751906 -0.138844 0.987456 0.158785
71 0.997272 -0.0339283 0.0655615 0.0112328 0.0245868 0.990075 0.138371 -0.144332 -0.0696055 -0.136381 0.988208 0.15626
72 0.997739 -0.0323048 0.0589325 0.0165579 0.0238122 0.989935 0.139504 -0.145864 -0.062846 -0.137785 0.988466 0.155292
73 0.998231 -0.0325506 0.0497443 0.0238012 0.0252244 0.989633 0.14139 -0.146736 -0.0538309 -0.139885 0.988703 0.15261
74 0.998457 -0.0356653 0.042552 0.0329827 0.0289953 0.988534 0.148189 -0.149689 -0.0473493 -0.146727 0.988043 0.149868
75 0.99856 -0.0357089 0.0400325 0.0394801 0.0292112 0.987866 0.152539 -0.151855 -0.0449937 -0.15115 0.987486 0.147712
76 0.998773 -0.0345053 0.0355153 0.045005 0.0285849 0.987427 0.155471 -0.152888 -0.0404334 -0.154265 0.987202 0.145829
77 0.998971 -0.034985 0.0288643 0.0539786 0.0298711 0.986383 0.161731 -0.155623 -0.0341294 -0.160702 0.986413 0.14282
78 0.999131 -0.0321556 0.0265275 0.0629298 0.0272495 0.985389 0.168125 -0.158223 -0.0315461 -0.167256 0.985409 0.140717
79 0.999246 -0.0261213 0.0287286 0.0673666 0.0207838 0.984789 0.172508 -0.160059 -0.0327977 -0.171781 0.984589 0.139071
80 0.999441 -0.0230908 0.0241739 0.0712234 0.0184603 0.984079 0.176771 -0.161782 -0.0278708 -0.176226 0.983955 0.138542
81 0.999782 -0.0162817 0.0131016 0.0793822 0.013647 0.983436 0.180741 -0.166463 -0.0158274 -0.180523 0.983443 0.138361
82 0.999928 -0.010747 0.00540107 0.0880358 0.00958845 0.983344 0.1815 -0.170183 -0.0072617 -0.181435 0.983376 0.138927
83 0.999968 -0.00795985 0.000424256 0.0922678 0.0077551 0.983794 0.179133 -0.170882 -0.00184326 -0.179124 0.983825 0.137376
84 0.999939 -0.00339128 -0.0105117 0.0995576 0.00522931 0.983633 0.180106 -0.172638 0.00972889 -0.18015 0.983591 0.135798
85 0.999804 0.00320578 -0.0195299 0.10591 0.000429271 0.983049 0.183341 -0.175841 0.0197866 -0.183314 0.982855 0.135978
86 0.999484 0.00813497 -0.0310725 0.111991 -0.00221619 0.982556 0.185953 -0.179663 0.0320432 -0.185788 0.982067 0.13639
87 0.998865 0.0168886 -0.0445397 0.119249 -0.00825453 0.982261 0.187335 -0.182148 0.0469135 -0.186755 0.981286 0.136786
88 0.998085 0.0273066 -0.0555092 0.125311 -0.0164775 0.982238 0.186916 -0.185215 0.0596273 -0.185643 0.980806 0.137226
89 0.997154 0.0331346 -0.0677245 0.134945 -0.0199474 0.982187 0.186843 -0.187521 0.0727091 -0.18496 0.980053 0.137547
90 0.996636 0.0370117 -0.0731269 0.141681 -0.0227686 0.982138 0.18678 -0.187858 0.0787337 -0.184486 0.979676 0.136184
91 0.996123 0.0416094 -0.077511 0.146777 -0.0262589 0.98154 0.189446 -0.188521 0.0839629 -0.186676 0.978827 0.136728
92 0.995301 0.047749 -0.0842327 0.152236 -0.0308246 0.980942 0.191841 -0.19098 0.0917876 -0.188343 0.977805 0.138322
93 0.994309 0.0527465 -0.0925606 0.160965 -0.0340055 0.980518 0.193462 -0.193172 0.100962 -0.189213 0.976732 0.138673
94 0.993836 0.0573352 -0.0948806 0.166944 -0.0379052 0.980034 0.195181 -0.193199 0.104177 -0.190382 0.976167 0.138845
95 0.993239 0.0616947 -0.0983396 0.171808 -0.0412761 0.979421 0.197561 -0.195658 0.108504 -0.192166 0.975346 0.141308
96 0.992203 0.0662363 -0.105575 0.179051 -0.0448647 0.980119 0.19327 -0.195354 0.116278 -0.187027 0.975449 0.141342
97 0.991534 0.0695128 -0.10967 0.185822 -0.047676 0.980537 0.190457 -0.192839 0.120775 -0.183616 0.97555 0.139387
98 0.991266 0.0692441 -0.11224 0.190986 -0.0466881 0.980208 0.192384 -0.190992 0.123341 -0.185464 0.97488 0.139917
99 0.9905 0.0704101 -0.118123 0.197181 -0.0463108 0.979594 0.19558 -0.191211 0.129483 -0.188252 0.973548 0.141517
100 0.989235 0.0746706 -0.125854 0.202882 -0.0490756 0.979495 0.195402 -0.189649 0.137864 -0.187122 0.972614 0.142036
101 0.987524 0.0792051 -0.136101 0.210598 -0.0515136 0.97923 0.196098 -0.188246 0.148806 -0.18664 0.971093 0.142811
102 0.986286 0.0799188 -0.144403 0.218397 -0.0505341 0.97915 0.196752 -0.187766 0.157116 -0.186756 0.969761 0.144483
103 0.985417 0.078091 -0.151179 0.22659 -0.0476036 0.979513 0.195674 -0.185379 0.163362 -0.185624 0.968946 0.144422
104 0.984126 0.0807253 -0.158049 0.233258 -0.0488079 0.97933 0.196291 -0.182941 0.170628 -0.185461 0.967724 0.143314
105 0.9822 0.0851617 -0.167426 0.2423 -0.0508918 0.978631 0.199227 -0.181677 0.180815 -0.18716 0.965545 0.144314
106 0.980816 0.0887077 -0.173583 0.251249 -0.0527639 0.978031 0.201673 -0.180157 0.18766 -0.188646 0.963948 0.145355
107 0.98083 0.0885537 -0.173579 0.251154 -0.0526779 0.978106 0.20133 -0.180033 0.187608 -0.188327 0.964021 0.144493
108 0.979298 0.0935621 -0.179506 0.257761 -0.0561562 0.977536 0.203151 -0.178415 0.194481 -0.188865 0.962553 0.144843
109 0.976436 0.101493 -0.190454 0.267325 -0.0613967 0.976687 0.205703 -0.178007 0.206891 -0.189163 0.959903 0.145619
110 0.973411 0.11257 -0.199499 0.276283 -0.0701654 0.975582 0.208127 -0.177907 0.218057 -0.188595 0.95754 0.146253
111 0.971134 0.121029 -0.205548 0.281206 -0.0772844 0.974882 0.208884 -0.174318 0.225666 -0.186969 0.956095 0.144672
112 0.967321 0.130373 -0.217471 0.28713 -0.0824505 0.972806 0.216449 -0.176202 0.239776 -0.191445 0.951765 0.147133
113 0.967325 0.1304 -0.217437 0.287097 -0.082464 0.972787 0.216531 -0.176287 0.239755 -0.191525 0.951754 0.147095
114 0.961914 0.144814 -0.231841 0.294388 -0.0937998 0.971508 0.217653 -0.179586 0.256754 -0.187617 0.948091 0.149793
115 0.957553 0.151471 -0.245252 0.30078 -0.0991615 0.971976 0.213144 -0.178803 0.270664 -0.179777 0.945738 0.148112
116 0.951731 0.154127 -0.26543 0.310346 -0.0978031 0.971987 0.213718 -0.179588 0.290934 -0.177442 0.940144 0.149136
117 0.946354 0.155642 -0.283177 0.320192 -0.0956736 0.972023 0.214518 -0.181748 0.308643 -0.175918 0.934769 0.149442
118 0.941292 0.163582 -0.295315 0.326855 -0.10103 0.971168 0.21593 -0.181729 0.322122 -0.173417 0.930679 0.14794
119 0.934319 0.172326 -0.312012 0.334494 -0.104484 0.969321 0.222485 -0.183759 0.340779 -0.175271 0.923661 0.145897
120 0.928271 0.176215 -0.327507 0.343456 -0.101807 0.967386 0.231946 -0.185127 0.357698 -0.181967 0.915937 0.146375
121 0.928309 0.176252 -0.32738 0.343329 -0.101878 0.967383 0.231929 -0.185108 0.35758 -0.181949 0.915986 0.146322
122 0.924198 0.180121 -0.336771 0.353149 -0.0990374 0.964664 0.244161 -0.189655 0.36885 -0.1923 0.909379 0.147751
123 0.921213 0.186651 -0.341361 0.358278 -0.101382 0.962257 0.252552 -0.192554 0.375616 -0.198046 0.905367 0.148557
124 0.915962 0.193184 -0.351701 0.361025 -0.103428 0.960529 0.258239 -0.194675 0.387706 -0.200161 0.899788 0.152393
125 0.908127 0.200774 -0.367417 0.368072 -0.106764 0.959562 0.260467 -0.198514 0.404854 -0.19731 0.892839 0.154187
126 0.901442 0.206476 -0.380487 0.376537 -0.110253 0.959444 0.259444 -0.19963 0.418625 -0.191924 0.887648 0.156464
127 0.901444 0.206474 -0.380484 0.376532 -0.110255 0.959446 0.259437 -0.199623 0.41862 -0.191918 0.887651 0.156463
128 0.895858 0.211126 -0.390979 0.380288 -0.112969 0.959216 0.259121 -0.202194 0.42974 -0.187967 0.883171 0.157339
129 0.887708 0.216781 -0.406179 0.386964 -0.116369 0.959214 0.257617 -0.203844 0.445459 -0.181422 0.876728 0.159157
130 0.879791 0.223204 -0.4197 0.394779 -0.121017 0.958985 0.256325 -0.204638 0.459699 -0.174721 0.870718 0.161528
131 0.874223 0.226356 -0.42953 0.399953 -0.122401 0.958849 0.256177 -0.204968 0.469842 -0.171381 0.865954 0.162723
132 0.868526 0.228503 -0.439829 0.40658 -0.122213 0.95872 0.256748 -0.205671 0.480341 -0.169239 0.860599 0.165005
133 0.863135 0.23319 -0.447907 0.414347 -0.123675 0.957596 0.26022 -0.206664 0.489595 -0.16921 0.855374 0.164709
134 0.863116 0.233284 -0.447895 0.414361 -0.123722 0.957562 0.260323 -0.206755 0.489617 -0.169274 0.855349 0.164672
135 0.857096 0.236223 -0.457806 0.418 -0.121326 0.956234 0.266263 -0.20813 0.500667 -0.172669 0.848244 0.165592
136 0.846016 0.23912 -0.476528 0.42603 -0.117763 0.955518 0.270403 -0.210398 0.51999 -0.172648 0.836542 0.172933
137 0.835269 0.24503 -0.492225 0.435256 -0.121303 0.955275 0.269694 -0.212016 0.536293 -0.165559 0.827635 0.176337
138 0.825716 0.25134 -0.504996 0.442124 -0.126153 0.954852 0.268966 -0.212581 0.549799 -0.158383 0.820144 0.178074
139 0.814278 0.259366 -0.519307 0.449208 -0.132596 0.954082 0.268601 -0.214156 0.565128 -0.149858 0.811279 0.181449
140 0.80157 0.269762 -0.533587 0.457032 -0.143647 0.953181 0.266103 -0.214664 0.580389 -0.136651 0.802792 0.182956
141 0.790278 0.279423 -0.545329 0.464431 -0.153428 0.951857 0.265382 -0.214402 0.593229 -0.126056 0.795103 0.182655
142 0.779875 0.289292 -0.555072 0.473178 -0.160009 0.949464 0.270028 -0.21513 0.605138 -0.121771 0.786753 0.181668
143 0.780665 0.288804 -0.554216 0.472725 -0.159643 0.94955 0.269941 -0.215249 0.604216 -0.122257 0.787386 0.180433
144 0.770554 0.298431 -0.563192 0.480955 -0.16276 0.946448 0.278829 -0.216323 0.616243 -0.123188 0.777862 0.182499
145 0.761609 0.308623 -0.569827 0.489715 -0.165909 0.942868 0.288918 -0.218455 0.626439 -0.125503 0.769301 0.181999
146 0.751183 0.322468 -0.575967 0.49762 -0.171125 0.937857 0.301896 -0.219952 0.637527 -0.128217 0.759684 0.183639
147 0.739809 0.334959 -0.583511 0.506132 -0.175201 0.933254 0.313595 -0.221676 0.649605 -0.129769 0.749115 0.188091
148 0.730847 0.345417 -0.588685 0.515422 -0.177477 0.928995 0.324761 -0.223747 0.659063 -0.132872 0.740257 0.18994
149 0.720291 0.352737 -0.597292 0.522067 -0.176487 0.925912 0.333976 -0.225759 0.670845 -0.135146 0.729179 0.196061
150 0.709056 0.352633 -0.610647 0.52864 -0.171465 0.926208 0.335765 -0.228399 0.683988 -0.133372 0.717198 0.204323
151 0.699175 0.34932 -0.623803 0.533874 -0.169257 0.928582 0.330284 -0.229762 0.694627 -0.125344 0.708366 0.208142
152 0.688595 0.346772 -0.636856 0.541933 -0.168281 0.930687 0.324812 -0.230531 0.70535 -0.116493 0.699222 0.212558
153 0.682778 0.339723 -0.64684 0.550063 -0.164886 0.934131 0.316562 -0.231968 0.711777 -0.109486 0.69382 0.215139
154 0.681595 0.334623 -0.650735 0.557383 -0.160858 0.936077 0.312866 -0.232478 0.71383 -0.108572 0.691852 0.211326
155 0.678159 0.334236 -0.654512 0.563675 -0.154953 0.935604 0.317229 -0.233646 0.718394 -0.113713 0.68628 0.211601
156 0.669429 0.331256 -0.664932 0.569753 -0.146363 0.936345 0.319116 -0.235682 0.728315 -0.116304 0.6753 0.222609
157 0.663327 0.331316 -0.670989 0.577675 -0.148003 0.937022 0.316362 -0.236948 0.733548 -0.110543 0.670588 0.224899
158 0.658067 0.337493 -0.673087 0.586224 -0.153386 0.935264 0.318988 -0.238445 0.737171 -0.106673 0.667233 0.226085
159 0.653424 0.342222 -0.675219 0.59224 -0.15649 0.933776 0.321828 -0.23971 0.74064 -0.104625 0.663706 0.232547
160 0.652358 0.348377 -0.673099 0.599631 -0.163135 0.931824 0.324178 -0.240961 0.740146 -0.101675 0.664715 0.233784
161 0.651148 0.355667 -0.670453 0.604892 -0.167769 0.928995 0.329882 -0.242887 0.740176 -0.102321 0.664583 0.236513
162 0.647568 0.356924 -0.673246 0.611588 -0.164562 0.928172 0.333789 -0.247519 0.744026 -0.105361 0.659791 0.240284
163 0.642457 0.356887 -0.678145 0.618296 -0.163366 0.928377 0.333807 -0.24848 0.748706 -0.103671 0.654746 0.240882
164 0.635608 0.360201 -0.682831 0.625278 -0.162305 0.927062 0.337955 -0.24914 0.754758 -0.10398 0.64771 0.247035
165 0.629563 0.363128 -0.686869 0.630449 -0.16198 0.925977 0.341072 -0.250897 0.759877 -0.103467 0.64178 0.254151
166 0.621 0.368455 -0.691809 0.63929 -0.166465 0.924486 0.342952 -0.252288 0.76593 -0.0978108 0.63544 0.260942
167 0.617233 0.375458 -0.691415 0.646849 -0.173693 0.922134 0.345687 -0.253112 0.767368 -0.0932755 0.634386 0.267078
168 0.617266 0.383843 -0.686766 0.651815 -0.180463 0.918713 0.351282 -0.255101 0.765778 -0.0928988 0.63636 0.270689
169 0.614449 0.391142 -0.685172 0.655352 -0.184032 0.915554 0.357622 -0.25814 0.767193 -0.0936467 0.634543 0.273862
170 0.606102 0.394993 -0.690378 0.661477 -0.184904 0.914169 0.3607 -0.259521 0.773596 -0.0909675 0.627116 0.283417
171 0.602648 0.396005 -0.692817 0.66855 -0.18416 0.913765 0.362104 -0.260063 0.776466 -0.0906321 0.623607 0.289425
172 0.60024 0.400094 -0.692558 0.674491 -0.184846 0.911843 0.36657 -0.261638 0.778167 -0.0920135 0.621281 0.299222
173 0.601528 0.402992 -0.689754 0.680309 -0.187549 0.910542 0.368428 -0.263451 0.776524 -0.0922568 0.623297 0.305417
174 0.604122 0.407119 -0.685048 0.684293 -0.189525 0.908387 0.372712 -0.265658 0.774027 -0.0953299 0.625935 0.308989
175 0.604089 0.408734 -0.684115 0.688282 -0.185532 0.906996 0.378068 -0.268859 0.775019 -0.101462 0.62374 0.313337
176 0.602502 0.407994 -0.685954 0.693728 -0.178673 0.906601 0.382295 -0.270583 0.777861 -0.107773 0.619127 0.321405
177 0.60232 0.407012 -0.686696 0.698674 -0.172702 0.906316 0.385701 -0.271979 0.779349 -0.113722 0.616184 0.332883
178 0.602896 0.408795 -0.68513 0.703365 -0.173311 0.905353 0.387685 -0.274513 0.778768 -0.114993 0.616682 0.34103
179 0.604668 0.409649 -0.683055 0.706825 -0.173678 0.904773 0.388873 -0.277932 0.777311 -0.116508 0.618234 0.347202
180 0.607963 0.406784 -0.681841 0.711754 -0.167748 0.905204 0.390468 -0.281101 0.776042 -0.123013 0.618568 0.347891
181 0.607102 0.403802 -0.684376 0.715044 -0.155947 0.905055 0.39567 -0.283508 0.779171 -0.133486 0.612433 0.352074
182 0.601798 0.400724 -0.69084 0.720395 -0.143709 0.905226 0.399892 -0.284177 0.785612 -0.141374 0.602351 0.3614
183 0.59907 0.400709 -0.693216 0.725624 -0.138537 0.90458 0.403165 -0.284775 0.788621 -0.145487 0.59742 0.370445
184 0.597302 0.405282 -0.692081 0.73026 -0.140103 0.902385 0.40752 -0.285733 0.789684 -0.14645 0.595778 0.379647
185 0.595845 0.407608 -0.691971 0.732112 -0.139313 0.901023 0.41079 -0.287839 0.790924 -0.148367 0.593656 0.387542
186 0.593706 0.405364 -0.695121 0.736394 -0.134228 0.901632 0.411147 -0.2897 0.793408 -0.150796 0.589715 0.39348
187 0.590391 0.406734 -0.697142 0.741596 -0.131994 0.900769 0.413754 -0.291621 0.796251 -0.152258 0.585493 0.399953
188 0.585942 0.409404 -0.699329 0.744985 -0.132223 0.899729 0.415938 -0.293953 0.799493 -0.151248 0.581322 0.410307
189 0.583851 0.410013 -0.700719 0.749958 -0.134501 0.900025 0.414565 -0.295086 0.800642 -0.147797 0.580628 0.417479
190 0.582234 0.413814 -0.69983 0.75295 -0.137796 0.89855 0.416677 -0.297692 0.801259 -0.14617 0.580189 0.423189
191 0.575741 0.41812 -0.702636 0.755182 -0.139842 0.897049 0.419223 -0.300319 0.805584 -0.143105 0.574939 0.431984
192 0.567517 0.42198 -0.707006 0.759373 -0.143114 0.896167 0.420004 -0.301544 0.810829 -0.137176 0.568981 0.439405
193 0.559444 0.428211 -0.709689 0.76322 -0.147532 0.893985 0.423113 -0.302798 0.815633 -0.132006 0.56331 0.447406
194 0.55115 0.43231 -0.713682 0.764543 -0.148067 0.892415 0.42623 -0.304959 0.821164 -0.129243 0.555865 0.457726
195 0.541911 0.434059 -0.71967 0.766756 -0.146374 0.891964 0.427756 -0.306653 0.827591 -0.126464 0.5469 0.463526
196 0.528508 0.437203 -0.727691 0.770153 -0.144784 0.891049 0.430196 -0.307369 0.836491 -0.122004 0.534226 0.473703
197 0.518338 0.43879 -0.734023 0.774846 -0.143289 0.890758 0.431299 -0.309117 0.843086 -0.118381 0.524587 0.484339
198 0.511653 0.443241 -0.736036 0.777509 -0.144779 0.888888 0.434646 -0.310817 0.846906 -0.115825 0.518974 0.490336
199 0.499585 0.450794 -0.73973 0.777933 -0.146305 0.885571 0.440861 -0.313182 0.853821 -0.112022 0.508371 0.498935
200 0.489065 0.451681 -0.74619 0.781807 -0.139646 0.884991 0.444173 -0.31596 0.860996 -0.113027 0.495893 0.509133
201 0.481781 0.452867 -0.750199 0.783829 -0.133875 0.884095 0.44772 -0.317524 0.866005 -0.11527 0.486568 0.517913
202 0.471385 0.456835 -0.754386 0.78441 -0.132112 0.882309 0.451749 -0.320074 0.871976 -0.113284 0.47626 0.528245
203 0.461988 0.459239 -0.758727 0.787052 -0.131163 0.881467 0.453666 -0.322925 0.877134 -0.110071 0.467462 0.537154
204 0.45611 0.463105 -0.759933 0.787564 -0.130523 0.879508 0.457634 -0.325346 0.8803 -0.109542 0.461598 0.543336
205 0.446061 0.466546 -0.763783 0.785829 -0.126968 0.877742 0.462005 -0.328695 0.885951 -0.109106 0.450763 0.550838
206 0.434063 0.468664 -0.769378 0.787641 -0.123241 0.876889 0.464625 -0.331723 0.892413 -0.106858 0.438384 0.556478
207 0.419564 0.473942 -0.774174 0.786606 -0.12413 0.874816 0.468282 -0.332905 0.899199 -0.100376 0.425871 0.567542
208 0.407387 0.478359 -0.777952 0.785314 -0.128652 0.87341 0.469684 -0.335322 0.904148 -0.0912582 0.417358 0.575696
209 0.401716 0.48107 -0.779228 0.785767 -0.130854 0.872327 0.471088 -0.339013 0.906367 -0.0872786 0.413377 0.57677
210 0.393453 0.484951 -0.781036 0.78445 -0.129191 0.870293 0.47529 -0.341777 0.910222 -0.0861009 0.405071 0.581396
211 0.383857 0.48631 -0.784957 0.78181 -0.124602 0.869583 0.477807 -0.343323 0.914947 -0.0856022 0.39439 0.591435
212 0.376911 0.486547 -0.788169 0.781153 -0.125499 0.869903 0.476988 -0.34502 0.917708 -0.0808677 0.388937 0.598266
213 0.37226 0.492256 -0.786833 0.779885 -0.13288 0.867297 0.479728 -0.348088 0.918567 -0.0740293 0.388271 0.599572
214 0.365548 0.49756 -0.786644 0.777032 -0.137113 0.864699 0.483215 -0.350869 0.920638 -0.0687789 0.38431 0.603669
215 0.360832 0.500622 -0.786878 0.775013 -0.137757 0.863074 0.485929 -0.352436 0.922401 -0.0669413 0.380389 0.608011
216 0.349356 0.507537 -0.787627 0.768824 -0.138634 0.85934 0.492255 -0.355887 0.926677 -0.0627802 0.370577 0.615864
217 0.345501 0.510896 -0.787156 0.766007 -0.134791 0.857131 0.49715 -0.358366 0.928688 -0.0656643 0.365003 0.619403
218 0.342677 0.5142 -0.786239 0.763111 -0.130656 0.854863 0.502134 -0.3597 0.930323 -0.0693424 0.360125 0.623286
219 0.336932 0.519161 -0.785461 0.757696 -0.128194 0.851766 0.507997 -0.360908 0.932761 -0.0704693 0.35354 0.629019
220 0.32919 0.522622 -0.786448 0.753239 -0.127607 0.849851 0.511342 -0.362071 0.935601 -0.0679723 0.346453 0.63435
221 0.319033 0.52835 -0.786806 0.743956 -0.12815 0.846613 0.516549 -0.366697 0.93904 -0.063967 0.337806 0.645319
222 0.315576 0.529925 -0.787141 0.738931 -0.129657 0.845831 0.517455 -0.36939 0.94 -0.0612385 0.335633 0.644884
223 0.306595 0.53227 -0.789106 0.732374 -0.126331 0.844453 0.520518 -0.371296 0.943419 -0.0598996 0.326147 0.64701
224 0.296818 0.531713 -0.793209 0.726251 -0.117948 0.844696 0.522089 -0.373012 0.947622 -0.0614081 0.313436 0.652921
225 0.290054 0.531854 -0.795613 0.719718 -0.112053 0.844508 0.523689 -0.376462 0.950428 -0.0627477 0.304549 0.656984
226 0.279768 0.532472 -0.798876 0.713308 -0.116042 0.844758 0.522416 -0.376856 0.953029 -0.0534524 0.298126 0.660387
227 0.264353 0.536708 -0.801288 0.698629 -0.123931 0.84286 0.523667 -0.379823 0.95643 -0.0391287 0.289328 0.664517
228 0.258946 0.536719 -0.803044 0.69191 -0.122022 0.842918 0.524022 -0.382117 0.958153 -0.0377046 0.283762 0.662103
229 0.246056 0.537099 -0.806834 0.684804 -0.118031 0.842835 0.525069 -0.382725 0.962042 -0.0339655 0.270779 0.663508
230 0.233894 0.537568 -0.810132 0.67761 -0.113658 0.842649 0.526331 -0.382191 0.965596 -0.0310279 0.25819 0.667205
231 0.22345 0.538331 -0.81257 0.669901 -0.111773 0.842301 0.527291 -0.381806 0.968286 -0.0269997 0.248383 0.669152
232 0.212314 0.539076 -0.815058 0.662297 -0.109175 0.841937 0.528415 -0.381985 0.971084 -0.0232061 0.237609 0.669835
233 0.192268 0.536977 -0.821395 0.649805 -0.0962365 0.843294 0.528766 -0.380103 0.976612 -0.0226167 0.213815 0.673861
234 0.18285 0.54057 -0.821188 0.641388 -0.0913423 0.840998 0.533272 -0.379353 0.978888 -0.0224995 0.203153 0.677268
235 0.17223 0.543017 -0.821869 0.633508 -0.0892174 0.839507 0.535974 -0.379071 0.981008 -0.0189859 0.193035 0.680202
236 0.162002 0.545207 -0.822499 0.62632 -0.0896227 0.838194 0.537958 -0.378469 0.982712 -0.0134357 0.184652 0.681357
237 0.152126 0.547374 -0.822946 0.617638 -0.0875793 0.836827 0.540417 -0.378143 0.984473 -0.0101387 0.175242 0.68304
238 0.132639 0.547624 -0.826144 0.603679 -0.0781086 0.836692 0.542075 -0.377286 0.988082 -0.00737152 0.153753 0.682958
239 0.120137 0.550968 -0.825834 0.595503 -0.0753415 0.83452 0.545802 -0.376298 0.989894 -0.00335161 0.141768 0.683916
240 0.108494 0.552599 -0.826355 0.587232 -0.0719253 0.833447 0.547899 -0.374735 0.991492 -7.63546e-06 0.13017 0.686129
241 0.0989486 0.555468 -0.82563 0.580332 -0.0697314 0.831532 0.551082 -0.374265 0.992646 0.0030436 0.121013 0.687065
242 0.0770569 0.559441 -0.825281 0.561303 -0.0655341 0.828794 0.555703 -0.371349 0.994871 0.0112633 0.100527 0.688996
243 0.0683286 0.560317 -0.825455 0.553434 -0.06265 0.828165 0.556971 -0.370374 0.995694 0.0136576 0.0916913 0.689152
244 0.0562677 0.562594 -0.824817 0.543333 -0.0606134 0.826527 0.559625 -0.369785 0.996574 0.0185062 0.0806074 0.68952
245 0.0424277 0.561857 -0.826146 0.533559 -0.0581844 0.826877 0.559365 -0.368835 0.997404 0.0243362 0.0677738 0.689745
246 0.018466 0.56139 -0.827345 0.516561 -0.0505062 0.826954 0.559997 -0.368797 0.998553 0.0314452 0.0436242 0.692689
247 0.00559598 0.560494 -0.82814 0.508247 -0.0508329 0.827241 0.559542 -0.36818 0.998691 0.0389655 0.0331208 0.692649
248 -0.0064643 0.560765 -0.82795 0.500393 -0.0502569 0.826738 0.560337 -0.367821 0.998715 0.0452324 0.0228381 0.693435
249 -0.018995 0.560644 -0.827839 0.490684 -0.0522349 0.826301 0.560801 -0.36687 0.998454 0.0538945 0.0135896 0.693833
250 -0.0415034 0.555236 -0.830657 0.476562 -0.0511811 0.8291 0.556752 -0.365891 0.997827 0.0656211 -0.00599285 0.693547
251 -0.0475777 0.554655 -0.830719 0.469139 -0.0442581 0.829673 0.556492 -0.365753 0.997887 0.0632426 -0.014926 0.693421
252 -0.0545835 0.553639 -0.830966 0.459975 -0.03869 0.830409 0.55581 -0.36448 0.997759 0.0624882 -0.0239063 0.693282
253 -0.0757943 0.551745 -0.830562 0.443624 -0.0387611 0.830698 0.555373 -0.364284 0.99637 0.0742876 -0.0415759 0.696554
254 -0.0812562 0.550483 -0.830882 0.433401 -0.0385849 0.831277 0.554518 -0.365993 0.995946 0.0771175 -0.046306 0.694207
255 -0.0909025 0.544182 -0.834028 0.426825 -0.0393914 0.834875 0.549028 -0.366169 0.99508 0.0827616 -0.0544561 0.688602
256 -0.121515 0.535785 -0.835565 0.411012 -0.0322433 0.839228 0.542823 -0.366229 0.992066 0.0929024 -0.0847032 0.686534
257 -0.133827 0.530681 -0.83694 0.403885 -0.0307128 0.84191 0.538743 -0.367422 0.990529 0.0978029 -0.0963712 0.683109
258 -0.148606 0.525878 -0.837477 0.398625 -0.0307561 0.844013 0.53544 -0.366474 0.988418 0.105327 -0.109252 0.680806
259 -0.173107 0.522676 -0.834772 0.385989 -0.0243609 0.845036 0.534154 -0.365371 0.984602 0.112802 -0.133549 0.67482
260 -0.186256 0.524494 -0.830792 0.381836 -0.018067 0.843617 0.536641 -0.364596 0.982335 0.114963 -0.147653 0.672892
261 -0.200907 0.528318 -0.824934 0.373237 -0.0118607 0.840731 0.541323 -0.363326 0.979539 0.11854 -0.162642 0.672245
262 -0.214297 0.529062 -0.821079 0.365365 -0.00804173 0.839623 0.54311 -0.360996 0.976735 0.12299 -0.175674 0.673185
263 -0.234958 0.531585 -0.813764 0.351412 -0.0130561 0.8354 0.549488 -0.359006 0.971918 0.139731 -0.189343 0.666514
264 -0.243336 0.53263 -0.810613 0.345055 -0.0101614 0.834287 0.551236 -0.35817 0.969889 0.142372 -0.1976 0.663535
265 -0.251974 0.533057 -0.807688 0.338839 -0.00870929 0.833335 0.5527 -0.357175 0.967695 0.1463 -0.205336 0.660203
266 -0.270752 0.534397 -0.800695 0.326305 -0.00530865 0.830921 0.556365 -0.35472 0.962634 0.154888 -0.222137 0.652497
267 -0.279422 0.535424 -0.797022 0.321051 -0.0038025 0.829462 0.55855 -0.352963 0.960161 0.159102 -0.229734 0.648807
268 -0.290234 0.537077 -0.792031 0.31383 -0.0059574 0.826627 0.562719 -0.350466 0.956937 0.168039 -0.236716 0.644698
269 -0.299937 0.53717 -0.788344 0.306548 -0.00547172 0.825409 0.564508 -0.348016 0.953943 0.173631 -0.244632 0.640859
270 -0.314005 0.540546 -0.780519 0.292612 -0.00315749 0.821501 0.570198 -0.345767 0.949416 0.181509 -0.256248 0.629815
271 -0.323617 0.538166 -0.778234 0.284945 -0.00274769 0.821956 0.569544 -0.342921 0.946184 0.186453 -0.264521 0.625084
272 -0.330959 0.535743 -0.776817 0.279458 -0.000298168 0.82315 0.567824 -0.33966 0.943645 0.188158 -0.272269 0.621063
273 -0.336635 0.537244 -0.773334 0.272051 0.00281909 0.821838 0.569714 -0.338358 0.941631 0.189606 -0.278174 0.615865
274 -0.347223 0.536171 -0.769387 0.257769 0.00838507 0.822175 0.569174 -0.334156 0.937745 0.191179 -0.289974 0.608048
275 -0.350036 0.536091 -0.768167 0.252708 0.00457717 0.821016 0.570887 -0.330583 0.936725 0.196315 -0.289839 0.599686
276 -0.353319 0.54008 -0.763859 0.2441 0.00912165 0.818472 0.574474 -0.329638 0.935459 0.196005 -0.294108 0.593419
277 -0.358063 0.54172 -0.760481 0.234287 0.0142482 0.817558 0.57567 -0.329247 0.933589 0.19529 -0.300456 0.588943
278 -0.362756 0.535539 -0.762631 0.221972 0.013918 0.821398 0.570186 -0.322883 0.93178 0.196224 -0.305421 0.582813
279 -0.358004 0.535487 -0.76491 0.218824 0.0142468 0.822244 0.568956 -0.321204 0.933611 0.192791 -0.301995 0.57568
280 -0.358427 0.534266 -0.765565 0.214028 0.0142217 0.823081 0.567746 -0.317776 0.933449 0.192608 -0.302613 0.571878
281 -0.358915 0.534657 -0.765063 0.208632 0.0153017 0.822939 0.567924 -0.316104 0.933245 0.19213 -0.303547 0.567953
282 -0.358387 0.534805 -0.765207 0.205957 0.0151759 0.822883 0.568008 -0.314295 0.93345 0.191954 -0.303027 0.566078
283 -0.350275 0.542058 -0.763859 0.194209 0.0106533 0.817778 0.575435 -0.310736 0.936586 0.193423 -0.292222 0.558072
284 -0.347058 0.541569 -0.765672 0.191187 0.00993562 0.818495 0.574428 -0.309204 0.937791 0.191752 -0.289446 0.553423
285 -0.343988 0.543118 -0.76596 0.188935 0.0114475 0.818107 0.574953 -0.307667 0.938904 0.189009 -0.287636 0.550541
286 -0.340835 0.546149 -0.765214 0.18373 0.0132995 0.816671 0.57695 -0.30523 0.940029 0.186468 -0.285614 0.547592
287 -0.341824 0.545705 -0.76509 0.178512 0.00916051 0.816026 0.577943 -0.303802 0.939719 0.190546 -0.283936 0.54437
288 -0.341239 0.544998 -0.765855 0.176754 0.0051775 0.815836 0.578259 -0.302397 0.939962 0.193359 -0.281217 0.539983
289 -0.337865 0.549927 -0.763824 0.170725 0.00762122 0.81312 0.582047 -0.298324 0.941164 0.190832 -0.278916 0.529105
290 -0.339018 0.553868 -0.760458 0.166614 0.00966988 0.810336 0.585885 -0.296275 0.94073 0.191272 -0.280074 0.527505
291 -0.339629 0.556601 -0.758187 0.158712 0.00813206 0.80781 0.589387 -0.293012 0.940524 0.194007 -0.278882 0.524823
292 -0.339333 0.556354 -0.758501 0.15385 0.00463253 0.807323 0.590092 -0.291224 0.940655 0.196724 -0.276529 0.520937
293 -0.342769 0.554798 -0.758095 0.15033 -0.0013141 0.806698 0.590962 -0.289033 0.939419 0.20356 -0.275782 0.517894
294 -0.343611 0.555019 -0.757552 0.147322 -0.00424491 0.805742 0.592251 -0.28662 0.939103 0.20672 -0.274506 0.511531
295 -0.343864 0.562047 -0.752237 0.13687 -0.00125446 0.800812 0.598915 -0.281438 0.939019 0.206889 -0.274665 0.504702
296 -0.343591 0.563701 -0.751123 0.129469 -0.00171315 0.799439 0.600745 -0.28013 0.939118 0.207697 -0.273714 0.497695
297 -0.345099 0.560825 -0.752584 0.126289 -1.81296e-05 0.80184 0.597539 -0.278372 0.938566 0.206224 -0.276704 0.493065
298 -0.345419 0.562816 -0.750948 0.125186 0.00130865 0.80049 0.599344 -0.277198 0.938448 0.206042 -0.277241 0.488318
299 -0.345623 0.566858 -0.747807 0.119733 0.00424555 0.797855 0.602834 -0.273845 0.938364 0.205179 -0.278164 0.482392
300 -0.347669 0.569297 -0.745001 0.113282 0.00823628 0.796392 0.604725 -0.270863 0.937581 0.204108 -0.28157 0.477455
301 -0.354067 0.569811 -0.741588 0.102087 0.0104374 0.795313 0.606109 -0.266913 0.935162 0.206863 -0.287542 0.466869
302 -0.358917 0.569779 -0.739277 0.0965251 0.0151955 0.795514 0.605745 -0.26599 0.933246 0.206179 -0.294182 0.45875
303 -0.365196 0.565941 -0.73915 0.0931217 0.0193813 0.79844 0.601762 -0.261749 0.930729 0.205435 -0.302556 0.456039
304 -0.367655 0.566873 -0.737214 0.0873315 0.0193823 0.797235 0.603358 -0.259395 0.92976 0.207539 -0.304095 0.451409
305 -0.37052 0.566875 -0.735777 0.0818151 0.0202156 0.796893 0.603782 -0.258088 0.928604 0.208839 -0.306725 0.445656
306 -0.37268 0.566187 -0.735215 0.0790681 0.0216453 0.797381 0.603088 -0.255509 0.927707 0.208845 -0.309423 0.441175
307 -0.371814 0.569311 -0.733239 0.0734085 0.0243515 0.795576 0.605364 -0.25416 0.927988 0.207228 -0.30967 0.434465
308 -0.373979 0.569518 -0.731976 0.0643398 0.024059 0.794938 0.606214 -0.24868 0.927125 0.2091 -0.310992 0.426085
309 -0.374067 0.570849 -0.730893 0.0582393 0.021849 0.793314 0.60842 -0.246727 0.927144 0.211621 -0.309226 0.420796
310 -0.373717 0.570045 -0.731699 0.0526528 0.0198741 0.793598 0.608118 -0.245178 0.92733 0.212722 -0.30791 0.415566
311 -0.372622 0.568172 -0.733712 0.0486752 0.0185665 0.795058 0.606249 -0.243706 0.927798 0.212279 -0.306805 0.410025
312 -0.370568 0.566837 -0.735782 0.0457768 0.0181617 0.796452 0.604429 -0.24221 0.928628 0.210619 -0.305434 0.403672
313 -0.370848 0.565814 -0.736428 0.0415375 0.0195426 0.797551 0.602935 -0.240428 0.928488 0.209206 -0.306828 0.399303
314 -0.371819 0.562357 -0.738583 0.0385004 0.0177094 0.799778 0.600035 -0.237749 0.928136 0.210024 -0.307331 0.3945
315 -0.373108 0.558781 -0.740645 0.0363015 0.0125607 0.80126 0.598184 -0.234996 0.927703 0.213884 -0.305975 0.390172
316 -0.373195 0.556466 -0.742342 0.0335056 0.00620467 0.801629 0.597789 -0.232109 0.927732 0.218486 -0.302617 0.385567
317 -0.372208 0.556018 -0.743172 0.0315875 0.00119387 0.800989 0.598678 -0.230808 0.928148 0.221946 -0.298799 0.381235
318 -0.368403 0.558679 -0.743073 0.0315221 -0.00478293 0.79814 0.602453 -0.231357 0.929654 0.225499 -0.291365 0.373757
319 -0.370862 0.558702 -0.741831 0.0279801 -0.00916635 0.796554 0.604498 -0.22877 0.928643 0.230986 -0.290291 0.369305
320 -0.369119 0.552046 -0.747661 0.0213941 -0.0249073 0.798306 0.601737 -0.22493 0.929048 0.240735 -0.28092 0.362256
321 -0.360908 0.550457 -0.752823 0.0210981 -0.0325219 0.799309 0.600039 -0.224416 0.932034 0.241042 -0.270575 0.354759
322 -0.353335 0.550204 -0.756591 0.0210893 -0.0370612 0.799891 0.599 -0.224392 0.934762 0.239688 -0.262238 0.348187
323 -0.346551 0.548108 -0.761236 0.0207974 -0.0401285 0.80212 0.595814 -0.222382 0.937172 0.237027 -0.255981 0.342556
324 -0.340699 0.546793 -0.764815 0.0203169 -0.0416418 0.803909 0.593293 -0.22101 0.93925 0.233983 -0.251122 0.337468
325 -0.333412 0.54401 -0.769993 0.0198961 -0.0429483 0.807113 0.588832 -0.217965 0.941803 0.229394 -0.245737 0.332768
326 -0.320891 0.542683 -0.776224 0.0205414 -0.0486427 0.809042 0.585735 -0.216941 0.945866 0.225715 -0.233217 0.326653
327 -0.308352 0.539537 -0.783465 0.0213688 -0.0557132 0.811941 0.581075 -0.215421 0.949639 0.222825 -0.220305 0.321388
328 -0.293981 0.537158 -0.790592 0.0236464 -0.0608754 0.814941 0.576338 -0.21353 0.953871 0.21756 -0.206877 0.315027
329 -0.275138 0.537642 -0.79702 0.0261422 -0.0653195 0.816647 0.57343 -0.212015 0.959183 0.209833 -0.189572 0.304509
330 -0.261215 0.536462 -0.80248 0.0277891 -0.0664979 0.819368 0.569398 -0.209473 0.962987 0.202099 -0.178358 0.298297
331 -0.244647 0.53476 -0.808814 0.0297168 -0.0681425 0.822617 0.564498 -0.206387 0.967215 0.193217 -0.164811 0.292491
332 -0.224884 0.534231 -0.814877 0.031671 -0.0729196 0.824726 0.560812 -0.204593 0.971653 0.185538 -0.146512 0.285512
333 -0.185484 0.53236 -0.825947 0.0379027 -0.0811707 0.829359 0.552788 -0.199639 0.979289 0.169576 -0.110621 0.268547
334 -0.167423 0.535942 -0.827488 0.0398822 -0.0786069 0.829406 0.553088 -0.196274 0.982746 0.157646 -0.0967327 0.261423
335 -0.151222 0.540644 -0.827548 0.04016 -0.0777629 0.828075 0.555198 -0.194648 0.985436 0.148311 -0.0831815 0.255258
336 -0.133019 0.543081 -0.829077 0.0418541 -0.0780283 0.828176 0.55501 -0.192458 0.988037 0.138519 -0.0677878 0.248133
337 -0.116326 0.546846 -0.829112 0.042602 -0.0772277 0.827272 0.556468 -0.191223 0.990204 0.128762 -0.054002 0.241682
338 -0.101262 0.547246 -0.830824 0.0426268 -0.0781568 0.828159 0.555017 -0.189947 0.991785 0.121137 -0.0410903 0.237743
339 -0.0805374 0.5463 -0.833709 0.0444727 -0.0842382 0.829703 0.551813 -0.187946 0.993186 0.114672 -0.0208028 0.231658
340 -0.0576442 0.546707 -0.835337 0.0466374 -0.091807 0.83028 0.549733 -0.187898 0.994107 0.108379 0.00233073 0.221323
341 -0.040141 0.544795 -0.837608 0.0489708 -0.0933681 0.832571 0.545993 -0.185542 0.994822 0.100123 0.0174462 0.214078
342 -0.019408 0.546429 -0.837281 0.0504522 -0.0940959 0.832723 0.545636 -0.185317 0.995374 0.0893743 0.0352552 0.204486
343 -0.00532334 0.545959 -0.837795 0.051022 -0.0928965 0.833914 0.54402 -0.18424 0.995662 0.0807242 0.0462785 0.19955
344 0.00722552 0.544236 -0.838901 0.0518828 -0.0924973 0.83569 0.541356 -0.182901 0.995687 0.0736845 0.0563787 0.196077
345 0.0220899 0.543457 -0.839147 0.0525684 -0.0956135 0.836652 0.539324 -0.181956 0.995173 0.0683201 0.0704433 0.192081
346 0.0360734 0.542506 -0.839277 0.0533436 -0.0993184 0.837612 0.537161 -0.180837 0.994402 0.0639784 0.0840964 0.187965
347 0.0505195 0.542523 -0.83852 0.053739 -0.101587 0.838029 0.536085 -0.179165 0.993543 0.0580999 0.0974501 0.183198
348 0.0629208 0.543549 -0.837016 0.0534679 -0.101671 0.837805 0.536419 -0.178311 0.992826 0.051348 0.107978 0.179379
349 0.0728321 0.543757 -0.836077 0.053144 -0.100312 0.838046 0.536299 -0.178129 0.992287 0.0448086 0.115582 0.177364
350 0.0848036 0.543299 -0.835245 0.0524871 -0.0985812 0.838727 0.535555 -0.177734 0.991509 0.0369225 0.124686 0.176008
351 0.0974386 0.542554 -0.834351 0.0506802 -0.098462 0.839482 0.534392 -0.178144 0.990359 0.0300814 0.135219 0.174265
352 0.10959 0.538986 -0.835155 0.0499865 -0.099559 0.841942 0.530303 -0.177233 0.988978 0.0250313 0.145929 0.174629
353 0.138041 0.536027 -0.832838 0.0465107 -0.107203 0.844034 0.525465 -0.175355 0.984608 0.016747 0.173975 0.170821
354 0.153482 0.533588 -0.831702 0.045303 -0.107627 0.845694 0.522703 -0.175666 0.982273 0.00928839 0.187227 0.168547
355 0.165005 0.531763 -0.830663 0.0441125 -0.106467 0.846889 0.521002 -0.174438 0.980529 0.00247079 0.196356 0.168376
356 0.175636 0.531816 -0.828447 0.0395929 -0.106741 0.846855 0.521002 -0.174692 0.978651 -0.00307769 0.205505 0.167637
357 0.1848 0.526413 -0.829903 0.0368168 -0.106465 0.850201 0.515581 -0.174208 0.976992 -0.00692353 0.213162 0.168977
