1 0.9934300 -0.0789117 0.0828818 0.0510693 0.0694563 0.9913510 0.1113530 0.0232540 -0.0909520 -0.1048650 0.9903190 0.0339892 
2 0.9938680 -0.0786899 0.0776829 0.0510688 0.0697110 0.9912360 0.1122090 0.0232204 -0.0858318 -0.1061060 0.9906430 0.0340868 
3 0.9942080 -0.0776530 0.0742983 0.0511005 0.0691151 0.9913810 0.1112940 0.0232193 -0.0823002 -0.1055140 0.9910060 0.0341343 
4 0.9944860 -0.0760351 0.0722286 0.0510688 0.0677131 0.9914660 0.1114030 0.0232107 -0.0800827 -0.1058980 0.9911470 0.0341699 
5 0.9949340 -0.0739032 0.0681509 0.0510362 0.0659965 0.9915420 0.1117520 0.0232023 -0.0758333 -0.1066880 0.9913960 0.0342367 
6 0.9954780 -0.0710636 0.0630328 0.0510341 0.0635455 0.9914270 0.1141660 0.0231734 -0.0706055 -0.1096440 0.9914600 0.0342269 
7 0.9958730 -0.0691386 0.0587988 0.0510282 0.0617475 0.9909280 0.1193700 0.0231696 -0.0665185 -0.1152460 0.9911070 0.0342762 
8 0.9959940 -0.0710169 0.0543437 0.0510186 0.0637428 0.9900390 0.1255350 0.0231726 -0.0627175 -0.1215680 0.9906000 0.0344481 
9 0.9960570 -0.0743011 0.0484687 0.0510168 0.0675738 0.9894530 0.1281250 0.0231828 -0.0574774 -0.1243450 0.9905730 0.0346469 
10 0.9966450 -0.0705002 0.0415791 0.0510461 0.0644989 0.9892420 0.1312990 0.0231369 -0.0503884 -0.1281760 0.9904700 0.0347358 
11 0.9971000 -0.0663829 0.0372057 0.0510539 0.0607613 0.9888520 0.1359410 0.0231055 -0.0458151 -0.1332860 0.9900180 0.0348199 
12 0.9972940 -0.0648775 0.0345662 0.0510392 0.0594558 0.9884020 0.1397350 0.0230904 -0.0432309 -0.1373020 0.9895850 0.0350768 
13 0.9976120 -0.0623527 0.0297178 0.0510427 0.0575223 0.9881500 0.1423030 0.0230665 -0.0382386 -0.1402540 0.9893770 0.0351967 
14 0.9978480 -0.0604662 0.0253484 0.0510582 0.0560815 0.9874320 0.1477610 0.0230096 -0.0339643 -0.1460220 0.9886980 0.0352818 
15 0.9978900 -0.0608833 0.0225351 0.0510719 0.0566945 0.9863810 0.1543940 0.0229816 -0.0316282 -0.1527910 0.9877520 0.0355040 
16 0.9979620 -0.0603969 0.0205846 0.0510647 0.0564052 0.9858360 0.1579400 0.0228991 -0.0298322 -0.1564570 0.9872340 0.0359207 
17 0.9981890 -0.0570706 0.0190290 0.0509972 0.0534615 0.9865560 0.1544310 0.0227901 -0.0275866 -0.1531340 0.9878200 0.0362327 
18 0.9984510 -0.0540301 0.0132594 0.0511114 0.0514156 0.9871950 0.1510060 0.0228044 -0.0212485 -0.1500900 0.9884440 0.0361919 
19 0.9986590 -0.0502544 0.0124328 0.0511306 0.0476991 0.9865540 0.1563200 0.0227520 -0.0201214 -0.1555170 0.9876280 0.0363115 
20 0.9987060 -0.0495129 0.0115853 0.0511585 0.0469618 0.9854590 0.1632970 0.0226973 -0.0195021 -0.1625410 0.9865090 0.0366651 
21 0.9987460 -0.0489388 0.0105910 0.0511741 0.0464933 0.9849120 0.1666920 0.0226332 -0.0185889 -0.1659910 0.9859520 0.0369975 
22 0.9987240 -0.0492558 0.0111531 0.0511282 0.0466846 0.9846590 0.1681270 0.0225053 -0.0192632 -0.1673920 0.9857020 0.0374386 
23 0.9988780 -0.0461026 0.0108370 0.0511042 0.0436901 0.9853530 0.1648330 0.0223595 -0.0182775 -0.1641750 0.9862620 0.0377911 
24 0.9990320 -0.0426907 0.0106183 0.0511960 0.0404521 0.9863480 0.1596280 0.0222873 -0.0172879 -0.1590440 0.9871200 0.0379203 
25 0.9990340 -0.0421538 0.0123811 0.0512495 0.0396766 0.9866730 0.1578030 0.0222563 -0.0188681 -0.1571590 0.9873930 0.0379232 
26 0.9989920 -0.0418093 0.0163235 0.0512348 0.0385054 0.9852180 0.1669220 0.0221462 -0.0230611 -0.1661250 0.9858350 0.0380728 
27 0.9989100 -0.0417447 0.0208922 0.0513191 0.0374413 0.9837670 0.1755020 0.0220506 -0.0278793 -0.1745280 0.9842570 0.0384714 
28 0.9986120 -0.0437648 0.0292974 0.0512392 0.0379138 0.9835050 0.1768660 0.0218883 -0.0365546 -0.1755090 0.9837990 0.0389465 
29 0.9983040 -0.0460005 0.0356777 0.0511646 0.0392091 0.9843170 0.1719970 0.0217320 -0.0430301 -0.1703070 0.9844510 0.0392772 
30 0.9980820 -0.0468415 0.0404845 0.0512109 0.0396417 0.9857840 0.1632720 0.0216280 -0.0475569 -0.1613540 0.9857500 0.0394969 
31 0.9977950 -0.0468140 0.0470447 0.0512935 0.0389880 0.9870920 0.1553360 0.0216179 -0.0537094 -0.1531600 0.9867410 0.0394501 
32 0.9972410 -0.0495932 0.0552425 0.0512476 0.0401602 0.9862340 0.1604040 0.0215193 -0.0624370 -0.1577420 0.9855040 0.0394145 
33 0.9965850 -0.0547155 0.0618407 0.0512333 0.0432323 0.9838360 0.1737760 0.0213871 -0.0703493 -0.1705090 0.9828420 0.0395477 
34 0.9956540 -0.0637437 0.0679030 0.0512064 0.0501460 0.9812890 0.1858970 0.0212974 -0.0784822 -0.1816840 0.9802200 0.0398573 
35 0.9945840 -0.0738548 0.0731251 0.0511942 0.0583620 0.9790580 0.1950390 0.0212083 -0.0859982 -0.1897150 0.9780660 0.0401963 
36 0.9938860 -0.0803143 0.0757607 0.0511801 0.0636456 0.9774670 0.2012660 0.0211056 -0.0902181 -0.1952130 0.9766020 0.0403549 
37 0.9934030 -0.0830524 0.0790704 0.0511472 0.0647476 0.9753390 0.2109990 0.0210014 -0.0946445 -0.2044880 0.9742830 0.0404697 
38 0.9933420 -0.0775572 0.0851803 0.0510633 0.0567970 0.9730250 0.2235990 0.0208636 -0.1002240 -0.2172720 0.9709520 0.0408342 
39 0.9934430 -0.0733190 0.0877258 0.0508872 0.0517097 0.9724770 0.2271890 0.0206579 -0.1019690 -0.2211630 0.9698910 0.0412651 
40 0.9935560 -0.0762680 0.0838452 0.0508725 0.0558720 0.9731800 0.2231560 0.0205420 -0.0986162 -0.2170330 0.9711700 0.0414605 
41 0.9929660 -0.0860916 0.0812786 0.0509221 0.0662232 0.9729120 0.2214870 0.0204695 -0.0981451 -0.2145470 0.9717700 0.0415020 
42 0.9926510 -0.0891569 0.0818217 0.0509497 0.0685553 0.9715040 0.2268920 0.0203669 -0.0997191 -0.2196150 0.9704770 0.0414691 
43 0.9922920 -0.0899569 0.0852296 0.0509181 0.0674930 0.9691380 0.2370990 0.0202908 -0.1039280 -0.2295190 0.9677400 0.0416832 
44 0.9911900 -0.0987967 0.0882155 0.0508941 0.0746030 0.9667750 0.2444990 0.0201914 -0.1094400 -0.2357630 0.9656290 0.0419803 
45 0.9903710 -0.1047630 0.0904961 0.0508455 0.0796821 0.9659400 0.2461930 0.0200737 -0.1132060 -0.2366120 0.9649870 0.0421887 
46 0.9905000 -0.1019080 0.0923267 0.0509059 0.0762377 0.9657400 0.2480620 0.0199711 -0.1144430 -0.2386670 0.9643340 0.0421028 
47 0.9896490 -0.1047790 0.0980620 0.0508743 0.0771842 0.9646910 0.2518200 0.0199047 -0.1209850 -0.2416450 0.9627930 0.0424078 
48 0.9889760 -0.1095110 0.0996727 0.0507356 0.0813613 0.9642610 0.2521520 0.0197999 -0.1237240 -0.2412630 0.9625410 0.0426099 
49 0.9900340 -0.1065870 0.0920402 0.0508398 0.0801377 0.9638360 0.2541620 0.0196858 -0.1158020 -0.2442530 0.9627720 0.0425785 
50 0.9906920 -0.1014990 0.0907048 0.0509315 0.0749146 0.9628970 0.2592620 0.0195166 -0.1136540 -0.2500540 0.9615380 0.0428107 
51 0.9906500 -0.0968094 0.0961315 0.0509037 0.0693101 0.9640340 0.2565810 0.0193492 -0.1175130 -0.2475190 0.9617300 0.0430609 
52 0.9907590 -0.0926000 0.0991049 0.0508999 0.0647957 0.9650480 0.2539380 0.0192408 -0.1191560 -0.2451690 0.9621300 0.0429840 
53 0.9907990 -0.0904641 0.1006640 0.0510010 0.0618731 0.9642750 0.2575750 0.0190976 -0.1203690 -0.2489770 0.9610010 0.0429525 
54 0.9903370 -0.0874264 0.1076520 0.0510135 0.0563934 0.9630560 0.2633300 0.0189619 -0.1266970 -0.2547150 0.9586800 0.0430318 
55 0.9896270 -0.0879964 0.1135590 0.0510329 0.0545084 0.9613400 0.2699170 0.0188624 -0.1329210 -0.2609270 0.9561640 0.0433827 
56 0.9888380 -0.0875499 0.1205600 0.0510944 0.0516567 0.9604120 0.2737540 0.0186062 -0.1397550 -0.2644700 0.9542140 0.0436982 
57 0.9882630 -0.0789984 0.1307510 0.0510995 0.0416882 0.9628850 0.2666720 0.0183361 -0.1469650 -0.2580910 0.9548770 0.0440004 
58 0.9878340 -0.0689735 0.1393780 0.0511092 0.0322181 0.9675850 0.2504810 0.0181893 -0.1521370 -0.2429430 0.9580360 0.0440914 
59 0.9870950 -0.0670175 0.1454400 0.0512051 0.0306566 0.9705020 0.2391350 0.0180851 -0.1571760 -0.2315900 0.9600320 0.0441085 
60 0.9861900 -0.0651537 0.1522650 0.0512512 0.0282376 0.9720550 0.2330490 0.0179351 -0.1631940 -0.2255310 0.9604700 0.0442061 
61 0.9851760 -0.0677733 0.1575910 0.0512809 0.0302680 0.9729110 0.2291890 0.0177804 -0.1688550 -0.2210220 0.9605400 0.0443929 
62 0.9845770 -0.0680348 0.1611790 0.0513265 0.0306018 0.9740570 0.2242230 0.0175841 -0.1722520 -0.2158320 0.9611170 0.0445836 
63 0.9841410 -0.0647892 0.1651350 0.0514199 0.0276772 0.9755960 0.2178210 0.0174079 -0.1752170 -0.2097960 0.9619170 0.0446186 
64 0.9825340 -0.0673430 0.1734720 0.0514750 0.0292993 0.9765770 0.2131650 0.0172429 -0.1837640 -0.2043590 0.9614930 0.0446643 
65 0.9800710 -0.0777448 0.1828040 0.0514843 0.0380932 0.9767100 0.2111560 0.0170822 -0.1949620 -0.1999840 0.9602060 0.0447950 
66 0.9787860 -0.0814188 0.1880130 0.0515278 0.0415730 0.9774850 0.2068710 0.0168642 -0.2006230 -0.1946660 0.9601330 0.0449741 
67 0.9785670 -0.0742135 0.1920930 0.0515269 0.0358361 0.9799420 0.1960350 0.0167667 -0.2027890 -0.1849490 0.9615980 0.0451165 
68 0.9784200 -0.0679572 0.1951300 0.0515644 0.0296064 0.9807320 0.1931040 0.0166365 -0.2044930 -0.1831600 0.9615800 0.0450652 
69 0.9775430 -0.0680306 0.1994550 0.0515673 0.0284586 0.9804060 0.1949220 0.0165083 -0.2088070 -0.1848680 0.9603250 0.0451796 
70 0.9770260 -0.0655645 0.2027830 0.0515343 0.0253507 0.9805000 0.1948770 0.0163521 -0.2116060 -0.1852590 0.9596360 0.0453924 
71 0.9767920 -0.0633652 0.2046040 0.0515685 0.0234624 0.9811440 0.1918460 0.0162369 -0.2129030 -0.1825940 0.9598600 0.0454353 
72 0.9760620 -0.0651193 0.2075130 0.0515534 0.0249402 0.9813420 0.1906440 0.0161634 -0.2160560 -0.1809050 0.9594760 0.0454745 
73 0.9759380 -0.0673133 0.2073980 0.0515475 0.0266201 0.9808230 0.1930730 0.0160819 -0.2164170 -0.1829060 0.9590150 0.0455115 
74 0.9758800 -0.0676456 0.2075640 0.0515628 0.0259919 0.9800210 0.1971880 0.0159271 -0.2167560 -0.1870370 0.9581410 0.0456243 
75 0.9754810 -0.0668212 0.2096930 0.0514918 0.0243334 0.9796980 0.1989950 0.0157937 -0.2187330 -0.1890130 0.9573030 0.0457558 
76 0.9762740 -0.0631926 0.2071110 0.0515351 0.0213034 0.9798590 0.1985500 0.0157009 -0.2154860 -0.1894270 0.9579580 0.0457476 
77 0.9762360 -0.0588456 0.2085670 0.0515253 0.0161473 0.9795040 0.2007790 0.0156191 -0.2161080 -0.1926400 0.9571770 0.0458566 
78 0.9760990 -0.0586464 0.2092660 0.0514890 0.0150979 0.9788740 0.2039050 0.0154835 -0.2168030 -0.1958720 0.9563630 0.0460204 
79 0.9759890 -0.0581147 0.2099230 0.0515109 0.0146781 0.9791080 0.2028120 0.0153500 -0.2173240 -0.1948610 0.9564520 0.0461331 
80 0.9755490 -0.0560888 0.2125060 0.0514891 0.0127489 0.9797010 0.2000560 0.0152508 -0.2194130 -0.1924560 0.9564620 0.0461908 
81 0.9748350 -0.0580651 0.2152310 0.0514794 0.0146570 0.9800880 0.1980230 0.0151562 -0.2224440 -0.1898850 0.9562750 0.0462575 
82 0.9740290 -0.0598229 0.2183800 0.0514281 0.0160526 0.9802840 0.1969400 0.0150420 -0.2258560 -0.1883200 0.9557850 0.0463414 
83 0.9743230 -0.0573001 0.2177430 0.0514138 0.0139749 0.9806010 0.1955170 0.0149217 -0.2247220 -0.1874540 0.9562220 0.0463429 
84 0.9743350 -0.0554787 0.2181590 0.0514468 0.0120250 0.9805970 0.1956640 0.0147906 -0.2247820 -0.1880190 0.9560970 0.0463723 
85 0.9731730 -0.0550004 0.2234020 0.0513837 0.0107188 0.9807900 0.1947730 0.0146802 -0.2298230 -0.1871530 0.9550680 0.0465140 
86 0.9725170 -0.0540739 0.2264640 0.0512541 0.0098520 0.9813430 0.1920130 0.0145698 -0.2326210 -0.1845050 0.9549060 0.0466275 
87 0.9731660 -0.0533851 0.2238260 0.0511860 0.0106455 0.9821190 0.1879620 0.0144905 -0.2298580 -0.1805350 0.9563330 0.0466720 
88 0.9739520 -0.0542783 0.2201620 0.0511635 0.0124185 0.9822390 0.1872220 0.0143855 -0.2264130 -0.1796120 0.9573280 0.0467332 
89 0.9742550 -0.0571999 0.2180730 0.0511349 0.0159760 0.9823640 0.1862970 0.0142279 -0.2248830 -0.1780170 0.9579860 0.0467874 
90 0.9747970 -0.0563552 0.2158580 0.0511285 0.0165876 0.9831990 0.1817810 0.0141691 -0.2224760 -0.1736190 0.9593540 0.0468223 
91 0.9752220 -0.0537135 0.2146100 0.0510846 0.0141323 0.9832220 0.1818660 0.0140560 -0.2207780 -0.1743260 0.9596180 0.0468110 
92 0.9748600 -0.0583088 0.2150520 0.0510389 0.0183423 0.9828770 0.1833470 0.0139737 -0.2220610 -0.1747930 0.9592370 0.0468503 
93 0.9743810 -0.0638049 0.2156650 0.0509878 0.0232908 0.9823850 0.1854120 0.0138754 -0.2236960 -0.1756390 0.9587030 0.0469072 
94 0.9743400 -0.0665244 0.2150280 0.0509110 0.0260794 0.9822580 0.1857150 0.0137756 -0.2235670 -0.1753420 0.9587870 0.0469592 
95 0.9749970 -0.0696732 0.2110140 0.0508693 0.0300147 0.9821650 0.1856100 0.0137462 -0.2201830 -0.1746360 0.9596990 0.0469665 
96 0.9754640 -0.0757126 0.2067320 0.0508847 0.0360829 0.9812900 0.1891260 0.0136512 -0.2171830 -0.1770260 0.9599440 0.0469511 
97 0.9752000 -0.0803859 0.2062130 0.0508684 0.0403247 0.9806490 0.1915770 0.0135583 -0.2176220 -0.1785110 0.9595700 0.0469399 
98 0.9752860 -0.0807387 0.2056650 0.0508042 0.0405550 0.9804430 0.1925800 0.0134945 -0.2171920 -0.1794790 0.9594870 0.0469092 
99 0.9752820 -0.0856974 0.2036690 0.0508604 0.0450528 0.9794880 0.1964000 0.0134171 -0.2163220 -0.1823690 0.9591380 0.0468225 
100 0.9735060 -0.0918503 0.2094020 0.0509201 0.0489654 0.9782720 0.2014620 0.0133113 -0.2233560 -0.1858710 0.9568510 0.0467466 
101 0.9710910 -0.0923443 0.2201250 0.0508301 0.0465704 0.9777140 0.2047120 0.0132412 -0.2341230 -0.1885430 0.9537490 0.0467285 
102 0.9698600 -0.0919660 0.2256430 0.0507398 0.0442532 0.9771190 0.2080380 0.0131615 -0.2396120 -0.1917820 0.9517380 0.0466607 
103 0.9684770 -0.0951358 0.2302210 0.0506987 0.0451973 0.9759680 0.2131740 0.0131011 -0.2449690 -0.1960490 0.9495030 0.0465408 
104 0.9668030 -0.1005470 0.2349100 0.0506476 0.0478783 0.9743280 0.2199850 0.0130541 -0.2509980 -0.2014350 0.9467970 0.0465038 
105 0.9657520 -0.1035660 0.2379010 0.0506162 0.0487260 0.9729630 0.2257620 0.0130027 -0.2548500 -0.2064380 0.9446880 0.0464136 
106 0.9643020 -0.1086470 0.2414910 0.0505527 0.0511221 0.9711810 0.2327970 0.0129278 -0.2598240 -0.2121410 0.9420660 0.0463293 
107 0.9633840 -0.1156580 0.2418980 0.0505009 0.0562132 0.9692550 0.2395530 0.0128802 -0.2621670 -0.2171830 0.9402660 0.0462366 
108 0.9626460 -0.1230480 0.2411900 0.0504941 0.0617506 0.9670690 0.2469090 0.0127971 -0.2636290 -0.2227920 0.9385430 0.0461442 
109 0.9612550 -0.1307890 0.2426580 0.0504189 0.0675730 0.9652190 0.2525590 0.0127499 -0.2672500 -0.2263760 0.9366600 0.0460379 
110 0.9607430 -0.1403430 0.2393260 0.0503722 0.0764476 0.9631410 0.2579060 0.0127321 -0.2667000 -0.2294850 0.9360600 0.0459795 
111 0.9606660 -0.1465210 0.2359100 0.0503912 0.0819968 0.9612700 0.2631300 0.0126512 -0.2653270 -0.2334360 0.9354730 0.0458609 
112 0.9599150 -0.1503130 0.2365800 0.0504774 0.0842415 0.9597370 0.2679700 0.0125678 -0.2673340 -0.2372980 0.9339280 0.0456934 
113 0.9575130 -0.1527280 0.2446290 0.0504997 0.0835124 0.9587530 0.2716940 0.0124783 -0.2760340 -0.2397210 0.9307730 0.0455856 
114 0.9550020 -0.1529540 0.2541200 0.0504605 0.0811629 0.9588390 0.2721040 0.0124131 -0.2852800 -0.2392340 0.9281070 0.0454562 
115 0.9525320 -0.1537710 0.2627490 0.0504082 0.0798062 0.9590020 0.2719290 0.0123647 -0.2937920 -0.2380520 0.9257520 0.0452963 
116 0.9503820 -0.1568160 0.2686680 0.0504225 0.0813902 0.9589090 0.2717880 0.0123460 -0.3002490 -0.2364360 0.9240930 0.0450922 
117 0.9475410 -0.1575260 0.2781210 0.0504255 0.0790866 0.9586120 0.2735090 0.0122477 -0.3096950 -0.2371660 0.9207830 0.0449207 
118 0.9448030 -0.1559160 0.2881640 0.0503837 0.0747959 0.9589280 0.2736110 0.0121580 -0.3189880 -0.2369550 0.9176590 0.0447512 
119 0.9430270 -0.1536880 0.2950950 0.0503420 0.0712034 0.9595960 0.2722220 0.0121528 -0.3250090 -0.2357010 0.9158680 0.0445798 
120 0.9416540 -0.1528160 0.2998930 0.0503983 0.0682926 0.9592040 0.2743420 0.0121298 -0.3295820 -0.2378550 0.9136740 0.0443922 
121 0.9394720 -0.1511720 0.3074740 0.0504365 0.0633540 0.9585720 0.2777160 0.0120089 -0.3367190 -0.2414260 0.9101290 0.0442718 
122 0.9378390 -0.1467120 0.3145390 0.0504248 0.0577020 0.9595600 0.2755260 0.0119356 -0.3422420 -0.2402490 0.9083780 0.0441261 
123 0.9372330 -0.1425530 0.3182330 0.0504372 0.0535318 0.9606220 0.2726540 0.0119174 -0.3445700 -0.2385050 0.9079580 0.0439486 
124 0.9373250 -0.1415970 0.3183900 0.0505945 0.0532990 0.9612230 0.2705740 0.0119149 -0.3443560 -0.2366460 0.9085250 0.0437204 
125 0.9352180 -0.1407910 0.3248770 0.0507007 0.0518871 0.9621350 0.2675890 0.0118768 -0.3502500 -0.2333970 0.9071110 0.0435877 
126 0.9325850 -0.1409690 0.3322850 0.0507369 0.0510716 0.9628550 0.2651450 0.0118919 -0.3573200 -0.2303000 0.9051430 0.0434375 
127 0.9312170 -0.1400250 0.3364930 0.0507905 0.0494547 0.9632590 0.2639800 0.0118302 -0.3610940 -0.2291820 0.9039280 0.0433181 
128 0.9302470 -0.1366880 0.3405250 0.0509502 0.0465783 0.9645080 0.2599140 0.0117864 -0.3639660 -0.2259230 0.9035970 0.0431811 
129 0.9282190 -0.1343460 0.3469300 0.0510082 0.0448245 0.9661150 0.2541910 0.0118402 -0.3693240 -0.2203940 0.9027880 0.0430188 
130 0.9273110 -0.1328630 0.3499160 0.0510805 0.0437525 0.9669460 0.2512010 0.0118468 -0.3717250 -0.2176320 0.9024730 0.0429062 
131 0.9291430 -0.1276760 0.3469760 0.0513062 0.0412018 0.9683920 0.2460060 0.0118813 -0.3674180 -0.2142790 0.9050350 0.0426548 
132 0.9292920 -0.1232520 0.3481730 0.0514389 0.0382968 0.9697510 0.2410730 0.0119316 -0.3673540 -0.2106930 0.9059020 0.0425684 
133 0.9290820 -0.1217620 0.3492590 0.0515943 0.0376115 0.9704680 0.2382800 0.0119635 -0.3679580 -0.2082460 0.9062230 0.0424799 
134 0.9291420 -0.1188770 0.3500920 0.0517501 0.0354252 0.9711670 0.2357520 0.0120300 -0.3680230 -0.2066450 0.9065630 0.0423937 
135 0.9295700 -0.1129840 0.3509050 0.0519056 0.0295108 0.9716270 0.2346680 0.0120285 -0.3674620 -0.2077850 0.9065300 0.0423475 
136 0.9314030 -0.1042910 0.3487300 0.0521554 0.0223607 0.9726590 0.2311610 0.0120359 -0.3633030 -0.2075060 0.9082690 0.0422366 
137 0.9314830 -0.1004260 0.3496470 0.0523361 0.0197569 0.9736870 0.2270300 0.0121346 -0.3632470 -0.2045660 0.9089580 0.0422052 
138 0.9312440 -0.0997775 0.3504710 0.0525181 0.0193848 0.9739850 0.2257820 0.0121550 -0.3638810 -0.2034640 0.9089520 0.0422274 
139 0.9312380 -0.0968317 0.3513100 0.0526637 0.0175911 0.9748710 0.2220740 0.0121649 -0.3639860 -0.2006240 0.9095410 0.0422784 
140 0.9323330 -0.0937315 0.3492410 0.0527747 0.0169290 0.9760760 0.2167720 0.0122507 -0.3612040 -0.1961910 0.9116140 0.0422686 
141 0.9347270 -0.0899546 0.3437930 0.0529754 0.0154308 0.9767940 0.2136270 0.0123167 -0.3550320 -0.1943780 0.9144230 0.0422848 
142 0.9364510 -0.0855177 0.3402150 0.0532119 0.0128389 0.9775360 0.2103780 0.0123475 -0.3505630 -0.1926400 0.9165120 0.0423052 
143 0.9370320 -0.0835578 0.3391000 0.0533690 0.0123270 0.9782650 0.2069920 0.0124446 -0.3490250 -0.1897780 0.9176960 0.0423056 
144 0.9375610 -0.0829944 0.3377740 0.0535464 0.0122935 0.9784150 0.2062830 0.0124839 -0.3476040 -0.1892510 0.9183440 0.0423516 
145 0.9394090 -0.0768669 0.3340680 0.0537258 0.0074803 0.9789000 0.2042040 0.0124420 -0.3427160 -0.1893320 0.9201630 0.0423003 
146 0.9408060 -0.0695759 0.3317290 0.0538465 0.0024696 0.9800860 0.1985570 0.0125167 -0.3389380 -0.1859840 0.9222430 0.0423839 
147 0.9425510 -0.0668441 0.3273070 0.0540099 0.0021836 0.9809880 0.1940540 0.0125723 -0.3340550 -0.1821910 0.9247770 0.0424783 
148 0.9444350 -0.0641978 0.3223680 0.0542222 0.0019353 0.9818110 0.1898520 0.0126127 -0.3286920 -0.1786790 0.9273810 0.0425119 
149 0.9454860 -0.0620215 0.3197020 0.0543956 0.0015770 0.9825580 0.1859500 0.0126513 -0.3256590 -0.1753090 0.9290930 0.0426140 
150 0.9465880 -0.0619308 0.3164430 0.0545635 0.0034077 0.9832490 0.1822370 0.0126958 -0.3224280 -0.1714250 0.9309420 0.0426848 
151 0.9483370 -0.0549252 0.3124730 0.0547575 -0.0019360 0.9838800 0.1788180 0.0126756 -0.3172580 -0.1701850 0.9329440 0.0427437 
152 0.9532800 -0.0365720 0.2998680 0.0551367 -0.0147675 0.9858160 0.1671770 0.0127763 -0.3017280 -0.1637940 0.9392180 0.0430031 
153 0.9566430 -0.0341704 0.2892520 0.0555249 -0.0135826 0.9867800 0.1614930 0.0128799 -0.2909470 -0.1584200 0.9435320 0.0431225 
154 0.9570920 -0.0368875 0.2874250 0.0557946 -0.0092093 0.9874920 0.1573980 0.0129272 -0.2896360 -0.1532910 0.9447820 0.0432636 
155 0.9563010 -0.0412045 0.2894650 0.0559356 -0.0041513 0.9880070 0.1543540 0.0128580 -0.2923540 -0.1488110 0.9446610 0.0434199 
156 0.9570610 -0.0385495 0.2873130 0.0560581 -0.0044486 0.9890490 0.1475220 0.0128250 -0.2898530 -0.1424660 0.9464080 0.0436539 
157 0.9591500 -0.0326984 0.2810030 0.0563477 -0.0077173 0.9899040 0.1415300 0.0129628 -0.2827940 -0.1379170 0.9492140 0.0437243 
158 0.9599760 -0.0289337 0.2785820 0.0566047 -0.0109596 0.9900070 0.1405890 0.0129985 -0.2798660 -0.1380150 0.9500670 0.0439439 
159 0.9596650 -0.0281385 0.2797330 0.0570901 -0.0111291 0.9903970 0.1378050 0.0130727 -0.2809240 -0.1353600 0.9501370 0.0444706 
160 0.9600590 -0.0293266 0.2782570 0.0573498 -0.0093131 0.9905910 0.1365350 0.0131097 -0.2796430 -0.1336730 0.9507530 0.0446756 
161 0.9598950 -0.0313902 0.2785960 0.0576138 -0.0073240 0.9905650 0.1368450 0.0131759 -0.2802630 -0.1333970 0.9506090 0.0448577 
162 0.9598100 -0.0327802 0.2787310 0.0578441 -0.0071800 0.9899620 0.1411490 0.0131160 -0.2805600 -0.1374770 0.9499400 0.0452137 
163 0.9597510 -0.0315445 0.2790750 0.0581075 -0.0085081 0.9899510 0.1411560 0.0130605 -0.2807230 -0.1378490 0.9498380 0.0455591 
164 0.9585400 -0.0300476 0.2833700 0.0583903 -0.0093160 0.9905890 0.1365520 0.0130268 -0.2848070 -0.1335300 0.9492390 0.0458291 
165 0.9569450 -0.0277127 0.2889450 0.0585974 -0.0109569 0.9912740 0.1313610 0.0130311 -0.2900640 -0.1288710 0.9482910 0.0460665 
166 0.9563090 -0.0266915 0.2911370 0.0588399 -0.0113054 0.9917030 0.1280540 0.0130611 -0.2921400 -0.1257510 0.9480720 0.0463467 
167 0.9560970 -0.0312326 0.2913810 0.0594129 -0.0061055 0.9919660 0.1263610 0.0131360 -0.2929870 -0.1225920 0.9482250 0.0470160 
168 0.9559430 -0.0308981 0.2919200 0.0596847 -0.0064255 0.9920040 0.1260390 0.0130558 -0.2934810 -0.1223620 0.9481020 0.0473404 
169 0.9555280 -0.0261084 0.2937420 0.0599389 -0.0102338 0.9925380 0.1215090 0.0130543 -0.2947220 -0.1191110 0.9481300 0.0476277 
170 0.9547930 -0.0247036 0.2962430 0.0601525 -0.0110395 0.9929070 0.1183790 0.0130861 -0.2970660 -0.1162970 0.9477480 0.0478784 
171 0.9542930 -0.0247264 0.2978470 0.0603911 -0.0115134 0.9927910 0.1193070 0.0130880 -0.2986500 -0.1172830 0.9471290 0.0481557 
172 0.9541190 -0.0201605 0.2987490 0.0606266 -0.0166191 0.9926270 0.1200620 0.0130195 -0.2989670 -0.1195190 0.9467490 0.0485253 
173 0.9539140 -0.0105755 0.2998950 0.0608525 -0.0247183 0.9932130 0.1136490 0.0129518 -0.2990610 -0.1158250 0.9471780 0.0488257 
174 0.9530050 -0.0014869 0.3029510 0.0612775 -0.0303314 0.9944950 0.1002960 0.0129640 -0.3014320 -0.1047710 0.9477140 0.0493210 
175 0.9502890 -0.0050563 0.3113280 0.0617249 -0.0210950 0.9965250 0.0805746 0.0129617 -0.3106540 -0.0831366 0.9468800 0.0498076 
176 0.9498860 -0.0083649 0.3124850 0.0619457 -0.0152974 0.9972000 0.0731949 0.0130242 -0.3122220 -0.0743070 0.9470990 0.0500625 
177 0.9496650 -0.0159719 0.3128600 0.0621003 -0.0067899 0.9974150 0.0715296 0.0130939 -0.3131940 -0.0700534 0.9471020 0.0502081 
178 0.9496550 -0.0212158 0.3125780 0.0623654 -0.0027222 0.9971080 0.0759476 0.0130217 -0.3132860 -0.0729749 0.9468510 0.0505156 
179 0.9484680 -0.0230321 0.3160340 0.0626681 -0.0011901 0.9970890 0.0762380 0.0129645 -0.3168700 -0.0726854 0.9456800 0.0508545 
180 0.9464160 -0.0268013 0.3218350 0.0629176 0.0035920 0.9973620 0.0724938 0.0129951 -0.3229290 -0.0674533 0.9440160 0.0511957 
181 0.9458380 -0.0321228 0.3230470 0.0630875 0.0095938 0.9974240 0.0710915 0.0130304 -0.3244980 -0.0641418 0.9437090 0.0514680 
182 0.9501150 -0.0372545 0.3096670 0.0636873 0.0150135 0.9971530 0.0738983 0.0130922 -0.3115380 -0.0655627 0.9479690 0.0522688 
183 0.9518810 -0.0365483 0.3042810 0.0639821 0.0168555 0.9976040 0.0670969 0.0130714 -0.3060040 -0.0587394 0.9502160 0.0525743 
184 0.9521850 -0.0367696 0.3033000 0.0641673 0.0173506 0.9976370 0.0664747 0.0130267 -0.3050280 -0.0580338 0.9505740 0.0527642 
185 0.9514410 -0.0333443 0.3060190 0.0642227 0.0130482 0.9975910 0.0681310 0.0129258 -0.3075540 -0.0608296 0.9495840 0.0532869 
186 0.9521910 -0.0293236 0.3040910 0.0642908 0.0094748 0.9977390 0.0665439 0.0128646 -0.3053550 -0.0604814 0.9503160 0.0537703 
187 0.9543370 -0.0227598 0.2978650 0.0645095 0.0035138 0.9978800 0.0649897 0.0128025 -0.2987130 -0.0609754 0.9523930 0.0541223 
188 0.9562990 -0.0120630 0.2921410 0.0648379 -0.0052433 0.9982800 0.0583842 0.0126956 -0.2923430 -0.0573645 0.9545910 0.0544742 
189 0.9573620 0.0047816 0.2888520 0.0650272 -0.0185602 0.9988150 0.0449811 0.0124246 -0.2882950 -0.0484244 0.9563160 0.0546544 
190 0.9582310 0.0236151 0.2850180 0.0651742 -0.0274167 0.9995800 0.0093548 0.0126922 -0.2846770 -0.0167783 0.9584770 0.0549728 
191 0.9602710 0.0248248 0.2779620 0.0652439 -0.0258953 0.9996650 0.0001800 0.0125237 -0.2778640 -0.0073708 0.9605920 0.0556707 
192 0.9633460 0.0341789 0.2660750 0.0656306 -0.0334834 0.9994140 -0.0071511 0.0127794 -0.2661630 -0.0020201 0.9639260 0.0560319 
193 0.9658140 0.0343703 0.2569490 0.0655015 -0.0334738 0.9994090 -0.0078637 0.0124543 -0.2570670 -0.0010062 0.9663930 0.0563615 
194 0.9693020 0.0460006 0.2415330 0.0656982 -0.0461446 0.9989220 -0.0050632 0.0124862 -0.2415050 -0.0062377 0.9703790 0.0564988 
195 0.9708680 0.0551319 0.2331880 0.0659828 -0.0560796 0.9984230 -0.0025692 0.0124723 -0.2329620 -0.0105827 0.9724280 0.0569237 
196 0.9716610 0.0629727 0.2278350 0.0661348 -0.0646206 0.9979100 -0.0002271 0.0124028 -0.2273730 -0.0145021 0.9737000 0.0572122 
197 0.9730690 0.0672247 0.2204940 0.0662821 -0.0696072 0.9975700 0.0030445 0.0123372 -0.2197530 -0.0183105 0.9753840 0.0574921 
198 0.9745860 0.0677203 0.2135330 0.0664939 -0.0705531 0.9974920 0.0056646 0.0123159 -0.2126140 -0.0205860 0.9769190 0.0578674 
199 0.9758300 0.0679743 0.2076920 0.0667214 -0.0714957 0.9973960 0.0094870 0.0122762 -0.2065070 -0.0241068 0.9781480 0.0582298 
200 0.9754740 0.0744550 0.2071400 0.0670048 -0.0780743 0.9969040 0.0093413 0.0123831 -0.2058040 -0.0252845 0.9782670 0.0586885 
201 0.9743110 0.0763364 0.2118750 0.0672156 -0.0794301 0.9968220 0.0061163 0.0123755 -0.2107350 -0.0227884 0.9772780 0.0591227 
202 0.9733360 0.0775406 0.2158830 0.0673142 -0.0797893 0.9968100 0.0017070 0.0123158 -0.2150620 -0.0188866 0.9764180 0.0594855 
203 0.9728200 0.0800958 0.2172680 0.0674753 -0.0816433 0.9966600 -0.0018595 0.0122995 -0.2166910 -0.0159295 0.9761100 0.0598323 
204 0.9721390 0.0766427 0.2215210 0.0676500 -0.0771147 0.9970010 -0.0065301 0.0123335 -0.2213570 -0.0107343 0.9751340 0.0601844 
205 0.9716260 0.0678651 0.2265760 0.0677762 -0.0678250 0.9976650 -0.0079712 0.0122805 -0.2265880 -0.0076224 0.9739610 0.0605607 
206 0.9708660 0.0656079 0.2304650 0.0678784 -0.0658358 0.9978080 -0.0067097 0.0122445 -0.2304000 -0.0086586 0.9730580 0.0609001 
207 0.9695470 0.0638794 0.2364300 0.0679805 -0.0649502 0.9978830 -0.0032649 0.0122212 -0.2361380 -0.0121907 0.9716430 0.0612090 
208 0.9676850 0.0612265 0.2446140 0.0681964 -0.0625221 0.9980410 -0.0024724 0.0122199 -0.2442860 -0.0129013 0.9696170 0.0617195 
209 0.9651580 0.0651040 0.2534400 0.0683447 -0.0662429 0.9977950 -0.0040466 0.0122673 -0.2531440 -0.0128829 0.9673430 0.0621219 
210 0.9610920 0.0728913 0.2664360 0.0685593 -0.0734432 0.9972680 -0.0079059 0.0124035 -0.2662850 -0.0119696 0.9638200 0.0625805 
211 0.9567130 0.0699803 0.2824950 0.0687263 -0.0693850 0.9975160 -0.0121238 0.0123313 -0.2826420 -0.0080019 0.9591920 0.0630274 
212 0.9535390 0.0589921 0.2954390 0.0686537 -0.0566783 0.9982580 -0.0163975 0.0121584 -0.2958910 -0.0011093 0.9552210 0.0633580 
213 0.9532290 0.0448919 0.2988960 0.0686404 -0.0421455 0.9989890 -0.0156315 0.0119461 -0.2992960 0.0023033 0.9541580 0.0636469 
214 0.9547810 0.0325247 0.2955240 0.0687625 -0.0299774 0.9994640 -0.0131474 0.0119188 -0.2957940 0.0036939 0.9552450 0.0640959 
215 0.9549780 0.0311230 0.2950410 0.0689864 -0.0284086 0.9995050 -0.0134829 0.0120031 -0.2953140 0.0044942 0.9553900 0.0645389 
216 0.9522200 0.0294149 0.3039930 0.0693166 -0.0260620 0.9995470 -0.0150819 0.0120175 -0.3042980 0.0064386 0.9525550 0.0649371 
217 0.9464840 0.0295369 0.3213950 0.0693313 -0.0256895 0.9995390 -0.0162061 0.0120103 -0.3217260 0.0070824 0.9468060 0.0652584 
218 0.9408780 0.0217452 0.3380470 0.0692488 -0.0185807 0.9997480 -0.0125947 0.0119044 -0.3382360 0.0055689 0.9410450 0.0656572 
219 0.9378820 0.0088023 0.3468420 0.0694025 -0.0052342 0.9999230 -0.0112230 0.0118760 -0.3469140 0.0087104 0.9378570 0.0661106 
220 0.9360490 -0.0036240 0.3518520 0.0695163 0.0067622 0.9999480 -0.0076905 0.0118531 -0.3518050 0.0095780 0.9360240 0.0664658 
221 0.9343580 -0.0161789 0.3559680 0.0697283 0.0187831 0.9998160 -0.0038606 0.0118572 -0.3558400 0.0102934 0.9344900 0.0668605 
222 0.9322020 -0.0291728 0.3607610 0.0698790 0.0328455 0.9994520 -0.0040518 0.0118581 -0.3604460 0.0156265 0.9326490 0.0671986 
223 0.9302390 -0.0396260 0.3648100 0.0700130 0.0433498 0.9990580 -0.0020203 0.0119100 -0.3643860 0.0176938 0.9310800 0.0674473 
224 0.9269470 -0.0528790 0.3714480 0.0701350 0.0551090 0.9984700 0.0046172 0.0118898 -0.3711240 0.0161902 0.9284420 0.0677894 
225 0.9245820 -0.0612492 0.3760280 0.0702507 0.0617347 0.9980340 0.0107706 0.0118691 -0.3759480 0.0132556 0.9265460 0.0680827 
226 0.9218700 -0.0674506 0.3815840 0.0703648 0.0650162 0.9976980 0.0192850 0.0118730 -0.3820070 0.0070309 0.9241330 0.0683114 
227 0.9184780 -0.0809298 0.3871040 0.0704875 0.0730931 0.9967130 0.0349504 0.0118180 -0.3886600 -0.0038066 0.9213740 0.0685300 
228 0.9148500 -0.0947213 0.3925270 0.0706342 0.0823873 0.9954340 0.0481926 0.0118457 -0.3953000 -0.0117498 0.9184770 0.0688650 
229 0.9128020 -0.1068350 0.3941820 0.0708050 0.0903524 0.9940890 0.0601990 0.0118687 -0.3982840 -0.0193344 0.9170590 0.0691513 
230 0.9104850 -0.1227960 0.3948900 0.0708794 0.1013440 0.9920340 0.0748196 0.0118496 -0.4009320 -0.0281022 0.9156770 0.0693314 
231 0.9097220 -0.1377900 0.3916890 0.0710985 0.1100520 0.9896100 0.0925286 0.0117922 -0.4003680 -0.0410694 0.9154340 0.0696411 
232 0.9072070 -0.1471100 0.3941250 0.0712622 0.1159920 0.9880200 0.1017940 0.0117609 -0.4043780 -0.0466326 0.9134020 0.0699286 
233 0.9028880 -0.1637040 0.3974840 0.0712935 0.1296230 0.9852910 0.1113530 0.0117648 -0.4098670 -0.0490165 0.9108270 0.0699424 
234 0.8995300 -0.1798850 0.3981040 0.0714693 0.1399830 0.9819250 0.1273910 0.0117675 -0.4138240 -0.0588647 0.9084520 0.0702100 
235 0.8988490 -0.1989320 0.3905070 0.0717276 0.1528220 0.9773880 0.1461420 0.0116508 -0.4107500 -0.0716813 0.9089260 0.0703849 
236 0.8986940 -0.2146820 0.3824400 0.0717697 0.1629550 0.9730290 0.1632810 0.0116473 -0.4071790 -0.0844192 0.9094390 0.0704656 
237 0.8982700 -0.2283300 0.3754690 0.0718942 0.1697900 0.9683970 0.1826960 0.0115929 -0.4053180 -0.1003600 0.9086500 0.0707397 
238 0.8964220 -0.2417650 0.3714530 0.0719518 0.1795410 0.9643550 0.1943810 0.0115732 -0.4052070 -0.1075570 0.9078760 0.0708337 
239 0.8945450 -0.2512680 0.3696670 0.0720267 0.1845510 0.9608770 0.2065330 0.0115881 -0.4071000 -0.1165310 0.9059190 0.0709174 
240 0.8924100 -0.2612490 0.3679030 0.0720864 0.1883890 0.9566010 0.2223150 0.0115628 -0.4100160 -0.1290870 0.9028970 0.0710195 
241 0.8921520 -0.2694890 0.3625470 0.0722225 0.1886080 0.9514800 0.2431310 0.0114923 -0.4104770 -0.1485310 0.8996930 0.0711618 
242 0.8916560 -0.2681990 0.3647160 0.0722755 0.1858970 0.9514810 0.2452050 0.0118712 -0.4127850 -0.1508390 0.8982520 0.0712914 
243 0.8904270 -0.2743240 0.3631620 0.0723598 0.1862710 0.9477020 0.2591590 0.0117439 -0.4152630 -0.1631160 0.8949580 0.0712772 
244 0.8895640 -0.2795980 0.3612480 0.0725115 0.1857890 0.9438890 0.2730480 0.0116557 -0.4173220 -0.1757780 0.8915970 0.0712873 
245 0.8910150 -0.2854660 0.3529890 0.0728132 0.1893690 0.9403900 0.2824990 0.0116929 -0.4125920 -0.1848660 0.8919600 0.0711573 
246 0.8922450 -0.2865380 0.3489920 0.0728644 0.1862790 0.9376110 0.2935730 0.0117185 -0.4113380 -0.1969290 0.8899550 0.0713031 
247 0.8930670 -0.2912830 0.3429080 0.0729207 0.1885900 0.9343100 0.3024880 0.0116525 -0.4084920 -0.2054730 0.8893340 0.0713741 
248 0.8923310 -0.2939450 0.3425510 0.0728825 0.1905240 0.9332550 0.3045240 0.0117047 -0.4092010 -0.2064720 0.8887770 0.0713345 
249 0.8907410 -0.3001300 0.3413230 0.0727901 0.1969510 0.9316790 0.3052600 0.0116708 -0.4096220 -0.2046840 0.8889960 0.0712714 
250 0.8886400 -0.3108660 0.3371660 0.0727236 0.2088580 0.9288600 0.3059370 0.0116298 -0.4082850 -0.2014480 0.8903490 0.0711129 
251 0.8887630 -0.3132070 0.3346670 0.0727257 0.2098180 0.9271350 0.3104780 0.0115957 -0.4075260 -0.2057220 0.8897200 0.0711064 
252 0.8875610 -0.3126160 0.3383880 0.0727107 0.2104560 0.9285400 0.3058130 0.0115860 -0.4098090 -0.2002120 0.8899280 0.0710130 
253 0.8835120 -0.3152920 0.3464060 0.0725726 0.2171320 0.9309600 0.2935430 0.0115380 -0.4150420 -0.1841330 0.8909740 0.0708733 
254 0.8810400 -0.3208780 0.3475720 0.0724159 0.2284790 0.9320270 0.2812880 0.0114995 -0.4142060 -0.1684130 0.8944670 0.0707643 
255 0.8825720 -0.3222110 0.3424120 0.0723353 0.2349900 0.9330680 0.2723310 0.0114847 -0.4072420 -0.1598890 0.8992160 0.0705893 
256 0.8832630 -0.3214070 0.3413860 0.0722725 0.2365130 0.9340830 0.2674900 0.0114741 -0.4048560 -0.1555210 0.9010580 0.0704777 
257 0.8828310 -0.3201130 0.3437120 0.0722359 0.2387260 0.9360260 0.2585850 0.0113732 -0.4044990 -0.1462330 0.9027710 0.0703370 
258 0.8835770 -0.3099970 0.3509890 0.0720910 0.2329420 0.9411650 0.2448400 0.0114142 -0.4062390 -0.1345750 0.9038030 0.0701452 
259 0.8831870 -0.3035670 0.3575310 0.0720162 0.2311050 0.9449920 0.2314750 0.0114911 -0.4081320 -0.1218090 0.9047600 0.0700072 
260 0.8820690 -0.3000790 0.3631900 0.0718664 0.2331300 0.9479230 0.2170060 0.0115133 -0.4093950 -0.1067440 0.9060910 0.0698541 
261 0.8828440 -0.2936970 0.3665080 0.0717687 0.2329090 0.9514200 0.2013780 0.0116569 -0.4078480 -0.0924222 0.9083600 0.0698266 
262 0.8846780 -0.2796420 0.3730210 0.0715957 0.2242880 0.9567430 0.1853030 0.0117208 -0.4087040 -0.0802697 0.9091300 0.0695634 
263 0.8829440 -0.2696290 0.3843310 0.0715011 0.2179220 0.9604780 0.1731840 0.0117999 -0.4158370 -0.0691573 0.9068060 0.0693902 
264 0.8812620 -0.2642800 0.3918340 0.0714439 0.2155650 0.9625530 0.1643910 0.0118361 -0.4206060 -0.0604055 0.9052300 0.0693236 
265 0.8806190 -0.2565070 0.3983900 0.0713382 0.2109540 0.9651130 0.1550960 0.0118700 -0.4242750 -0.0525384 0.9040080 0.0691817 
266 0.8735450 -0.2684620 0.4060130 0.0711200 0.2311400 0.9628860 0.1393710 0.0119696 -0.4283600 -0.0279014 0.9031770 0.0690013 
267 0.8727730 -0.2682570 0.4078060 0.0710471 0.2361290 0.9632200 0.1282570 0.0119619 -0.4272130 -0.0156446 0.9040160 0.0688725 
268 0.8695320 -0.2640800 0.4173440 0.0709066 0.2371720 0.9644990 0.1161540 0.0120472 -0.4332020 -0.0020175 0.9012950 0.0687422 
269 0.8653260 -0.2627550 0.4268150 0.0707821 0.2408810 0.9647950 0.1055820 0.0120970 -0.4395310 0.0114492 0.8981540 0.0685654 
270 0.8633110 -0.2560670 0.4348840 0.0707741 0.2405230 0.9663200 0.0915109 0.0121435 -0.4436700 0.0255973 0.8958250 0.0685051 
271 0.8621000 -0.2494910 0.4410650 0.0706392 0.2405920 0.9675630 0.0770496 0.0121734 -0.4459820 0.0396921 0.8941620 0.0682935 
272 0.8613500 -0.2449410 0.4450620 0.0705209 0.2423300 0.9680940 0.0638002 0.0121938 -0.4464890 0.0528978 0.8932240 0.0681268 
273 0.8604720 -0.2394410 0.4497290 0.0704183 0.2426600 0.9687440 0.0514858 0.0122553 -0.4480000 0.0648291 0.8916800 0.0680219 
274 0.8606400 -0.2326710 0.4529490 0.0703697 0.2414160 0.9696230 0.0393677 0.0123465 -0.4483490 0.0754675 0.8906670 0.0678680 
275 0.8607150 -0.2207250 0.4587480 0.0703301 0.2440050 0.9697340 0.0087743 0.0123818 -0.4468010 0.1043850 0.8885230 0.0677784 
276 0.8616710 -0.2194060 0.4575850 0.0701805 0.2503050 0.9681410 -0.0071345 0.0124415 -0.4414410 0.1206830 0.8891370 0.0676492 
277 0.8647990 -0.2047600 0.4584710 0.0702122 0.2413980 0.9701760 -0.0220468 0.0125579 -0.4402830 0.1297400 0.8884360 0.0676597 
278 0.8634300 -0.1866930 0.4686520 0.0700526 0.2284600 0.9729830 -0.0333078 0.0125512 -0.4497730 0.1358270 0.8827540 0.0675119 
279 0.8618170 -0.1747010 0.4761830 0.0701109 0.2216300 0.9741500 -0.0437227 0.0126394 -0.4562360 0.1432180 0.8782580 0.0675206 
280 0.8618060 -0.1669560 0.4789740 0.0698666 0.2200010 0.9738690 -0.0563809 0.0126962 -0.4570450 0.1539640 0.8760160 0.0670681 
281 0.8626300 -0.1621340 0.4791460 0.0698253 0.2216760 0.9726060 -0.0699826 0.0127342 -0.4546740 0.1665840 0.8749410 0.0670182 
282 0.8641560 -0.1506710 0.4801380 0.0698677 0.2144700 0.9734040 -0.0805429 0.0127343 -0.4552330 0.1725770 0.8734870 0.0670356 
283 0.8608430 -0.1283740 0.4924130 0.0699136 0.2005640 0.9749200 -0.0964623 0.0128094 -0.4676800 0.1817990 0.8650000 0.0670224 
284 0.8614270 -0.1249090 0.4922820 0.0701046 0.2006800 0.9741210 -0.1039950 0.0127583 -0.4665520 0.1883750 0.8642010 0.0672514 
285 0.8623750 -0.1180730 0.4923080 0.0701487 0.1997100 0.9729050 -0.1164950 0.0128078 -0.4652150 0.1987810 0.8625900 0.0673030 
286 0.8614110 -0.1131580 0.4951420 0.0702290 0.1982110 0.9724630 -0.1225900 0.0128413 -0.4676350 0.2037430 0.8601200 0.0673809 
287 0.8599950 -0.1091300 0.4984970 0.0704564 0.1978200 0.9717750 -0.1285350 0.0128487 -0.4704000 0.2091520 0.8573090 0.0677562 
288 0.8582830 -0.1007290 0.5031940 0.0705586 0.1936400 0.9716300 -0.1357870 0.0128570 -0.4752400 0.2139830 0.8534390 0.0678847 
289 0.8551540 -0.0925115 0.5100520 0.0706354 0.1886830 0.9720010 -0.1400480 0.0128474 -0.4828150 0.2160000 0.8486660 0.0679915 
290 0.8526640 -0.0904147 0.5145770 0.0707688 0.1897130 0.9712670 -0.1437000 0.0128339 -0.4867990 0.2201500 0.8453170 0.0681203 
291 0.8506630 -0.0874094 0.5183940 0.0708824 0.1906120 0.9702640 -0.1491840 0.0128273 -0.4899390 0.2257170 0.8420280 0.0682755 
292 0.8463160 -0.0801932 0.5266100 0.0711281 0.1913540 0.9683820 -0.1600590 0.0128147 -0.4971240 0.2362300 0.8349030 0.0685909 
293 0.8430470 -0.0730721 0.5328520 0.0712253 0.1890340 0.9677750 -0.1663640 0.0128204 -0.5035250 0.2409800 0.8296940 0.0687278 
294 0.8414830 -0.0692994 0.5358210 0.0711859 0.1891830 0.9667480 -0.1720710 0.0128302 -0.5060790 0.2461630 0.8266120 0.0685772 
295 0.8410360 -0.0678860 0.5367030 0.0713120 0.1944270 0.9637380 -0.1827750 0.0128946 -0.5048330 0.2580700 0.8237380 0.0686911 
296 0.8416410 -0.0659247 0.5359990 0.0714015 0.1961780 0.9620400 -0.1897190 0.0128853 -0.5031450 0.2648260 0.8226250 0.0687826 
297 0.8418040 -0.0615336 0.5362640 0.0715126 0.1948370 0.9611420 -0.1955600 0.0128656 -0.5033930 0.2691080 0.8210830 0.0689230 
298 0.8407270 -0.0537181 0.5387880 0.0716142 0.1911870 0.9604230 -0.2025720 0.0128228 -0.5065830 0.2733170 0.8177230 0.0690506 
299 0.8397150 -0.0490063 0.5408120 0.0717437 0.1907280 0.9590850 -0.2092330 0.0128534 -0.5084310 0.2788430 0.8147050 0.0691688 
300 0.8401930 -0.0424128 0.5406270 0.0718655 0.1880770 0.9578480 -0.2171480 0.0128687 -0.5086290 0.2841260 0.8127540 0.0693527 
301 0.8403230 -0.0296629 0.5412740 0.0720191 0.1783720 0.9580290 -0.2244190 0.0128328 -0.5118990 0.2851320 0.8103450 0.0694109 
302 0.8392870 -0.0234262 0.5431840 0.0721553 0.1762470 0.9568440 -0.2310570 0.0128485 -0.5143290 0.2896580 0.8071950 0.0695488 
303 0.8395000 -0.0138269 0.5431840 0.0720514 0.1719620 0.9550530 -0.2414580 0.0130402 -0.5154310 0.2961110 0.8041450 0.0693161 
304 0.8402230 -0.0076546 0.5421860 0.0721899 0.1692000 0.9536760 -0.2487440 0.0130163 -0.5151660 0.3007380 0.8025960 0.0694235 
305 0.8407990 -0.0015398 0.5413450 0.0723716 0.1671960 0.9518450 -0.2569760 0.0129959 -0.5148810 0.3065760 0.8005680 0.0695949 
306 0.8412230 0.0073622 0.5406370 0.0725795 0.1632160 0.9498040 -0.2668960 0.0129888 -0.5154640 0.3127600 0.7977960 0.0697757 
307 0.8422240 0.0122997 0.5389870 0.0727680 0.1610360 0.9483600 -0.2732770 0.0129752 -0.5145150 0.3169570 0.7967510 0.0699801 
308 0.8414970 0.0225512 0.5397920 0.0728324 0.1530730 0.9482350 -0.2782440 0.0129164 -0.5181240 0.3167690 0.7944840 0.0700197 
309 0.8393910 0.0303134 0.5426830 0.0729330 0.1479790 0.9479820 -0.2818380 0.0128957 -0.5229970 0.3168780 0.7912410 0.0701400 
310 0.8388880 0.0327102 0.5433200 0.0731033 0.1493860 0.9460270 -0.2876070 0.0129153 -0.5234030 0.3224340 0.7887240 0.0703669 
311 0.8395750 0.0361835 0.5420370 0.0728627 0.1525140 0.9419510 -0.2991130 0.0132478 -0.5213950 0.3337960 0.7853200 0.0701738 
312 0.8430470 0.0389637 0.5364260 0.0730242 0.1507610 0.9402680 -0.3052330 0.0132323 -0.5162770 0.3381980 0.7868160 0.0703254 
313 0.8449190 0.0433037 0.5331390 0.0731465 0.1481540 0.9387760 -0.3110460 0.0132167 -0.5139670 0.3417960 0.7867740 0.0704455 
