12 0.997773 -0.0664875 0.0053895 -0.0141242 0.0667032 0.993788 -0.0890895 0.0850298 0.000567318 0.0892505 0.996009 0.0590705
13 0.997317 -0.0724004 0.0107705 -0.0201343 0.0731327 0.991769 -0.105103 0.092093 -0.00307234 0.105609 0.994403 0.0726877
14 0.996331 -0.0837607 0.0175605 -0.0260878 0.0853618 0.987326 -0.133796 0.104965 -0.00613109 0.134804 0.990853 0.0812779
15 0.996331 -0.0837595 0.0175642 -0.0260908 0.0853611 0.987326 -0.133791 0.104961 -0.00613529 0.134799 0.990854 0.0812784
16 0.995513 -0.0919343 0.0224212 -0.029528 0.0943067 0.983408 -0.154969 0.117728 -0.00780219 0.156388 0.987665 0.0917781
17 0.994011 -0.103718 0.0344094 -0.0374314 0.108252 0.977618 -0.180401 0.131693 -0.0149285 0.183045 0.982991 0.106923
18 0.992395 -0.11483 0.0443509 -0.0440435 0.121507 0.97151 -0.20348 0.143814 -0.0197218 0.207321 0.978074 0.122234
19 0.990454 -0.127969 0.0512421 -0.0512619 0.136444 0.963027 -0.232297 0.160041 -0.0196207 0.237071 0.971294 0.140226
20 0.988368 -0.142478 0.0531905 -0.0566748 0.151376 0.955323 -0.253858 0.170722 -0.0146451 0.258957 0.965778 0.15582
21 0.988392 -0.142294 0.0532367 -0.0567209 0.151193 0.955652 -0.252725 0.169867 -0.0149144 0.257841 0.966072 0.155553
22 0.986707 -0.154021 0.0518394 -0.0595062 0.162333 0.94906 -0.270063 0.179302 -0.0076034 0.274888 0.961446 0.168923
23 0.985214 -0.162244 0.0550547 -0.0648883 0.171224 0.943703 -0.283032 0.186087 -0.006035 0.288274 0.957529 0.183319
24 0.983842 -0.169052 0.0589587 -0.0690321 0.178957 0.938459 -0.295415 0.192877 -0.00538987 0.301193 0.953548 0.196534
25 0.98268 -0.174241 0.0630842 -0.0731264 0.185238 0.933057 -0.308368 0.201157 -0.00513088 0.314712 0.949173 0.211188
26 0.981372 -0.177556 0.0733719 -0.0815606 0.191747 0.928964 -0.316636 0.20476 -0.0119393 0.324806 0.945705 0.226896
27 0.98142 -0.177949 0.07176 -0.0805512 0.191595 0.929037 -0.316515 0.204504 -0.010344 0.324383 0.945869 0.227171
28 0.979091 -0.185616 0.0832298 -0.0905738 0.202852 0.921481 -0.331245 0.210466 -0.0152105 0.341202 0.939867 0.24422
29 0.977435 -0.192479 0.0870222 -0.0978815 0.210816 0.914876 -0.344322 0.213543 -0.0133396 0.354898 0.93481 0.259491
30 0.975568 -0.202524 0.085155 -0.10193 0.219643 0.907805 -0.357278 0.217668 -0.00494662 0.367253 0.930108 0.271647
31 0.975885 -0.2016 0.0837024 -0.101116 0.218236 0.909222 -0.354526 0.215751 -0.00463165 0.364244 0.931292 0.271119
32 0.973889 -0.21186 0.0815855 -0.104572 0.226998 0.903053 -0.364646 0.21875 0.00357788 0.373645 0.927565 0.282981
33 0.972905 -0.217582 0.0781965 -0.106456 0.23101 0.900831 -0.36761 0.218351 0.00954344 0.375714 0.926687 0.292364
34 0.971 -0.225381 0.0797698 -0.110139 0.238749 0.896518 -0.373168 0.219999 0.0125897 0.381391 0.924328 0.303866
35 0.970004 -0.228635 0.0825724 -0.11374 0.242798 0.894632 -0.375076 0.218778 0.0118834 0.383874 0.923309 0.31539
36 0.970222 -0.228222 0.0811377 -0.112924 0.241873 0.895054 -0.374668 0.218769 0.0128851 0.383137 0.923602 0.314953
37 0.970166 -0.22632 0.0869336 -0.117742 0.242306 0.893124 -0.378969 0.217601 0.0081259 0.388728 0.921317 0.326407
38 0.968262 -0.2312 0.0949476 -0.123696 0.24989 0.888131 -0.385717 0.216502 0.00485181 0.397202 0.917719 0.338449
39 0.965992 -0.237116 0.103128 -0.131329 0.258562 0.882325 -0.393253 0.213355 0.002254 0.406545 0.913628 0.350213
40 0.966042 -0.236433 0.104224 -0.131981 0.258384 0.882353 -0.393307 0.213175 0.001029 0.406881 0.913481 0.350488
41 0.965849 -0.237688 0.103151 -0.136192 0.259043 0.877038 -0.404599 0.210425 0.00570103 0.417502 0.908658 0.360252
42 0.964119 -0.24469 0.102961 -0.1375 0.26523 0.871351 -0.412797 0.209087 0.0112924 0.425293 0.904985 0.365435
43 0.961394 -0.251809 0.110965 -0.140355 0.275004 0.865005 -0.41969 0.206734 0.00969664 0.434003 0.900859 0.373634
44 0.961376 -0.251848 0.111039 -0.140473 0.275071 0.865001 -0.419653 0.20671 0.00963932 0.433988 0.900867 0.373517
45 0.960697 -0.252393 0.115578 -0.14211 0.27748 0.861012 -0.426219 0.20492 0.00805991 0.441538 0.897206 0.380347
46 0.95899 -0.25298 0.127826 -0.145996 0.28344 0.855306 -0.43372 0.201281 0.000391842 0.452164 0.891935 0.387732
47 0.955896 -0.258269 0.139859 -0.149215 0.293691 0.845347 -0.446244 0.199706 -0.00297805 0.467638 0.883915 0.39441
48 0.956047 -0.258617 0.138172 -0.148298 0.293209 0.845802 -0.445698 0.199514 -0.00160139 0.466621 0.884456 0.393936
49 0.953584 -0.262463 0.14762 -0.151833 0.301114 0.835903 -0.458908 0.198198 -0.00294951 0.482057 0.876135 0.400023
50 0.949512 -0.272384 0.15567 -0.153734 0.313729 0.824603 -0.470747 0.196721 -0.000142388 0.495819 0.868426 0.403622
51 0.945011 -0.283187 0.16358 -0.155156 0.327018 0.812775 -0.482138 0.19546 0.00358146 0.509119 0.860689 0.407359
52 0.94501 -0.283186 0.163587 -0.155159 0.32702 0.812772 -0.482141 0.195462 0.00357722 0.509124 0.860686 0.407361
53 0.942568 -0.287895 0.169357 -0.156177 0.33396 0.803169 -0.493346 0.193255 0.00600954 0.52157 0.853187 0.411176
54 0.938952 -0.29335 0.179761 -0.158083 0.34399 0.790935 -0.506056 0.192636 0.00627208 0.536998 0.84356 0.412732
55 0.934838 -0.298367 0.192496 -0.159712 0.355061 0.780859 -0.513996 0.190765 0.0030471 0.548851 0.835915 0.413478
56 0.934838 -0.298348 0.192527 -0.159724 0.355062 0.780866 -0.513984 0.190752 0.00300818 0.548851 0.835915 0.413505
57 0.929834 -0.303768 0.207688 -0.161166 0.367978 0.769385 -0.522148 0.190015 -0.00117958 0.561935 0.82718 0.41467
58 0.921857 -0.315978 0.224361 -0.163158 0.387527 0.754176 -0.530134 0.189826 -0.00169683 0.575653 0.817692 0.416072
59 0.916128 -0.32366 0.236546 -0.163399 0.400876 0.743659 -0.535041 0.188791 -0.00273803 0.584992 0.811034 0.415872
60 0.916517 -0.322963 0.235991 -0.163289 0.399982 0.744958 -0.533903 0.188037 -0.00337244 0.583723 0.811946 0.415526
61 0.910246 -0.328609 0.251929 -0.164495 0.413988 0.734171 -0.538151 0.187674 -0.0081175 0.594146 0.804316 0.415573
62 0.901036 -0.340398 0.268819 -0.165487 0.43363 0.721191 -0.54023 0.186941 -0.00997693 0.603335 0.797426 0.415676
63 0.889864 -0.356251 0.285005 -0.166227 0.456156 0.705727 -0.542098 0.186303 -0.00801318 0.6124 0.790507 0.416175
64 0.889874 -0.356371 0.284822 -0.166136 0.456137 0.705872 -0.541925 0.186223 -0.00792138 0.612163 0.790692 0.416073
65 0.879761 -0.368643 0.300205 -0.166275 0.475362 0.691583 -0.543823 0.185664 -0.00714026 0.62114 0.783667 0.415741
66 0.868149 -0.381347 0.317636 -0.166507 0.496256 0.675966 -0.544794 0.185403 -0.00695537 0.630591 0.776084 0.414494
67 0.8572 -0.393277 0.332477 -0.165738 0.514951 0.661753 -0.544893 0.184414 -0.00572326 0.638292 0.769773 0.412954
68 0.857202 -0.393287 0.332461 -0.165731 0.514949 0.661749 -0.5449 0.184417 -0.00570358 0.63829 0.769775 0.412955
69 0.847804 -0.399087 0.349224 -0.166607 0.530227 0.649544 -0.544934 0.184955 -0.00936022 0.647165 0.762292 0.411008
70 0.834893 -0.406834 0.370729 -0.167392 0.550169 0.636856 -0.540119 0.185616 -0.0163625 0.654905 0.755534 0.408722
71 0.820481 -0.417279 0.390755 -0.167604 0.571294 0.623409 -0.53384 0.186066 -0.0208403 0.661241 0.749884 0.407196
72 0.807093 -0.424729 0.41013 -0.16769 0.589805 0.611793 -0.527105 0.186371 -0.0270375 0.667319 0.744281 0.404771
73 0.807106 -0.424687 0.410147 -0.167699 0.589785 0.611815 -0.527102 0.186378 -0.0270807 0.667326 0.744273 0.40476
74 0.790463 -0.436102 0.430097 -0.167782 0.611704 0.598074 -0.517809 0.186999 -0.0314117 0.672401 0.739521 0.402818
75 0.77362 -0.449923 0.446184 -0.166841 0.632911 0.582648 -0.509848 0.187419 -0.0305758 0.676824 0.73551 0.4016
76 0.754057 -0.467533 0.461314 -0.166578 0.656258 0.565055 -0.500038 0.188542 -0.0268842 0.679798 0.732906 0.399271
77 0.754221 -0.467632 0.460945 -0.166495 0.656056 0.565761 -0.499504 0.188429 -0.0272008 0.679142 0.733502 0.399135
78 0.729857 -0.490603 0.476044 -0.165643 0.683265 0.545336 -0.485549 0.188875 -0.0213922 0.679645 0.733229 0.398149
79 0.703838 -0.516902 0.487262 -0.164033 0.710285 0.522072 -0.472161 0.188168 -0.0103248 0.67842 0.734602 0.398458
80 0.680213 -0.539378 0.496368 -0.162397 0.733013 0.499411 -0.461822 0.188316 0.00120499 0.677982 0.735078 0.398721
81 0.656961 -0.557766 0.507246 -0.161175 0.753904 0.481097 -0.447409 0.189042 0.00551537 0.676345 0.736564 0.39792
82 0.656897 -0.557772 0.507323 -0.161206 0.753961 0.481038 -0.447377 0.189034 0.00549284 0.676382 0.736531 0.397943
83 0.629508 -0.577368 0.519967 -0.159501 0.776958 0.461322 -0.42839 0.18843 0.00746665 0.673668 0.738996 0.398807
84 0.605206 -0.59365 0.530383 -0.157468 0.795988 0.441794 -0.413788 0.188063 0.0113256 0.672606 0.739914 0.400088
85 0.583752 -0.604814 0.541694 -0.155606 0.811817 0.423582 -0.40191 0.188085 0.0136288 0.674373 0.738265 0.401287
86 0.58375 -0.604816 0.541695 -0.155615 0.811819 0.423582 -0.401906 0.188087 0.0136273 0.674371 0.738267 0.40127
87 0.561721 -0.616122 0.552145 -0.154083 0.827171 0.405272 -0.389286 0.187905 0.0160786 0.675388 0.737287 0.401436
88 0.544897 -0.623221 0.560966 -0.15275 0.838376 0.393307 -0.377405 0.187725 0.0145754 0.675947 0.736806 0.402351
89 0.533639 -0.627474 0.567015 -0.150768 0.845616 0.385796 -0.36891 0.187187 0.0127298 0.676342 0.736478 0.403505
90 0.533681 -0.627469 0.566981 -0.150751 0.845591 0.385861 -0.3689 0.187178 0.0126973 0.676309 0.736508 0.403505
91 0.522949 -0.631294 0.572706 -0.149163 0.852294 0.378646 -0.360864 0.186476 0.0109582 0.676827 0.73606 0.404676
92 0.513245 -0.634126 0.578328 -0.148026 0.858226 0.3751 -0.350353 0.185822 0.00523738 0.676154 0.736742 0.405536
93 0.500087 -0.6372 0.586421 -0.146311 0.865972 0.366307 -0.340457 0.185171 0.00212941 0.678083 0.734983 0.407356
94 0.485966 -0.64179 0.593247 -0.144908 0.873977 0.356448 -0.330316 0.184833 0.000532064 0.679007 0.734132 0.408637
95 0.488212 -0.641133 0.592113 -0.144403 0.872725 0.358557 -0.331343 0.184903 0.000128879 0.678517 0.734585 0.408783
96 0.478648 -0.644403 0.596356 -0.143009 0.877996 0.354745 -0.321371 0.184453 -0.00446161 0.677422 0.735581 0.40989
97 0.468591 -0.646668 0.601866 -0.141325 0.883341 0.351808 -0.309742 0.184006 -0.0114409 0.676795 0.736082 0.411382
98 0.457717 -0.648714 0.608001 -0.13983 0.888896 0.348484 -0.297361 0.183679 -0.0189766 0.676557 0.736146 0.412589
99 0.457687 -0.648736 0.607999 -0.139824 0.888911 0.348466 -0.297336 0.183682 -0.0189745 0.676544 0.736157 0.412598
100 0.451647 -0.647587 0.613716 -0.138268 0.891723 0.350069 -0.286849 0.183403 -0.0290833 0.676819 0.735575 0.413729
101 0.446911 -0.643275 0.621665 -0.137243 0.89352 0.354786 -0.275227 0.183241 -0.0435116 0.678472 0.733336 0.414826
102 0.439465 -0.639663 0.630636 -0.136081 0.896196 0.359793 -0.259581 0.183131 -0.0608541 0.67925 0.731379 0.415971
103 0.433122 -0.636026 0.638652 -0.134968 0.897992 0.365476 -0.245028 0.183203 -0.0775678 0.679631 0.729441 0.41672
104 0.433261 -0.636425 0.63816 -0.13483 0.897967 0.365378 -0.245266 0.183308 -0.0770759 0.67931 0.729792 0.416563
105 0.428487 -0.632955 0.6448 -0.133799 0.898738 0.372102 -0.231969 0.183261 -0.0931054 0.678902 0.728302 0.417252
106 0.425591 -0.629217 0.650352 -0.132816 0.898679 0.378119 -0.222266 0.183933 -0.106056 0.679052 0.726389 0.417262
107 0.426103 -0.624364 0.65468 -0.131866 0.896617 0.387826 -0.213702 0.184361 -0.120474 0.678056 0.725069 0.417772
108 0.426228 -0.619275 0.659415 -0.131199 0.894342 0.398019 -0.204288 0.184675 -0.135949 0.676816 0.72349 0.417727
109 0.426347 -0.619188 0.659419 -0.13123 0.89431 0.397968 -0.204528 0.184775 -0.135786 0.676925 0.723419 0.417697
110 0.427004 -0.614376 0.663483 -0.130033 0.892214 0.405576 -0.198652 0.185162 -0.147046 0.676794 0.721337 0.417751
111 0.431173 -0.604877 0.669488 -0.130365 0.887264 0.419009 -0.192856 0.186026 -0.163868 0.677167 0.717351 0.416847
112 0.428214 -0.600256 0.675519 -0.13047 0.885603 0.427506 -0.181511 0.1866 -0.179835 0.675967 0.714653 0.416068
113 0.428692 -0.600984 0.674568 -0.130104 0.885748 0.426668 -0.182773 0.187004 -0.177973 0.67585 0.715229 0.416493
114 0.431359 -0.596669 0.676694 -0.12977 0.88229 0.435628 -0.178305 0.187442 -0.188398 0.673954 0.714347 0.416393
115 0.448534 -0.590603 0.670824 -0.12814 0.87167 0.454924 -0.182304 0.189071 -0.197505 0.666507 0.718861 0.415406
116 0.45731 -0.584851 0.669938 -0.128456 0.86448 0.469115 -0.180573 0.190096 -0.20867 0.661726 0.720122 0.414079
117 0.457263 -0.58488 0.669945 -0.128464 0.864518 0.469039 -0.180583 0.190119 -0.208611 0.661754 0.720114 0.414065
118 0.465302 -0.578815 0.669678 -0.128478 0.857532 0.482295 -0.178969 0.191486 -0.219392 0.657545 0.720765 0.412648
119 0.473344 -0.568825 0.672595 -0.128558 0.848485 0.499579 -0.174625 0.193271 -0.236683 0.653344 0.719112 0.410333
120 0.477528 -0.558838 0.677987 -0.12954 0.841271 0.513401 -0.169359 0.194584 -0.253435 0.651245 0.715298 0.40763
121 0.481091 -0.560011 0.674492 -0.128237 0.84061 0.513071 -0.173589 0.19572 -0.24885 0.650497 0.717584 0.407688
122 0.486005 -0.55173 0.677786 -0.129277 0.834565 0.523196 -0.172533 0.197032 -0.259423 0.649508 0.71473 0.405376
123 0.497658 -0.543436 0.676028 -0.129706 0.825347 0.536356 -0.17642 0.199713 -0.266719 0.645755 0.715445 0.40263
124 0.507745 -0.536449 0.674105 -0.130881 0.815092 0.552501 -0.174262 0.201135 -0.278961 0.637938 0.717785 0.400184
125 0.507761 -0.536461 0.674083 -0.13086 0.815116 0.552441 -0.174342 0.20118 -0.278863 0.63798 0.717786 0.40022
126 0.517109 -0.531592 0.670827 -0.131828 0.806399 0.565304 -0.173645 0.202776 -0.286913 0.630747 0.720999 0.397084
127 0.520959 -0.530346 0.668831 -0.133272 0.802135 0.572087 -0.171158 0.204374 -0.291857 0.625659 0.723444 0.394233
128 0.523409 -0.532152 0.665476 -0.133609 0.800842 0.573976 -0.170894 0.205153 -0.291026 0.622388 0.726593 0.392551
129 0.526708 -0.532208 0.662822 -0.132659 0.799669 0.574669 -0.174026 0.206116 -0.288285 0.621699 0.728273 0.392062
130 0.536751 -0.528283 0.657887 -0.133668 0.793901 0.580236 -0.18179 0.207753 -0.285693 0.619873 0.730847 0.389177
131 0.5534 -0.522227 0.648867 -0.134692 0.782226 0.593478 -0.18949 0.210784 -0.286131 0.612424 0.73693 0.384498
132 0.562748 -0.519522 0.642971 -0.134924 0.773836 0.604604 -0.188764 0.213383 -0.290675 0.603781 0.742265 0.379745
133 0.564815 -0.515673 0.644256 -0.135642 0.769343 0.611441 -0.18507 0.215375 -0.298488 0.600184 0.742081 0.375697
134 0.570467 -0.51674 0.638395 -0.133889 0.767189 0.612771 -0.189558 0.216823 -0.293238 0.597906 0.746003 0.374374
135 0.57288 -0.510903 0.640927 -0.136114 0.762221 0.619599 -0.187395 0.217968 -0.301377 0.595882 0.744376 0.372078
136 0.587515 -0.509188 0.628931 -0.134543 0.755418 0.623759 -0.200672 0.222217 -0.290121 0.593003 0.751117 0.369771
137 0.597689 -0.510383 0.618285 -0.134279 0.750644 0.627127 -0.207956 0.22488 -0.281606 0.588405 0.757943 0.365045
138 0.597715 -0.510439 0.618214 -0.134233 0.750649 0.627116 -0.20797 0.224889 -0.281536 0.588368 0.757998 0.365023
139 0.605735 -0.508677 0.611828 -0.134083 0.744402 0.633849 -0.210003 0.228797 -0.280983 0.582652 0.762604 0.361156
140 0.616482 -0.508489 0.601156 -0.13092 0.735962 0.643491 -0.210426 0.233316 -0.27984 0.572152 0.770929 0.358098
141 0.620657 -0.509395 0.596072 -0.13068 0.730869 0.651142 -0.204558 0.233874 -0.283927 0.562611 0.776437 0.354908
142 0.620659 -0.509396 0.59607 -0.130684 0.73087 0.651141 -0.20456 0.233878 -0.283923 0.562611 0.776438 0.354902
143 0.626307 -0.508308 0.591069 -0.130542 0.725994 0.656541 -0.204664 0.235547 -0.284028 0.557295 0.780224 0.35145
144 0.628059 -0.510705 0.58713 -0.130598 0.725912 0.656333 -0.205616 0.236062 -0.280343 0.555344 0.782944 0.348796
145 0.633767 -0.513086 0.578862 -0.130181 0.72528 0.654313 -0.21411 0.238448 -0.2689 0.555533 0.786814 0.345049
146 0.637479 -0.513215 0.574658 -0.127414 0.724503 0.65306 -0.220472 0.24078 -0.262136 0.556888 0.788138 0.346344
147 0.648163 -0.51166 0.563994 -0.125248 0.718196 0.656942 -0.229395 0.244442 -0.253139 0.553743 0.793277 0.34335
148 0.658783 -0.511927 0.551304 -0.119122 0.712849 0.659021 -0.239871 0.249735 -0.240524 0.551019 0.799078 0.341272
149 0.658783 -0.511923 0.551307 -0.119122 0.712848 0.659021 -0.239874 0.249736 -0.240525 0.551023 0.799075 0.341276
150 0.665663 -0.508392 0.546287 -0.115495 0.706791 0.664406 -0.242923 0.253463 -0.239457 0.547815 0.801598 0.337907
151 0.668484 -0.505059 0.545935 -0.110502 0.703054 0.668559 -0.242371 0.259358 -0.242578 0.545843 0.802005 0.333695
152 0.665278 -0.501693 0.55291 -0.108349 0.701978 0.672511 -0.234427 0.261693 -0.254227 0.544089 0.799584 0.330556
153 0.665244 -0.501676 0.552966 -0.108359 0.702006 0.672475 -0.234446 0.261697 -0.25424 0.544149 0.79954 0.330599
154 0.666971 -0.494997 0.556891 -0.106217 0.695934 0.680838 -0.22833 0.263861 -0.26613 0.539849 0.798585 0.328152
155 0.671329 -0.489381 0.556619 -0.101665 0.689085 0.688664 -0.225618 0.267902 -0.27291 0.535021 0.799545 0.324531
156 0.666907 -0.488176 0.562956 -0.0982277 0.69039 0.689068 -0.220337 0.269657 -0.280352 0.535603 0.796575 0.322352
157 0.665501 -0.483337 0.568765 -0.0958007 0.688451 0.691875 -0.217587 0.271346 -0.288347 0.536371 0.793197 0.319842
158 0.67043 -0.482001 0.564091 -0.0931511 0.686492 0.691415 -0.22511 0.273936 -0.281518 0.538164 0.794435 0.321265
159 0.671605 -0.477643 0.566395 -0.0886068 0.683771 0.693958 -0.225567 0.275441 -0.285314 0.538776 0.792664 0.318964
160 0.673323 -0.468884 0.57165 -0.0813254 0.682117 0.692232 -0.235649 0.281568 -0.285222 0.5486 0.78593 0.318255
161 0.667003 -0.461602 0.584834 -0.0779477 0.683322 0.691854 -0.233256 0.286405 -0.296948 0.555213 0.776892 0.31593
162 0.663683 -0.461151 0.588952 -0.0794411 0.684681 0.691585 -0.230046 0.285389 -0.301225 0.555922 0.774735 0.316622
163 0.65386 -0.455909 0.603833 -0.0753895 0.687072 0.691998 -0.221519 0.287394 -0.316859 0.559719 0.765712 0.317345
164 0.642353 -0.446345 0.623024 -0.0726744 0.687463 0.694906 -0.210948 0.288006 -0.338787 0.563809 0.753221 0.315167
165 0.642473 -0.446543 0.622758 -0.0725778 0.687377 0.695049 -0.21076 0.287966 -0.338734 0.563478 0.753493 0.314918
166 0.627156 -0.438876 0.643477 -0.0705863 0.692254 0.692742 -0.202219 0.290915 -0.357015 0.572273 0.738271 0.313652
167 0.609142 -0.438293 0.660943 -0.0674281 0.700234 0.688501 -0.188785 0.292466 -0.372316 0.577811 0.726302 0.313648
168 0.593644 -0.433624 0.677906 -0.0635496 0.704117 0.687754 -0.176674 0.294133 -0.389623 0.582207 0.713603 0.313773
169 0.596803 -0.433998 0.674887 -0.0622282 0.703573 0.687419 -0.180112 0.294828 -0.385762 0.582323 0.715603 0.314824
170 0.582453 -0.428642 0.690663 -0.058682 0.706854 0.686637 -0.169964 0.296307 -0.401381 0.587193 0.702921 0.315782
171 0.572113 -0.426125 0.700788 -0.0535626 0.71026 0.684686 -0.163512 0.297517 -0.410143 0.591289 0.694377 0.317083
172 0.57212 -0.426127 0.700781 -0.0535536 0.710268 0.684672 -0.163534 0.297528 -0.410119 0.591303 0.694379 0.317086
173 0.562171 -0.424341 0.709858 -0.0485902 0.715387 0.680174 -0.159954 0.298191 -0.414951 0.597744 0.685942 0.317402
174 0.552816 -0.422259 0.718395 -0.0425839 0.72321 0.671385 -0.161893 0.299956 -0.413959 0.609048 0.676534 0.317837
175 0.540045 -0.416569 0.731315 -0.0386399 0.731541 0.661994 -0.163129 0.303288 -0.416172 0.623084 0.662244 0.317259
176 0.543087 -0.416119 0.729316 -0.0364858 0.731491 0.66093 -0.167606 0.304822 -0.412283 0.624513 0.66333 0.318262
177 0.528394 -0.413441 0.74153 -0.0311914 0.739137 0.653733 -0.1622 0.30824 -0.417703 0.633798 0.651018 0.318013
178 0.504136 -0.413722 0.758078 -0.0246373 0.752294 0.641477 -0.150202 0.31113 -0.424148 0.646019 0.634632 0.319026
179 0.477047 -0.410246 0.777254 -0.0209111 0.762304 0.633276 -0.133619 0.312604 -0.4374 0.656246 0.614835 0.319956
180 0.477097 -0.410717 0.776975 -0.020382 0.762894 0.632457 -0.134127 0.312839 -0.436315 0.656741 0.615077 0.320138
181 0.454503 -0.407803 0.791911 -0.0148174 0.769806 0.627109 -0.11888 0.31238 -0.448135 0.66365 0.598953 0.321056
182 0.43504 -0.40033 0.806521 -0.00933271 0.776409 0.620404 -0.11085 0.313344 -0.455992 0.674415 0.58072 0.322302
183 0.418146 -0.393042 0.818946 -0.00587842 0.779647 0.617936 -0.101511 0.314146 -0.466158 0.680935 0.564822 0.322781
184 0.408015 -0.384748 0.827945 0.000205748 0.777972 0.621112 -0.094756 0.316107 -0.477789 0.68278 0.552746 0.323186
185 0.412466 -0.385336 0.825462 0.00182288 0.77798 0.620422 -0.09912 0.317353 -0.47394 0.683076 0.555686 0.323173
186 0.392736 -0.377312 0.838686 0.00689504 0.780917 0.618485 -0.0874373 0.31823 -0.485723 0.689284 0.537551 0.323949
187 0.370113 -0.369978 0.852134 0.0100739 0.784915 0.615191 -0.0738146 0.319146 -0.496916 0.696172 0.518091 0.323305
188 0.349824 -0.363406 0.863458 0.0125597 0.787419 0.613407 -0.0608516 0.319217 -0.507537 0.701191 0.500738 0.323653
189 0.333675 -0.358383 0.871908 0.0163407 0.790034 0.610919 -0.0512344 0.318804 -0.514303 0.705932 0.486983 0.323618
190 0.341688 -0.359607 0.868292 0.0184261 0.789352 0.611245 -0.0574733 0.320314 -0.510072 0.705026 0.492712 0.3226
191 0.32807 -0.351982 0.876629 0.0213441 0.793826 0.605754 -0.053861 0.320879 -0.512064 0.713561 0.478143 0.32213
192 0.317489 -0.343692 0.883785 0.0259931 0.796795 0.601996 -0.0521308 0.323957 -0.514119 0.720747 0.464979 0.319919
193 0.291984 -0.338459 0.894534 0.0283312 0.801314 0.597184 -0.0356037 0.324605 -0.522151 0.727198 0.44558 0.320119
194 0.27067 -0.337934 0.901409 0.0315342 0.80831 0.58834 -0.0221488 0.326399 -0.522851 0.734613 0.432401 0.318282
195 0.254103 -0.334048 0.907658 0.0374136 0.812914 0.582232 -0.0132985 0.33038 -0.524025 0.741228 0.419499 0.31547
196 0.254111 -0.334014 0.907669 0.0374079 0.812907 0.582242 -0.0133212 0.330391 -0.524033 0.741235 0.419476 0.315478
197 0.223401 -0.331785 0.916521 0.0400449 0.820445 0.571682 0.00696894 0.331948 -0.526271 0.750398 0.399926 0.314004
198 0.195753 -0.332377 0.922608 0.042535 0.828405 0.559534 0.0258115 0.333592 -0.52481 0.759241 0.384873 0.308927
199 0.171186 -0.327866 0.929085 0.0440074 0.835486 0.548091 0.0394766 0.335403 -0.522167 0.76948 0.367753 0.307
200 0.148842 -0.324526 0.934093 0.0466565 0.841229 0.538085 0.0528984 0.33725 -0.519788 0.777912 0.35309 0.305185
201 0.127809 -0.32402 0.937377 0.0488748 0.846684 0.527858 0.0670194 0.339196 -0.516518 0.785097 0.341808 0.300093
202 0.127805 -0.324026 0.937375 0.0488736 0.846684 0.527857 0.0670262 0.339192 -0.516518 0.785095 0.341811 0.30009
203 0.105693 -0.32106 0.941143 0.0495026 0.849794 0.520668 0.0821855 0.340866 -0.516409 0.791091 0.327866 0.297966
204 0.0835807 -0.322027 0.943034 0.0507439 0.852578 0.513017 0.0996212 0.342004 -0.515873 0.795684 0.317431 0.295966
205 0.0707938 -0.323451 0.943593 0.0522528 0.854294 0.508008 0.110044 0.34302 -0.514946 0.798316 0.312286 0.291786
206 0.0616741 -0.321028 0.945059 0.0530664 0.854983 0.505534 0.11593 0.344404 -0.514976 0.80086 0.305652 0.289812
207 0.0491877 -0.321335 0.945687 0.0533205 0.852851 0.506304 0.127678 0.345981 -0.519833 0.80025 0.298955 0.288295
208 0.0368111 -0.32276 0.945765 0.0555912 0.850002 0.507778 0.140205 0.3473 -0.525491 0.798741 0.293039 0.286761
209 0.0256304 -0.322014 0.946388 0.0551817 0.843802 0.514606 0.152246 0.348562 -0.536042 0.794662 0.284906 0.283703
210 0.0256296 -0.322014 0.946388 0.0551813 0.843801 0.514607 0.152247 0.348561 -0.536043 0.794661 0.284905 0.283703
211 0.0147656 -0.323104 0.946248 0.0565718 0.840695 0.516334 0.163188 0.349861 -0.541307 0.793097 0.279256 0.282897
212 0.0083638 -0.324216 0.945946 0.0579262 0.839437 0.516333 0.169547 0.351325 -0.543393 0.792644 0.276477 0.281736
213 0.00212422 -0.323387 0.946264 0.0589942 0.838592 0.516062 0.174482 0.353005 -0.544756 0.793159 0.272286 0.280632
214 0.00213202 -0.323381 0.946266 0.0589456 0.838585 0.516074 0.174476 0.352999 -0.544766 0.793153 0.272283 0.280623
215 -0.00074128 -0.322633 0.946524 0.0594773 0.836211 0.518881 0.177521 0.354687 -0.548407 0.791625 0.269404 0.27982
216 0.00194613 -0.322482 0.946574 0.0623719 0.83491 0.521504 0.175951 0.356253 -0.550383 0.789962 0.270258 0.280572
217 0.01038 -0.321551 0.946835 0.0635833 0.835219 0.523433 0.168604 0.357737 -0.54982 0.789065 0.273998 0.280134
218 0.0292102 -0.319768 0.947046 0.0646721 0.834467 0.529389 0.153009 0.359415 -0.550282 0.785809 0.282299 0.279173
219 0.0293767 -0.319575 0.947105 0.0645814 0.834668 0.529171 0.152665 0.359521 -0.549969 0.786034 0.282285 0.279165
220 0.0491266 -0.314493 0.947988 0.0650235 0.836691 0.531305 0.1329 0.361651 -0.545467 0.786644 0.289234 0.277825
221 0.067992 -0.309942 0.948321 0.0637173 0.83537 0.537367 0.115735 0.363298 -0.545467 0.78433 0.295453 0.275806
222 0.0736822 -0.309684 0.94798 0.0621994 0.831368 0.544087 0.113122 0.363634 -0.550816 0.779785 0.297551 0.274168
223 0.0787912 -0.306537 0.948592 0.0617676 0.827684 0.55048 0.109139 0.365234 -0.555636 0.776535 0.297088 0.272902
224 0.0787881 -0.306465 0.948616 0.0617825 0.827764 0.550376 0.109057 0.365259 -0.555518 0.776637 0.297043 0.272929
225 0.0868422 -0.305108 0.94835 0.0607391 0.825094 0.555497 0.103162 0.366391 -0.558282 0.773519 0.299984 0.271782
226 0.091971 -0.305673 0.947684 0.059125 0.823323 0.558643 0.100287 0.367264 -0.560073 0.771026 0.303047 0.270287
227 0.0972168 -0.305886 0.947092 0.0583398 0.822387 0.560657 0.0966614 0.368628 -0.560561 0.769479 0.306062 0.269091
228 0.113404 -0.304732 0.945663 0.0573056 0.822827 0.56227 0.0825135 0.372381 -0.556862 0.768759 0.314505 0.266725
229 0.12674 -0.305939 0.943577 0.054975 0.822176 0.564581 0.0726225 0.373785 -0.554944 0.766583 0.323091 0.264985
230 0.141179 -0.311052 0.939848 0.0530779 0.82108 0.567171 0.0643723 0.375094 -0.553078 0.762603 0.335472 0.263252
231 0.141157 -0.311077 0.939844 0.0531043 0.8211 0.56714 0.0643936 0.375082 -0.553054 0.762616 0.335481 0.263264
232 0.15047 -0.313568 0.937568 0.0520281 0.820801 0.56823 0.0583133 0.37649 -0.55104 0.760782 0.342878 0.261738
233 0.168447 -0.311972 0.93504 0.0526522 0.822837 0.566805 0.0408789 0.382182 -0.542739 0.762499 0.352178 0.258067
234 0.181326 -0.31173 0.932709 0.0489212 0.819067 0.572793 0.0322061 0.383409 -0.544289 0.758111 0.35919 0.255607
235 0.186143 -0.314601 0.930794 0.0459136 0.814904 0.578677 0.0326218 0.384587 -0.548892 0.752435 0.364086 0.253046
236 0.186602 -0.312516 0.931404 0.0450231 0.816525 0.576538 0.0298599 0.386745 -0.546321 0.754942 0.36276 0.251911
237 0.195398 -0.306714 0.931529 0.0434144 0.818016 0.574923 0.0177109 0.388888 -0.54099 0.758545 0.363235 0.250158
238 0.210435 -0.308749 0.927573 0.0456218 0.817787 0.575489 0.00602746 0.394454 -0.535669 0.757289 0.373594 0.244941
239 0.22222 -0.301934 0.927068 0.0438365 0.821015 0.570802 -0.010896 0.39677 -0.525883 0.763558 0.374736 0.242898
240 0.245436 -0.301007 0.921496 0.0438141 0.824754 0.564387 -0.0353119 0.40271 -0.509452 0.768675 0.386778 0.2374
241 0.258081 -0.299099 0.918659 0.041458 0.826236 0.561153 -0.0494155 0.404651 -0.500728 0.771782 0.391949 0.234747
242 0.267724 -0.293879 0.917583 0.0394282 0.828619 0.556185 -0.0636342 0.407019 -0.491645 0.777363 0.392418 0.232248
243 0.282951 -0.291204 0.913859 0.0378358 0.827099 0.556511 -0.078754 0.412472 -0.485639 0.778136 0.39832 0.226799
244 0.287818 -0.289378 0.912919 0.0360085 0.827648 0.55476 -0.0850855 0.415747 -0.481829 0.780065 0.399173 0.223916
245 0.287859 -0.289399 0.9129 0.0360488 0.82766 0.554737 -0.0851236 0.415774 -0.481784 0.780074 0.39921 0.223904
246 0.289656 -0.28538 0.913596 0.0353709 0.829779 0.550609 -0.0910876 0.417981 -0.477039 0.784467 0.396289 0.221614
247 0.294275 -0.280024 0.913778 0.0326371 0.8277 0.552691 -0.097184 0.420832 -0.477823 0.784933 0.394418 0.218374
248 0.294989 -0.275769 0.91484 0.0323574 0.82951 0.549107 -0.101951 0.424372 -0.47423 0.788944 0.390734 0.216355
249 0.296444 -0.273735 0.914981 0.0291683 0.832276 0.543954 -0.106914 0.427469 -0.468442 0.793211 0.389075 0.213391
250 0.300345 -0.27323 0.913859 0.0292965 0.832787 0.542232 -0.111581 0.430824 -0.465036 0.794563 0.390399 0.210833
251 0.305077 -0.26715 0.914089 0.0299597 0.833722 0.538813 -0.120782 0.43392 -0.460256 0.798944 0.387108 0.208648
252 0.308026 -0.267604 0.912967 0.0302041 0.833883 0.537906 -0.123677 0.435562 -0.457994 0.799403 0.38884 0.207489
253 0.310865 -0.260779 0.913979 0.0274199 0.836835 0.531025 -0.133113 0.439046 -0.450633 0.80623 0.383306 0.204428
254 0.316946 -0.258615 0.912504 0.0263302 0.840136 0.523027 -0.143577 0.443667 -0.440133 0.812134 0.383043 0.200924
255 0.324843 -0.258403 0.909783 0.0255414 0.840703 0.519546 -0.152612 0.447312 -0.433239 0.814432 0.386011 0.197437
256 0.330859 -0.258144 0.907686 0.0249954 0.840931 0.517114 -0.15946 0.451661 -0.428214 0.81606 0.388173 0.193707
257 0.334731 -0.259735 0.905811 0.0244517 0.842944 0.512194 -0.164631 0.455 -0.421191 0.818654 0.390389 0.190454
258 0.348571 -0.26692 0.898472 0.0252875 0.840073 0.514085 -0.173189 0.462198 -0.415663 0.815151 0.403427 0.183782
259 0.348556 -0.266922 0.898477 0.0252921 0.840074 0.514089 -0.173172 0.462189 -0.415674 0.815147 0.403423 0.183788
260 0.348653 -0.272195 0.896856 0.0263086 0.84049 0.514246 -0.170667 0.46737 -0.41475 0.813303 0.40807 0.179411
261 0.352293 -0.272251 0.895416 0.029079 0.837385 0.518956 -0.171672 0.470149 -0.417944 0.810286 0.410803 0.177354
262 0.377838 -0.268849 0.885979 0.0351968 0.825295 0.531542 -0.190663 0.476951 -0.419675 0.803233 0.422716 0.17207
263 0.377833 -0.268864 0.885976 0.0352073 0.825304 0.531529 -0.190658 0.476948 -0.419662 0.803236 0.422724 0.172076
264 0.389227 -0.264939 0.882219 0.0355162 0.81613 0.543283 -0.196915 0.479873 -0.427124 0.796649 0.427685 0.168865
265 0.398735 -0.265404 0.877822 0.0375873 0.8107 0.549466 -0.202118 0.483078 -0.428691 0.792242 0.434254 0.166218
266 0.427222 -0.272342 0.862155 0.0451967 0.802884 0.552756 -0.223244 0.491972 -0.415763 0.787585 0.454809 0.159694
267 0.427222 -0.272343 0.862155 0.0451967 0.802884 0.552756 -0.223243 0.491972 -0.415763 0.787585 0.454809 0.159694
268 0.447413 -0.27258 0.851776 0.0534186 0.794588 0.558247 -0.238727 0.494308 -0.410429 0.78362 0.466355 0.157728
269 0.474102 -0.262093 0.840556 0.0593994 0.780086 0.567725 -0.262972 0.501343 -0.408282 0.780381 0.473615 0.15274
270 0.494732 -0.258933 0.829575 0.0586525 0.764126 0.584299 -0.273325 0.503249 -0.413947 0.769122 0.486928 0.148263
271 0.525451 -0.255023 0.811705 0.069129 0.745805 0.597207 -0.29516 0.506043 -0.409483 0.760465 0.504 0.147074
272 0.531389 -0.257137 0.807159 0.0732129 0.74427 0.596773 -0.299872 0.50916 -0.404582 0.760094 0.508499 0.145395
273 0.562027 -0.239519 0.791679 0.0766792 0.720374 0.612078 -0.326225 0.511193 -0.406432 0.753652 0.516547 0.143012
274 0.591723 -0.229178 0.772878 0.0812447 0.696813 0.627497 -0.347418 0.515596 -0.405358 0.744127 0.530999 0.138558
275 0.609695 -0.227785 0.759201 0.0850558 0.685415 0.632566 -0.360648 0.518431 -0.398095 0.740253 0.541799 0.136033
276 0.625076 -0.23351 0.744817 0.091097 0.679625 0.632131 -0.372184 0.521872 -0.383913 0.73884 0.553829 0.133081
277 0.625088 -0.233559 0.744792 0.0911108 0.679631 0.632132 -0.37217 0.521866 -0.383883 0.738823 0.553871 0.133048
278 0.639187 -0.240699 0.730414 0.0967407 0.676722 0.627246 -0.385499 0.523509 -0.36536 0.740693 0.563814 0.131524
279 0.654382 -0.235611 0.718521 0.101083 0.666077 0.629412 -0.400228 0.527708 -0.357947 0.740492 0.568811 0.127589
280 0.665515 -0.222738 0.712374 0.104785 0.652221 0.637608 -0.409957 0.531155 -0.362902 0.737458 0.569612 0.125237
281 0.666557 -0.222183 0.711573 0.104048 0.651419 0.637696 -0.411093 0.531998 -0.362429 0.737549 0.569795 0.124365
282 0.676292 -0.212368 0.705357 0.107173 0.638393 0.646728 -0.41737 0.534623 -0.367538 0.732559 0.572951 0.12159
283 0.686521 -0.207666 0.696824 0.111704 0.628213 0.651948 -0.424632 0.539122 -0.366112 0.729273 0.578034 0.117884
284 0.692928 -0.208202 0.690292 0.117938 0.624381 0.652045 -0.4301 0.543863 -0.360554 0.729033 0.581817 0.113568
285 0.687812 -0.214415 0.693499 0.120774 0.630864 0.649152 -0.424986 0.54753 -0.359062 0.729814 0.581761 0.109125
286 0.684951 -0.221431 0.694126 0.126171 0.635882 0.646744 -0.421161 0.548411 -0.355663 0.729857 0.583792 0.106457
287 0.68499 -0.221372 0.694106 0.126253 0.635836 0.646754 -0.421216 0.54841 -0.35567 0.729866 0.583776 0.106508
288 0.689336 -0.22098 0.689915 0.129678 0.633267 0.646327 -0.425716 0.548996 -0.351836 0.730362 0.585476 0.106104
289 0.708246 -0.220278 0.67072 0.135576 0.618504 0.651653 -0.439092 0.551744 -0.340354 0.725828 0.597773 0.101194
290 0.724762 -0.212117 0.655535 0.138971 0.600308 0.661362 -0.449701 0.555114 -0.338157 0.719449 0.606666 0.096585
291 0.746915 -0.2025 0.633334 0.146573 0.574856 0.675335 -0.462021 0.559741 -0.334153 0.709166 0.620826 0.0908823
292 0.746913 -0.202502 0.633336 0.146568 0.574855 0.675342 -0.462012 0.559738 -0.33416 0.709159 0.620831 0.0908779
293 0.758313 -0.191631 0.623088 0.153021 0.557316 0.686411 -0.467161 0.562828 -0.338172 0.701511 0.627313 0.0868499
294 0.770299 -0.182587 0.610984 0.158714 0.540254 0.695868 -0.473173 0.568227 -0.338769 0.694571 0.63467 0.0811675
295 0.780495 -0.171464 0.601189 0.164467 0.521503 0.708904 -0.474857 0.571833 -0.344764 0.684145 0.642715 0.0768011
296 0.781023 -0.173258 0.599988 0.165677 0.522081 0.708342 -0.475061 0.573284 -0.342689 0.684275 0.643686 0.0750802
297 0.787244 -0.165661 0.593972 0.171962 0.509261 0.717806 -0.474771 0.576494 -0.347706 0.676247 0.649453 0.0715944
298 0.791366 -0.16081 0.589814 0.177815 0.499816 0.725738 -0.472745 0.58029 -0.352028 0.668913 0.6547 0.0675504
299 0.796693 -0.152724 0.58477 0.182279 0.486621 0.735914 -0.470776 0.58406 -0.358442 0.659626 0.660616 0.0643148
300 0.802202 -0.147646 0.578509 0.187805 0.473958 0.74673 -0.466645 0.585836 -0.363092 0.648533 0.669006 0.0622189
301 0.804534 -0.147301 0.57535 0.189032 0.472114 0.746366 -0.46909 0.586741 -0.360324 0.64903 0.670019 0.0618998
302 0.811631 -0.135999 0.56812 0.19569 0.455519 0.756203 -0.469744 0.588524 -0.365729 0.640048 0.675708 0.0595696
303 0.819746 -0.128611 0.558101 0.204299 0.442262 0.761298 -0.474163 0.591322 -0.363898 0.63552 0.68095 0.0569733
304 0.825651 -0.126221 0.54988 0.209961 0.434774 0.76348 -0.477566 0.592816 -0.359544 0.633377 0.685246 0.0547014
305 0.83382 -0.121102 0.538589 0.215717 0.424355 0.764629 -0.485042 0.594566 -0.353081 0.632991 0.688953 0.0520546
306 0.840397 -0.121528 0.52817 0.219324 0.418738 0.764297 -0.490417 0.59524 -0.344079 0.63331 0.693201 0.05146
307 0.849325 -0.114964 0.515199 0.223759 0.405057 0.767783 -0.496425 0.597632 -0.338489 0.630311 0.698665 0.0485635
308 0.860283 -0.101848 0.49954 0.233043 0.38359 0.774731 -0.502645 0.599749 -0.335816 0.624035 0.705555 0.046195
309 0.869015 -0.0896933 0.486589 0.23876 0.365318 0.779572 -0.508734 0.600843 -0.333701 0.619857 0.710226 0.0433507
310 0.880158 -0.0800135 0.467889 0.247931 0.346775 0.781481 -0.518685 0.603228 -0.324145 0.618777 0.715573 0.0390177
311 0.880193 -0.0800484 0.467816 0.247981 0.346751 0.78149 -0.518688 0.603236 -0.324073 0.618762 0.715619 0.0389889
312 0.886433 -0.0707214 0.457422 0.252621 0.33389 0.782124 -0.526118 0.605379 -0.320553 0.619097 0.716913 0.0356823
313 0.898412 -0.0663742 0.43411 0.261014 0.316197 0.783756 -0.534552 0.608394 -0.304755 0.617512 0.725122 0.0323759
314 0.907148 -0.0529709 0.417464 0.266782 0.294045 0.78946 -0.538787 0.608963 -0.301031 0.611512 0.731733 0.0298089
315 0.914528 -0.0460533 0.401893 0.273544 0.27842 0.792399 -0.542758 0.61102 -0.293464 0.608262 0.737493 0.0276006
316 0.922667 -0.0370518 0.383813 0.279996 0.25914 0.796664 -0.546052 0.610818 -0.285538 0.603286 0.744657 0.0255193
317 0.923198 -0.0373335 0.382506 0.281235 0.258448 0.796928 -0.545995 0.611704 -0.284446 0.602919 0.745372 0.0241736
318 0.928201 -0.0292017 0.370933 0.285935 0.245217 0.797794 -0.550811 0.613009 -0.279843 0.602222 0.747674 0.0220601
319 0.932572 -0.0208007 0.360384 0.291613 0.231222 0.801076 -0.552099 0.61425 -0.277211 0.598201 0.751871 0.0184335
320 0.936684 -0.00465313 0.350146 0.296704 0.211146 0.805198 -0.554142 0.614606 -0.279358 0.592988 0.755198 0.0166143
321 0.940059 0.00354638 0.340992 0.299911 0.198581 0.807214 -0.555851 0.614119 -0.277225 0.590248 0.758125 0.0156104
322 0.946172 0.00807113 0.323562 0.304967 0.184113 0.808771 -0.558563 0.613762 -0.266196 0.588069 0.763751 0.0125979
323 0.946127 0.00807731 0.323696 0.304863 0.184169 0.80881 -0.558487 0.613717 -0.266319 0.588014 0.763749 0.0125879
324 0.952465 0.0135176 0.304349 0.309306 0.168392 0.809172 -0.562925 0.613769 -0.25388 0.587417 0.768431 0.011141
325 0.95834 0.0240246 0.284616 0.313557 0.147108 0.812617 -0.563926 0.613415 -0.244832 0.582302 0.77523 0.00906853
326 0.962895 0.0389078 0.267058 0.319053 0.122571 0.818559 -0.561193 0.612506 -0.240438 0.573103 0.783417 0.00578644
327 0.966595 0.0473527 0.251898 0.322218 0.105937 0.821104 -0.560862 0.611573 -0.233392 0.568811 0.788658 0.00406554
328 0.971527 0.0558359 0.230256 0.32805 0.0848187 0.825463 -0.558048 0.609261 -0.221227 0.561688 0.797223 0.00225587
329 0.975237 0.0698968 0.209827 0.336275 0.0603141 0.828728 -0.556392 0.60924 -0.212779 0.555269 0.803991 -0.00292364
330 0.975324 0.0844669 0.203981 0.338886 0.0429671 0.833633 -0.550645 0.607626 -0.216557 0.545822 0.809433 -0.00501491
331 0.976258 0.0988103 0.192759 0.343411 0.0230038 0.837566 -0.545851 0.605173 -0.215384 0.537326 0.815408 -0.00641794
332 0.977442 0.105088 0.183204 0.347534 0.0107566 0.841531 -0.540102 0.604449 -0.210929 0.529889 0.821417 -0.0110101
333 0.978456 0.115679 0.171006 0.351623 -0.00690982 0.846172 -0.532865 0.603384 -0.206341 0.520203 0.828741 -0.01415
334 0.978603 0.12801 0.161089 0.354477 -0.0252157 0.851617 -0.523558 0.60232 -0.204207 0.508294 0.836622 -0.0170226
335 0.978531 0.136065 0.154804 0.355501 -0.038663 0.858957 -0.510585 0.600056 -0.202443 0.493638 0.845777 -0.0202804
336 0.979376 0.145807 0.13987 0.35923 -0.0570116 0.863558 -0.501016 0.5962 -0.193838 0.482709 0.85406 -0.021744
337 0.979827 0.153768 0.127648 0.362105 -0.0718938 0.867183 -0.492773 0.59365 -0.186467 0.473656 0.860744 -0.0246245
338 0.980626 0.159624 0.113545 0.365958 -0.0858423 0.871195 -0.483374 0.590406 -0.176078 0.464262 0.868019 -0.0283684
339 0.980996 0.164142 0.10346 0.371085 -0.0961721 0.874463 -0.475463 0.58846 -0.168516 0.456477 0.873631 -0.0305076
340 0.981024 0.166906 0.0986626 0.374254 -0.103062 0.879929 -0.463792 0.586291 -0.164226 0.444822 0.880433 -0.0333589
341 0.981474 0.16952 0.0892833 0.380258 -0.112275 0.886483 -0.448934 0.582708 -0.155252 0.430593 0.889093 -0.0369311
342 0.981045 0.172801 0.0876991 0.383123 -0.117878 0.891364 -0.437692 0.5786 -0.153805 0.419058 0.894838 -0.0381799
343 0.980335 0.179048 0.0829823 0.38585 -0.127435 0.895437 -0.42656 0.57442 -0.15068 0.407597 0.900644 -0.0393545
344 0.980454 0.18078 0.0776476 0.388964 -0.133085 0.900034 -0.415003 0.570009 -0.14491 0.396557 0.906501 -0.0428461
345 0.98034 0.18368 0.0720824 0.391711 -0.13952 0.903596 -0.405028 0.565045 -0.139529 0.387008 0.911459 -0.043835
346 0.979981 0.187706 0.0663582 0.394961 -0.146725 0.906216 -0.396541 0.560416 -0.134568 0.378866 0.915616 -0.0456589
347 0.97972 0.188884 0.0668643 0.395822 -0.149331 0.910807 -0.384877 0.55624 -0.133598 0.367087 0.920543 -0.0478431
348 0.978862 0.194987 0.0617262 0.399042 -0.158548 0.914089 -0.373235 0.550072 -0.129199 0.355559 0.925681 -0.0486153
349 0.978525 0.197542 0.0588729 0.401285 -0.163128 0.916734 -0.364675 0.544575 -0.12601 0.34724 0.929272 -0.0503491
350 0.977967 0.202214 0.0518652 0.406366 -0.172156 0.921734 -0.347517 0.534413 -0.118079 0.330931 0.936238 -0.0518613
351 0.977378 0.2047 0.0531944 0.407472 -0.175277 0.924709 -0.337923 0.529114 -0.118362 0.320955 0.939669 -0.0532803
352 0.975668 0.212969 0.0521243 0.406853 -0.184728 0.926515 -0.32779 0.522896 -0.118103 0.310185 0.943312 -0.0534052
353 0.973165 0.224423 0.0508323 0.411332 -0.198273 0.929925 -0.309722 0.511951 -0.116779 0.291332 0.949467 -0.0533655
354 0.971841 0.228591 0.0571955 0.409776 -0.201918 0.932988 -0.29793 0.505933 -0.121467 0.277991 0.952873 -0.0534937
355 0.970943 0.232779 0.0555265 0.411588 -0.207468 0.934424 -0.289498 0.498726 -0.119275 0.269566 0.955567 -0.0508282
356 0.971072 0.231605 0.05813 0.412689 -0.205791 0.935184 -0.288239 0.492912 -0.12112 0.267938 0.955793 -0.0501348
357 0.971675 0.226773 0.0665042 0.412091 -0.199413 0.937795 -0.284211 0.48322 -0.126818 0.262898 0.956453 -0.0498648
