11 0.999905 0.0119346 0.00689199 0.0118815 -0.0116636 0.999206 -0.0381094 -0.0168369 -0.00734133 0.0380254 0.99925 -0.0221334
12 0.999778 0.0166785 0.0128399 0.0139668 -0.0161374 0.999023 -0.0411463 -0.0213738 -0.0135136 0.04093 0.999071 -0.0240349
13 0.999621 0.0160739 0.0223624 0.00998682 -0.0149029 0.998558 -0.0515818 -0.0176799 -0.0231593 0.051229 0.998418 -0.0309728
14 0.999621 0.0160672 0.0223665 0.00996294 -0.0148953 0.998556 -0.0516127 -0.0176282 -0.0231635 0.0512599 0.998417 -0.0309149
15 0.999716 0.00397592 0.0234784 0.00790118 -0.00273376 0.998606 -0.0527034 -0.0190095 -0.0236552 0.0526243 0.998334 -0.0338696
16 0.999795 -0.0101383 0.0175164 0.0100746 0.0110953 0.998401 -0.0554334 -0.0232356 -0.0169263 0.0556164 0.998309 -0.0388231
17 0.999794 -0.0101226 0.0175719 0.00997208 0.0110837 0.998398 -0.0554896 -0.0231385 -0.016982 0.055673 0.998305 -0.0386745
18 0.999728 -0.0198888 0.012152 0.0151946 0.020609 0.997843 -0.0623296 -0.0236111 -0.0108861 0.0625631 0.997982 -0.0447904
19 0.999612 -0.0255552 0.0110615 0.01933 0.0262352 0.997444 -0.0664584 -0.0241438 -0.00933491 0.0667228 0.997728 -0.0529445
20 0.999611 -0.0256011 0.0110256 0.0193745 0.0262776 0.997451 -0.0663473 -0.0242745 -0.00929892 0.0666112 0.997736 -0.0529998
21 0.999439 -0.0313515 0.0117402 0.0223941 0.0320796 0.997166 -0.0680534 -0.0269419 -0.00957333 0.0683919 0.997613 -0.0616254
22 0.999294 -0.0361199 0.0103502 0.0244379 0.036765 0.9968 -0.0709825 -0.0267922 -0.0077532 0.0713129 0.997424 -0.0717602
23 0.999291 -0.0361791 0.0104009 0.0244034 0.0368282 0.996792 -0.0710552 -0.0266589 -0.00779681 0.0713878 0.997418 -0.0715769
24 0.999114 -0.0415733 0.00655462 0.0281382 0.0419283 0.996711 -0.0693513 -0.0274305 -0.00364989 0.0695647 0.997571 -0.0820841
25 0.999101 -0.0418986 0.00650385 0.0283613 0.0422487 0.996709 -0.0691805 -0.0275854 -0.00358388 0.0693931 0.997583 -0.082126
26 0.998832 -0.0482417 0.00254427 0.0328591 0.0483047 0.99668 -0.0655478 -0.031918 0.000626308 0.0655941 0.997846 -0.0883127
27 0.998785 -0.0492857 -0.000203525 0.0337238 0.0491732 0.996768 -0.0635332 -0.0405945 0.00333414 0.063446 0.99798 -0.103648
28 0.998561 -0.0522546 -0.0120766 0.040776 0.0513501 0.996504 -0.0658937 -0.039137 0.0154777 0.0651787 0.997754 -0.116798
29 0.998566 -0.0521641 -0.0120736 0.0406234 0.0512592 0.996506 -0.0659385 -0.0390868 0.015471 0.065225 0.997751 -0.116728
30 0.998304 -0.0538881 -0.0220402 0.0463882 0.0524604 0.996764 -0.0609035 -0.0406129 0.0252509 0.0596439 0.9979 -0.123892
31 0.998215 -0.0525117 -0.0284558 0.0547083 0.0508618 0.99714 -0.055895 -0.0431111 0.0313096 0.0543479 0.998031 -0.130235
32 0.998196 -0.0525888 -0.0289819 0.0555933 0.0509198 0.997154 -0.0555949 -0.0435876 0.0318231 0.0540189 0.998033 -0.130643
33 0.998145 -0.0516926 -0.0321618 0.0626037 0.0499191 0.997309 -0.053697 -0.0432762 0.034851 0.0519919 0.998039 -0.139213
34 0.998283 -0.0494538 -0.0313914 0.0639463 0.0480556 0.997882 -0.0438319 -0.047429 0.0334926 0.0422481 0.998546 -0.156486
35 0.998285 -0.0493194 -0.0315482 0.0642318 0.0479197 0.997896 -0.0436828 -0.0478333 0.0336363 0.0420961 0.998547 -0.157104
36 0.99789 -0.0542796 -0.0356144 0.0703008 0.0530666 0.998006 -0.0341654 -0.0531764 0.0373978 0.0322034 0.998781 -0.162614
37 0.997452 -0.0587565 -0.0404683 0.0776642 0.0574582 0.997818 -0.0325304 -0.0559118 0.0422913 0.0301223 0.998651 -0.167187
38 0.997452 -0.0587573 -0.040462 0.0776519 0.0574586 0.997817 -0.0325463 -0.0558886 0.042286 0.0301385 0.998651 -0.167175
39 0.996958 -0.0596118 -0.0502126 0.097501 0.058004 0.997774 -0.0328931 -0.0574582 0.0520617 0.0298805 0.998197 -0.181455
40 0.997317 -0.0516027 -0.051923 0.116125 0.0503017 0.998394 -0.026061 -0.0620573 0.0531845 0.0233793 0.998311 -0.192776
41 0.998089 -0.0441334 -0.0432395 0.130667 0.04326 0.998845 -0.0209301 -0.0645936 0.0441132 0.0190195 0.998845 -0.20166
42 0.998087 -0.0441454 -0.0432774 0.130754 0.0432717 0.998844 -0.0209237 -0.0646114 0.044151 0.019011 0.998844 -0.201711
43 0.998679 -0.0400021 -0.0322568 0.140884 0.0393799 0.99903 -0.0196999 -0.0624115 0.0330135 0.0184036 0.999285 -0.209399
44 0.998611 -0.0442181 -0.0286453 0.157318 0.043829 0.99894 -0.0140734 -0.0619301 0.0292372 0.0127984 0.999491 -0.216305
45 0.998612 -0.044206 -0.028631 0.157252 0.0438186 0.998941 -0.0140222 -0.0619835 0.0292206 0.0127481 0.999492 -0.216222
46 0.998488 -0.0485643 -0.0257451 0.168975 0.048309 0.998778 -0.0104485 -0.0629309 0.0262211 0.00918897 0.999614 -0.220499
47 0.99834 -0.0512115 -0.0263474 0.182559 0.0509713 0.998653 -0.00970692 -0.066439 0.026809 0.00834785 0.999606 -0.227943
48 0.998307 -0.0509647 -0.0280462 0.185867 0.0507737 0.998682 -0.00747871 -0.0705955 0.0283904 0.00604204 0.999579 -0.232102
49 0.998171 -0.053986 -0.0271929 0.204145 0.053609 0.998458 -0.0144111 -0.0670063 0.0279289 0.0129269 0.999526 -0.236275
50 0.998079 -0.0556275 -0.0272582 0.237042 0.055173 0.998329 -0.0171528 -0.065874 0.0281668 0.0156159 0.999481 -0.24234
51 0.998352 -0.0565655 -0.00963547 0.249943 0.0563886 0.998251 -0.0177387 -0.0633564 0.010622 0.0171662 0.999796 -0.251555
52 0.998352 -0.0565652 -0.00963675 0.249945 0.0563882 0.998251 -0.017737 -0.0633593 0.0106232 0.0171643 0.999796 -0.251557
53 0.99804 -0.0624767 0.00360346 0.258464 0.062528 0.997907 -0.0165048 -0.0629004 -0.00256475 0.0166977 0.999857 -0.256439
54 0.997546 -0.0696787 -0.00689138 0.286536 0.0695678 0.997461 -0.0151982 -0.0607202 0.00793288 0.0146815 0.999861 -0.264056
55 0.99724 -0.0720539 -0.0179218 0.310227 0.0718939 0.997368 -0.00941854 -0.0632127 0.0185532 0.00810408 0.999795 -0.268883
56 0.99724 -0.0720542 -0.0179225 0.310229 0.0718942 0.997368 -0.00941614 -0.0632169 0.0185538 0.00810163 0.999795 -0.268885
57 0.997127 -0.0739357 -0.0164722 0.33513 0.0738126 0.99724 -0.00795993 -0.0612778 0.0170153 0.0067212 0.999833 -0.274639
58 0.997209 -0.0742131 -0.00816346 0.373221 0.0742275 0.99724 0.00147324 -0.0687773 0.0080316 -0.00207508 0.999966 -0.27778
59 0.997293 -0.070887 0.0195166 0.388907 0.0707953 0.997476 0.00535376 -0.0747733 -0.0198468 -0.00395759 0.999795 -0.275621
60 0.997274 -0.0709466 0.0202848 0.389033 0.0708455 0.997471 0.00566279 -0.0748525 -0.0206352 -0.00421027 0.999778 -0.275191
61 0.996158 -0.0708233 0.0515069 0.387872 0.0707874 0.997488 0.00252375 -0.0807131 -0.0515562 0.00113199 0.998669 -0.286638
62 0.994727 -0.0791208 0.0652564 0.398907 0.079364 0.996845 -0.00113827 -0.080864 -0.0649604 0.00631128 0.997868 -0.296694
63 0.994746 -0.0791572 0.0649225 0.399435 0.0793862 0.996843 -0.000951191 -0.0811702 -0.0646423 0.00610015 0.99789 -0.296769
64 0.993302 -0.091309 0.0708129 0.426132 0.0918835 0.995758 -0.00489171 -0.0724853 -0.0700659 0.0113655 0.997478 -0.303529
65 0.991591 -0.0981293 0.084362 0.451993 0.0986806 0.995116 -0.0023797 -0.0704343 -0.0837165 0.0106846 0.996432 -0.306983
66 0.991591 -0.0981054 0.0843916 0.451947 0.0986588 0.995118 -0.00240112 -0.0703902 -0.083744 0.0107069 0.99643 -0.306937
67 0.989262 -0.0996873 0.106881 0.466113 0.10004 0.994981 0.00207044 -0.0713698 -0.106551 0.00864421 0.99427 -0.312344
68 0.986071 -0.106157 0.128044 0.477512 0.106014 0.994333 0.00795276 -0.0764657 -0.128162 0.00573247 0.991737 -0.318009
69 0.982695 -0.114877 0.145306 0.48485 0.11461 0.993358 0.0102366 -0.075776 -0.145517 0.0065941 0.989334 -0.334529
70 0.982368 -0.121531 0.14207 0.493548 0.120225 0.992588 0.0177663 -0.0788457 -0.143176 -0.00037262 0.989697 -0.352548
71 0.982703 -0.118604 0.142223 0.493771 0.1173 0.992941 0.0175499 -0.0783916 -0.143301 -0.000563662 0.989679 -0.348464
72 0.983603 -0.120896 0.133828 0.514109 0.118733 0.992635 0.0240583 -0.0795487 -0.135751 -0.00777401 0.990712 -0.343129
73 0.983467 -0.123277 0.132651 0.543346 0.120331 0.99228 0.0300303 -0.0800867 -0.135329 -0.0135718 0.990708 -0.344258
74 0.983445 -0.123162 0.13292 0.543127 0.120464 0.992318 0.0281817 -0.0766788 -0.13537 -0.0117031 0.990726 -0.341281
75 0.980748 -0.127881 0.147577 0.557487 0.123929 0.991648 0.0357127 -0.0808732 -0.150911 -0.0167362 0.988406 -0.339266
76 0.978383 -0.132961 0.158393 0.576529 0.128991 0.991023 0.0351332 -0.0826114 -0.161642 -0.0139425 0.986751 -0.333774
77 0.978441 -0.132712 0.158243 0.57672 0.128852 0.991065 0.0344552 -0.0817863 -0.161402 -0.0133225 0.986799 -0.333817
78 0.975158 -0.134839 0.175742 0.587756 0.131437 0.990842 0.0309123 -0.0806026 -0.178301 -0.00704528 0.983951 -0.334138
79 0.970978 -0.139419 0.194329 0.59486 0.136084 0.990229 0.0304704 -0.0798896 -0.196678 -0.00314103 0.980463 -0.337091
80 0.967511 -0.147533 0.205322 0.606525 0.143535 0.98905 0.0343181 -0.0818387 -0.208137 -0.00373225 0.978093 -0.339966
81 0.967512 -0.147537 0.205313 0.606543 0.143539 0.98905 0.0343169 -0.0818364 -0.208128 -0.00373168 0.978095 -0.339953
82 0.964279 -0.157923 0.212664 0.614748 0.153353 0.987443 0.0379249 -0.0851852 -0.215983 -0.00395742 0.976389 -0.339034
83 0.962403 -0.164731 0.215973 0.629623 0.160767 0.986339 0.0359193 -0.0855223 -0.21894 0.000152554 0.975738 -0.33511
84 0.962406 -0.164716 0.215969 0.629615 0.160758 0.986341 0.0358901 -0.0854969 -0.21893 0.000177919 0.97574 -0.335142
85 0.959593 -0.168796 0.225144 0.642038 0.165758 0.985632 0.0324694 -0.0861778 -0.227389 0.00616197 0.973784 -0.33335
86 0.958603 -0.171731 0.227134 0.655873 0.169407 0.985094 0.0298363 -0.0898817 -0.228872 0.00987697 0.973406 -0.334413
87 0.958599 -0.171687 0.227181 0.655831 0.169379 0.985101 0.0297663 -0.0897988 -0.228906 0.00994573 0.973398 -0.334294
88 0.958369 -0.174486 0.226017 0.663941 0.173038 0.984562 0.0263639 -0.0917576 -0.227128 0.0138433 0.973766 -0.334263
89 0.95862 -0.174843 0.224673 0.674331 0.174221 0.984444 0.0227527 -0.0918223 -0.225157 0.0173316 0.974168 -0.336695
90 0.957023 -0.178858 0.22829 0.683671 0.178961 0.983644 0.0204244 -0.0933005 -0.228209 0.0213082 0.973379 -0.336825
91 0.95814 -0.177541 0.224605 0.687826 0.177757 0.983883 0.0194251 -0.0924174 -0.224434 0.0213132 0.974256 -0.332094
92 0.955997 -0.182774 0.229485 0.695903 0.184046 0.982787 0.0160343 -0.0932853 -0.228466 0.0269072 0.97318 -0.334477
93 0.953224 -0.185958 0.238292 0.700675 0.187924 0.982074 0.0146528 -0.0918716 -0.236745 0.0308132 0.971083 -0.337869
94 0.953243 -0.185933 0.238238 0.700764 0.187918 0.982077 0.0145581 -0.0917063 -0.236675 0.0308919 0.971098 -0.337844
95 0.949984 -0.191806 0.246457 0.706794 0.192941 0.981011 0.0197726 -0.093334 -0.245569 0.0287678 0.968952 -0.339068
96 0.950009 -0.191453 0.246636 0.70659 0.192533 0.981087 0.019964 -0.0935757 -0.245794 0.0285195 0.968903 -0.339202
97 0.946784 -0.200949 0.251437 0.714086 0.201663 0.97918 0.0231995 -0.0961758 -0.250864 0.0287408 0.967596 -0.338066
98 0.943507 -0.210742 0.255698 0.722254 0.212096 0.976988 0.0226001 -0.0974092 -0.254577 0.0329092 0.966493 -0.339627
99 0.939844 -0.217744 0.263211 0.728616 0.219578 0.975328 0.0228061 -0.0982703 -0.261683 0.0363612 0.964469 -0.346948
100 0.939844 -0.217743 0.263212 0.728614 0.219576 0.975329 0.0228065 -0.098271 -0.261684 0.0363605 0.964468 -0.346946
101 0.936551 -0.223164 0.270314 0.734725 0.224625 0.9741 0.0259376 -0.0992409 -0.269101 0.0364274 0.962423 -0.350868
102 0.936558 -0.223148 0.270303 0.734747 0.224607 0.974104 0.0259403 -0.0992338 -0.269091 0.0364173 0.962426 -0.350885
103 0.93383 -0.228754 0.275015 0.73911 0.229511 0.972847 0.0298842 -0.100224 -0.274384 0.0352123 0.960975 -0.353134
104 0.932152 -0.237216 0.273536 0.744387 0.236723 0.970935 0.035315 -0.100801 -0.273963 0.0318333 0.961213 -0.354754
105 0.932145 -0.23723 0.273546 0.744332 0.236719 0.970934 0.0353799 -0.100844 -0.273988 0.0317742 0.961208 -0.354787
106 0.931963 -0.243042 0.269027 0.752332 0.241146 0.969639 0.0406047 -0.106487 -0.270728 0.0270327 0.962276 -0.355187
107 0.932681 -0.243105 0.266471 0.756073 0.241109 0.969644 0.040709 -0.106576 -0.268278 0.02628 0.962983 -0.355037
108 0.932338 -0.244753 0.266161 0.767262 0.243417 0.969156 0.0385375 -0.111842 -0.267384 0.0288581 0.963158 -0.356097
109 0.930897 -0.246509 0.269564 0.779247 0.247544 0.96839 0.0307119 -0.115039 -0.268614 0.0381394 0.962493 -0.360617
110 0.930897 -0.246509 0.269562 0.779254 0.247546 0.96839 0.0307055 -0.115026 -0.26861 0.0381452 0.962493 -0.360608
111 0.928391 -0.249709 0.275202 0.781808 0.25341 0.967094 0.0226315 -0.115214 -0.271798 0.0487283 0.96112 -0.365812
112 0.926618 -0.255326 0.276022 0.783774 0.261015 0.965192 0.0165858 -0.112412 -0.270649 0.0566771 0.961008 -0.371574
113 0.928154 -0.254512 0.271576 0.791669 0.259938 0.965485 0.0164419 -0.112828 -0.266388 0.0553324 0.962276 -0.369748
114 0.92829 -0.260401 0.265461 0.793474 0.265715 0.963913 0.0163637 -0.109919 -0.260143 0.0553467 0.963983 -0.371925
115 0.931744 -0.26385 0.249472 0.796964 0.267395 0.963375 0.0202158 -0.111304 -0.245669 0.0478715 0.968171 -0.367698
116 0.93178 -0.263825 0.249363 0.797061 0.267334 0.963389 0.0203304 -0.111488 -0.245597 0.0477196 0.968197 -0.367996
117 0.934813 -0.272508 0.227737 0.803346 0.274993 0.961208 0.0213844 -0.11203 -0.22473 0.0426357 0.973488 -0.366675
118 0.937216 -0.28276 0.204139 0.811254 0.283947 0.958537 0.0240842 -0.114829 -0.202485 0.0353926 0.978646 -0.367259
119 0.938 -0.281659 0.202049 0.815305 0.282538 0.958928 0.025093 -0.116747 -0.200818 0.0335495 0.979054 -0.367886
120 0.943892 -0.276879 0.180018 0.8245 0.277506 0.960467 0.0222044 -0.120934 -0.179049 0.0289976 0.983413 -0.362172
121 0.943915 -0.279071 0.176474 0.830956 0.279297 0.959903 0.0240753 -0.123471 -0.176117 0.0265635 0.984011 -0.363512
122 0.950719 -0.26821 0.155551 0.835427 0.268704 0.96305 0.0182429 -0.123798 -0.154697 0.0244534 0.987659 -0.370178
123 0.959822 -0.248679 0.13 0.846212 0.247796 0.968535 0.0231841 -0.126095 -0.131675 0.00996092 0.991243 -0.381105
124 0.959821 -0.248668 0.130034 0.846153 0.247782 0.968538 0.0232103 -0.126137 -0.131715 0.00994237 0.991238 -0.381139
125 0.967786 -0.223983 0.11499 0.85209 0.221541 0.974566 0.033758 -0.131014 -0.119626 -0.00719558 0.992793 -0.372194
126 0.974478 -0.20297 0.0958962 0.856616 0.2004 0.979059 0.035814 -0.135813 -0.101157 -0.0156824 0.994747 -0.362779
127 0.974519 -0.204421 0.0923265 0.861216 0.201879 0.978742 0.0361829 -0.136362 -0.0977603 -0.0166221 0.995071 -0.362634
128 0.98082 -0.182372 0.0688006 0.871966 0.180226 0.982957 0.0362621 -0.137952 -0.0742412 -0.0231669 0.996971 -0.361993
129 0.980761 -0.183128 0.0676205 0.873886 0.180958 0.982795 0.0369777 -0.139142 -0.0732288 -0.0240298 0.997026 -0.363322
130 0.985539 -0.161864 0.0501286 0.881879 0.16009 0.986385 0.0376197 -0.143163 -0.0555354 -0.0290506 0.998034 -0.355528
131 0.989596 -0.140818 0.0295088 0.887317 0.139743 0.989541 0.0357749 -0.146345 -0.0342379 -0.031279 0.998924 -0.35241
132 0.989602 -0.140753 0.029613 0.88718 0.139695 0.989569 0.035198 -0.145407 -0.0342583 -0.0306952 0.998942 -0.351713
133 0.992984 -0.118247 -0.000379828 0.896628 0.118188 0.992378 0.0348868 -0.148372 -0.00374831 -0.0346869 0.999391 -0.34431
134 0.994897 -0.0942537 -0.0360163 0.911017 0.0954692 0.994863 0.0336636 -0.15109 0.0326583 -0.0369303 0.998784 -0.335997
135 0.994539 -0.0770189 -0.0704326 0.926897 0.0795733 0.996242 0.0342069 -0.152284 0.0675333 -0.0396246 0.99693 -0.335112
136 0.994546 -0.0769594 -0.0703965 0.926866 0.0795126 0.996247 0.0342117 -0.152288 0.0674993 -0.0396225 0.996932 -0.335099
137 0.992652 -0.0612372 -0.104364 0.94222 0.065462 0.997148 0.0375463 -0.151996 0.101767 -0.0441022 0.99383 -0.317886
138 0.988818 -0.0478153 -0.141254 0.96379 0.0537256 0.99782 0.038326 -0.15678 0.139114 -0.0454864 0.989231 -0.306615
139 0.983864 -0.0345675 -0.175549 0.979293 0.0415555 0.998477 0.036287 -0.156867 0.174027 -0.0429964 0.983802 -0.298751
140 0.982984 -0.0348486 -0.180357 0.986039 0.0423804 0.998376 0.0380761 -0.159588 0.178737 -0.0450717 0.982864 -0.300672
141 0.976792 -0.0153794 -0.213638 1.00753 0.0242836 0.99894 0.0391174 -0.157532 0.21281 -0.0433974 0.976129 -0.283027
142 0.973226 -0.00448363 -0.229807 1.0172 0.0138155 0.999143 0.0390147 -0.161001 0.229435 -0.041145 0.972454 -0.268012
143 0.968264 0.00792918 -0.249805 1.0322 0.00144149 0.999303 0.0373067 -0.161945 0.249927 -0.0364828 0.967577 -0.263718
144 0.962312 0.0114133 -0.271709 1.04636 6.29467e-06 0.999118 0.0419908 -0.16592 0.271948 -0.04041 0.961463 -0.25231
145 0.956027 0.0126397 -0.293006 1.06311 7.85692e-05 0.99906 0.043354 -0.168931 0.293278 -0.0414706 0.955127 -0.236611
146 0.9553 0.0103133 -0.295458 1.06553 0.00277028 0.999035 0.0438294 -0.16985 0.295625 -0.0426887 0.95435 -0.238502
147 0.951027 0.0103188 -0.308935 1.08267 0.00262502 0.999137 0.0414534 -0.169698 0.309096 -0.0402342 0.950179 -0.215937
148 0.952378 0.0105372 -0.304738 1.09067 0.00390242 0.9989 0.0467357 -0.17638 0.304895 -0.0456993 0.951289 -0.218818
149 0.950575 0.0236746 -0.30959 1.10046 -0.00579382 0.998268 0.0585489 -0.18522 0.310439 -0.0538614 0.949066 -0.214001
150 0.946706 0.0399799 -0.319608 1.11033 -0.0197738 0.997609 0.0662197 -0.191287 0.321492 -0.0563708 0.945233 -0.204576
151 0.943294 0.0532794 -0.327656 1.11465 -0.0302796 0.996731 0.0749036 -0.200592 0.330576 -0.0607348 0.941823 -0.204244
152 0.936661 0.0685222 -0.343468 1.12277 -0.0439196 0.995913 0.0789138 -0.20586 0.347472 -0.0588305 0.935843 -0.194856
153 0.93149 0.0820612 -0.354391 1.13311 -0.0572315 0.99515 0.0800039 -0.206379 0.359237 -0.0542405 0.931669 -0.183232
154 0.930852 0.0887999 -0.354443 1.14476 -0.0625986 0.994435 0.0847405 -0.211703 0.359996 -0.0566931 0.93123 -0.17696
155 0.930855 0.0887782 -0.35444 1.14476 -0.0625867 0.994438 0.0847121 -0.211665 0.359989 -0.0566714 0.931234 -0.176924
156 0.931859 0.0941497 -0.350392 1.1516 -0.0667563 0.993749 0.0894818 -0.218276 0.356626 -0.0599936 0.932319 -0.178537
157 0.931555 0.0994477 -0.349736 1.16039 -0.0698181 0.992895 0.0963631 -0.225201 0.356834 -0.0653496 0.931879 -0.180425
158 0.929897 0.10232 -0.353303 1.17406 -0.0689899 0.992001 0.105712 -0.23777 0.361293 -0.073927 0.929517 -0.186502
159 0.928186 0.106377 -0.356588 1.18413 -0.070536 0.991192 0.112088 -0.245245 0.365371 -0.0788862 0.927513 -0.192225
160 0.927473 0.116338 -0.35533 1.1983 -0.0773578 0.989504 0.122055 -0.24958 0.365801 -0.0857151 0.926738 -0.194765
161 0.931776 0.131861 -0.338239 1.21036 -0.0900392 0.986532 0.136556 -0.258758 0.35169 -0.0967851 0.9311 -0.195499
162 0.935369 0.14551 -0.322354 1.21703 -0.101631 0.983587 0.149089 -0.26983 0.338758 -0.106692 0.934805 -0.20729
163 0.93779 0.148775 -0.313712 1.22353 -0.102001 0.981725 0.160658 -0.281176 0.331881 -0.118665 0.935828 -0.216535
164 0.938634 0.150485 -0.310355 1.23188 -0.0990677 0.979513 0.175329 -0.295677 0.330381 -0.133823 0.934312 -0.226996
165 0.938325 0.158889 -0.307083 1.23765 -0.103798 0.976638 0.188161 -0.305611 0.329805 -0.144681 0.932896 -0.234225
166 0.939978 0.160639 -0.301058 1.24341 -0.102004 0.974197 0.201334 -0.314017 0.325632 -0.158541 0.93211 -0.234111
167 0.93843 0.163389 -0.30439 1.25158 -0.10314 0.973413 0.204523 -0.320027 0.329714 -0.160536 0.930332 -0.234354
168 0.944379 0.156125 -0.289436 1.25395 -0.0949293 0.972075 0.214612 -0.33099 0.314859 -0.175199 0.932828 -0.236447
169 0.950536 0.145637 -0.274354 1.25046 -0.0850888 0.971568 0.220943 -0.345618 0.298731 -0.18667 0.935903 -0.245996
170 0.9549 0.125225 -0.26923 1.24939 -0.0643519 0.972447 0.224066 -0.352566 0.289871 -0.196635 0.936648 -0.253187
171 0.957598 0.111108 -0.26582 1.24913 -0.0490987 0.972084 0.229438 -0.359164 0.283892 -0.206658 0.936321 -0.2536
172 0.960733 0.102724 -0.257759 1.25069 -0.0410767 0.971365 0.234013 -0.363817 0.274417 -0.214236 0.937443 -0.256211
173 0.966082 0.0929271 -0.240936 1.25289 -0.0324202 0.969272 0.243846 -0.374612 0.256192 -0.227764 0.939409 -0.256469
174 0.973423 0.0768637 -0.215729 1.24166 -0.0217776 0.968793 0.246913 -0.379648 0.227975 -0.235652 0.94472 -0.26145
175 0.977558 0.0680797 -0.199365 1.23126 -0.0155812 0.967117 0.253854 -0.384213 0.210091 -0.24505 0.946473 -0.269222
176 0.978544 0.0647219 -0.195607 1.23338 -0.0102905 0.963548 0.267337 -0.397299 0.20578 -0.259588 0.943541 -0.260164
177 0.980803 0.0580383 -0.186165 1.2222 -0.00536739 0.962355 0.271743 -0.402606 0.194928 -0.265527 0.944192 -0.26144
178 0.982557 0.0516968 -0.178633 1.20979 0.000342703 0.960078 0.279734 -0.409365 0.185963 -0.274915 0.943313 -0.262763
179 0.983529 0.0396602 -0.176347 1.20487 0.0132943 0.957116 0.289399 -0.416623 0.180263 -0.286976 0.940824 -0.254389
180 0.983542 0.0395608 -0.176295 1.20474 0.0133583 0.957142 0.289309 -0.416427 0.180185 -0.286903 0.940861 -0.254168
181 0.985397 0.0258642 -0.168298 1.19591 0.0254631 0.954899 0.295838 -0.420716 0.168359 -0.295804 0.940295 -0.247218
182 0.987569 0.012431 -0.156691 1.18188 0.0362841 0.951915 0.304206 -0.432479 0.152938 -0.30611 0.939631 -0.247048
183 0.988449 -0.00638968 -0.151416 1.17067 0.0534113 0.949693 0.308593 -0.441792 0.141827 -0.313116 0.939065 -0.245509
184 0.989157 -0.0211362 -0.145336 1.16083 0.0661253 0.947704 0.312224 -0.44836 0.131136 -0.318449 0.938826 -0.240549
185 0.990087 -0.0359924 -0.135763 1.14546 0.077929 0.94495 0.3178 -0.45644 0.116851 -0.32523 0.938388 -0.239652
186 0.989942 -0.055224 -0.130248 1.13749 0.0950658 0.941489 0.323359 -0.46679 0.10477 -0.332489 0.93727 -0.236897
187 0.989942 -0.0552245 -0.13025 1.1375 0.0950666 0.94149 0.323355 -0.466783 0.104772 -0.332486 0.937271 -0.236894
188 0.990248 -0.0699604 -0.120478 1.12206 0.106583 0.93733 0.331741 -0.472689 0.0897185 -0.341347 0.935646 -0.238185
189 0.989919 -0.0825667 -0.115076 1.10887 0.117581 0.932048 0.342725 -0.481297 0.0789583 -0.352801 0.932361 -0.236801
190 0.989577 -0.0955735 -0.107715 1.0993 0.128203 0.925362 0.356748 -0.49341 0.0655796 -0.36684 0.92797 -0.234288
191 0.989416 -0.108764 -0.0960556 1.08599 0.136807 0.919859 0.367619 -0.503105 0.0483739 -0.376869 0.925003 -0.238048
192 0.988648 -0.123588 -0.0854504 1.07458 0.146954 0.913864 0.378495 -0.509623 0.0313125 -0.386755 0.921651 -0.238474
193 0.987188 -0.141245 -0.0742285 1.05964 0.159102 0.906655 0.390722 -0.522257 0.0121119 -0.397526 0.917511 -0.242062
194 0.984978 -0.157781 -0.0701609 1.04924 0.172677 0.900302 0.399548 -0.53559 0.000124839 -0.405661 0.914023 -0.242604
195 0.984975 -0.15779 -0.0701916 1.04929 0.172698 0.900296 0.399552 -0.535604 0.000147806 -0.40567 0.914019 -0.242613
196 0.984071 -0.167072 -0.0607544 1.03288 0.177311 0.897722 0.403306 -0.542743 -0.0128406 -0.407654 0.913046 -0.250008
197 0.982377 -0.179262 -0.0529166 1.01804 0.184978 0.891869 0.412739 -0.554384 -0.0267935 -0.415254 0.909311 -0.252126
198 0.980587 -0.191618 -0.041612 1.00012 0.191531 0.89053 0.412641 -0.565464 -0.0420129 -0.412601 0.909943 -0.257246
199 0.977611 -0.208479 -0.0285212 0.983245 0.201676 0.889667 0.409657 -0.574384 -0.0600306 -0.406237 0.911794 -0.264033
200 0.973256 -0.229353 -0.0130629 0.96478 0.215101 0.88986 0.402345 -0.580375 -0.0806549 -0.394394 0.915395 -0.273785
201 0.968993 -0.247034 0.00512338 0.939472 0.224505 0.888904 0.399309 -0.582636 -0.103197 -0.385778 0.916802 -0.284687
202 0.965243 -0.260817 0.0167448 0.918291 0.232163 0.885096 0.403367 -0.58674 -0.120026 -0.38546 0.914885 -0.293044
203 0.961566 -0.273426 0.0250872 0.905296 0.239191 0.879014 0.412458 -0.594359 -0.134829 -0.390605 0.910631 -0.290656
204 0.95677 -0.288076 0.040039 0.883705 0.246237 0.875576 0.415613 -0.597162 -0.154785 -0.387787 0.90866 -0.29248
205 0.952924 -0.299246 0.0488665 0.862357 0.252127 0.871548 0.420519 -0.598904 -0.168428 -0.388402 0.905967 -0.295432
206 0.948131 -0.31312 0.0548057 0.843677 0.261368 0.86603 0.426238 -0.597725 -0.180927 -0.389805 0.902949 -0.291263
207 0.943264 -0.326373 0.0611043 0.81587 0.271187 0.863414 0.425411 -0.593907 -0.191601 -0.384704 0.902935 -0.29018
208 0.938589 -0.34012 0.0580354 0.799652 0.285337 0.859702 0.423668 -0.587332 -0.193991 -0.38109 0.903957 -0.285683
209 0.932653 -0.354902 0.0648353 0.78306 0.296925 0.857173 0.420822 -0.582789 -0.204925 -0.373229 0.904824 -0.281501
210 0.926914 -0.36753 0.0758378 0.764101 0.305231 0.855923 0.417408 -0.577429 -0.218322 -0.363754 0.905549 -0.280141
211 0.918521 -0.385284 0.088747 0.748075 0.317624 0.852736 0.414677 -0.570798 -0.235446 -0.352701 0.905631 -0.278127
212 0.909049 -0.402288 0.108598 0.726256 0.327683 0.851161 0.41006 -0.56465 -0.257397 -0.337179 0.90557 -0.274457
213 0.902318 -0.412964 0.12362 0.704692 0.333213 0.850122 0.407751 -0.559492 -0.273479 -0.32673 0.904686 -0.277339
214 0.895235 -0.423219 0.139429 0.692187 0.33938 0.850366 0.402119 -0.545563 -0.28875 -0.312671 0.904909 -0.266557
215 0.886195 -0.434744 0.160178 0.669157 0.346254 0.851164 0.394497 -0.542306 -0.307843 -0.294139 0.904829 -0.267688
216 0.876653 -0.449204 0.172324 0.646696 0.359768 0.849853 0.38512 -0.537053 -0.319447 -0.27562 0.906635 -0.266853
217 0.864133 -0.470346 0.17902 0.633245 0.384247 0.846343 0.368862 -0.527596 -0.325005 -0.249958 0.912082 -0.261
218 0.849189 -0.49314 0.188918 0.616605 0.411264 0.841974 0.349202 -0.521532 -0.33127 -0.218844 0.917806 -0.259459
219 0.838861 -0.507075 0.197959 0.597412 0.428961 0.83967 0.333086 -0.51168 -0.33512 -0.194496 0.921882 -0.257967
220 0.834799 -0.511823 0.20285 0.581193 0.435495 0.839296 0.325462 -0.496475 -0.33683 -0.183355 0.92354 -0.257741
221 0.833685 -0.51235 0.206072 0.571577 0.434472 0.838863 0.327939 -0.489212 -0.340886 -0.183865 0.921949 -0.251623
222 0.831102 -0.514598 0.210852 0.566072 0.43525 0.837903 0.329357 -0.480894 -0.34616 -0.181956 0.920361 -0.244891
223 0.823782 -0.520158 0.22543 0.560045 0.440944 0.83783 0.321883 -0.466678 -0.356302 -0.165759 0.91955 -0.241336
224 0.815912 -0.523028 0.246434 0.54707 0.442877 0.839368 0.315155 -0.458432 -0.371684 -0.147998 0.916487 -0.240156
225 0.811941 -0.519042 0.26711 0.535318 0.437009 0.843847 0.31136 -0.450777 -0.387009 -0.136077 0.91198 -0.241019
226 0.807612 -0.511252 0.29391 0.520201 0.426511 0.850575 0.307588 -0.4387 -0.407248 -0.123056 0.90499 -0.247942
227 0.797279 -0.509987 0.322891 0.5118 0.420746 0.853103 0.308525 -0.43021 -0.432804 -0.110126 0.894736 -0.241725
228 0.786951 -0.507755 0.350562 0.50238 0.41761 0.856555 0.303176 -0.421867 -0.454215 -0.092186 0.88611 -0.237713
229 0.77407 -0.51191 0.372512 0.488357 0.4227 0.855923 0.297861 -0.414936 -0.471319 -0.0731043 0.878928 -0.233667
230 0.765873 -0.512129 0.388796 0.47277 0.426736 0.857146 0.288438 -0.406069 -0.480973 -0.0549936 0.875009 -0.225826
231 0.760924 -0.513361 0.396806 0.461079 0.430839 0.85704 0.282596 -0.398762 -0.485153 -0.0440746 0.873318 -0.220868
232 0.75888 -0.513145 0.400978 0.452209 0.430702 0.857308 0.281991 -0.388027 -0.488464 -0.041295 0.871606 -0.208685
233 0.75692 -0.512882 0.404999 0.444119 0.429711 0.857524 0.282845 -0.376708 -0.492362 -0.0400589 0.869468 -0.193378
234 0.754161 -0.514405 0.408203 0.450786 0.430536 0.856681 0.284142 -0.366972 -0.495864 -0.0385429 0.867545 -0.178306
235 0.741132 -0.517023 0.428264 0.456692 0.437714 0.855805 0.275688 -0.352803 -0.509048 -0.0168642 0.860573 -0.157502
236 0.723187 -0.516091 0.458967 0.456492 0.44732 0.85633 0.258076 -0.343165 -0.526218 0.0186684 0.850145 -0.141134
237 0.70798 -0.507626 0.490999 0.430271 0.450621 0.860021 0.239385 -0.337267 -0.543787 0.0517739 0.837624 -0.138131
238 0.704436 -0.502537 0.501225 0.409028 0.450676 0.862251 0.231116 -0.328712 -0.548326 0.0630842 0.833882 -0.131823
239 0.70842 -0.501007 0.497125 0.401704 0.447799 0.863485 0.232099 -0.318211 -0.545543 0.0581885 0.83606 -0.119064
240 0.710323 -0.503259 0.492109 0.398792 0.446413 0.862644 0.237824 -0.309399 -0.544202 0.0507526 0.837418 -0.104514
241 0.712115 -0.503505 0.48926 0.401437 0.442377 0.862944 0.244192 -0.302058 -0.545156 0.0425451 0.837254 -0.0849095
242 0.712158 -0.503432 0.489272 0.401435 0.442291 0.862989 0.24419 -0.302091 -0.545169 0.0424984 0.837248 -0.0849739
243 0.710393 -0.501053 0.494254 0.401727 0.442078 0.864107 0.240594 -0.297813 -0.547639 0.0475822 0.835361 -0.0680077
244 0.714065 -0.489883 0.500125 0.388806 0.433255 0.870375 0.233961 -0.292788 -0.54991 0.0496177 0.833749 -0.0568187
245 0.719575 -0.485958 0.496041 0.380442 0.428618 0.872837 0.233326 -0.287856 -0.54635 0.0447168 0.836362 -0.0385204
246 0.730663 -0.478338 0.487159 0.372097 0.424887 0.877105 0.22396 -0.281909 -0.534418 0.0433484 0.844108 -0.0166721
247 0.730663 -0.478338 0.487159 0.372097 0.424887 0.877105 0.223959 -0.281908 -0.534418 0.0433493 0.844108 -0.0166716
248 0.740455 -0.474141 0.476358 0.374753 0.422953 0.879537 0.218001 -0.270594 -0.522338 0.0400577 0.851797 -0.00428075
249 0.744575 -0.470225 0.47381 0.37201 0.417639 0.881856 0.21888 -0.26484 -0.520755 0.0349091 0.852992 0.0118034
250 0.750501 -0.458843 0.475616 0.362515 0.406744 0.887932 0.214794 -0.261899 -0.520871 0.0322514 0.853026 0.0341965
251 0.760519 -0.447032 0.470929 0.357145 0.39651 0.894072 0.208365 -0.255122 -0.51419 0.0282623 0.857211 0.0469511
252 0.770775 -0.436331 0.464243 0.344599 0.384942 0.899572 0.206372 -0.253095 -0.507666 0.01964 0.86133 0.061541
253 0.787387 -0.424116 0.447379 0.329572 0.373369 0.905568 0.201349 -0.257533 -0.490528 0.00849811 0.871384 0.0801478
254 0.787396 -0.424137 0.447343 0.329596 0.373413 0.905558 0.201315 -0.257505 -0.49048 0.00852893 0.871411 0.0800774
255 0.81039 -0.407043 0.421407 0.323177 0.362416 0.913405 0.185325 -0.261938 -0.460351 0.00253888 0.887733 0.0915461
256 0.834984 -0.377418 0.400446 0.321885 0.342576 0.92603 0.158461 -0.262333 -0.430631 0.00487047 0.902515 0.100957
257 0.857045 -0.340167 0.38699 0.318169 0.311675 0.940357 0.136333 -0.265495 -0.410285 0.00377179 0.91195 0.100046
258 0.855983 -0.341222 0.388408 0.315525 0.31289 0.93997 0.136223 -0.265925 -0.411574 0.00492426 0.911363 0.100246
259 0.872495 -0.301818 0.384263 0.311319 0.279284 0.953338 0.114662 -0.268655 -0.400939 0.00727663 0.916076 0.102635
260 0.882571 -0.267995 0.386325 0.301058 0.249889 0.963362 0.0974086 -0.270094 -0.398276 0.0105686 0.917205 0.099546
261 0.890536 -0.239556 0.386729 0.294891 0.222 0.970867 0.0901859 -0.274381 -0.397067 0.00554022 0.917773 0.0996671
262 0.890536 -0.239553 0.386729 0.294886 0.221999 0.970867 0.0901817 -0.274379 -0.397066 0.00554344 0.917773 0.0996563
263 0.897064 -0.224146 0.380834 0.290222 0.210341 0.974504 0.0780976 -0.266056 -0.388629 0.0100465 0.921339 0.086736
264 0.901661 -0.214679 0.375393 0.287141 0.201727 0.976643 0.0739905 -0.269517 -0.382509 0.00901265 0.923908 0.0975619
265 0.904146 -0.21231 0.370735 0.283288 0.203102 0.97705 0.0642078 -0.272356 -0.375859 0.0172437 0.926516 0.103317
266 0.907902 -0.209034 0.363345 0.276552 0.204005 0.977554 0.0526371 -0.275369 -0.366192 0.0263348 0.930167 0.104617
267 0.907889 -0.208861 0.363477 0.276362 0.203718 0.977599 0.0529044 -0.275766 -0.366384 0.0260154 0.9301 0.104848
268 0.912987 -0.207133 0.351497 0.272531 0.205408 0.977747 0.0426419 -0.275121 -0.352508 0.0332689 0.935217 0.103478
269 0.919751 -0.196349 0.339862 0.272126 0.197209 0.979827 0.0323805 -0.282598 -0.339363 0.0372417 0.939918 0.110982
270 0.926257 -0.180388 0.330921 0.268873 0.18579 0.982467 0.01552 -0.285336 -0.327919 0.0471062 0.943531 0.112995
271 0.926199 -0.180167 0.331202 0.268426 0.185658 0.982496 0.0152688 -0.285065 -0.328156 0.0473484 0.943436 0.11274
272 0.930503 -0.167165 0.325915 0.261322 0.175299 0.984505 0.00447398 -0.287665 -0.321613 0.0529696 0.945388 0.113416
273 0.936027 -0.154849 0.316031 0.251047 0.164847 0.986307 -0.00497541 -0.295559 -0.310933 0.0567538 0.948736 0.115159
274 0.945543 -0.140063 0.293822 0.245504 0.152597 0.988085 -0.0200562 -0.299917 -0.287512 0.0638004 0.95565 0.11872
275 0.945662 -0.139544 0.293686 0.245614 0.151396 0.988311 -0.0178973 -0.302771 -0.287756 0.0613877 0.955734 0.118143
276 0.95403 -0.12474 0.272519 0.238481 0.138799 0.989775 -0.0328558 -0.307153 -0.265634 0.0691708 0.961589 0.117586
277 0.962391 -0.112768 0.247157 0.237328 0.127882 0.990725 -0.0459263 -0.308656 -0.239686 0.075806 0.967886 0.113224
278 0.967767 -0.101486 0.230495 0.230445 0.116578 0.991777 -0.0527946 -0.31258 -0.223241 0.0779636 0.97164 0.112756
279 0.967069 -0.102718 0.232866 0.228482 0.117557 0.991769 -0.0507299 -0.314596 -0.225738 0.0764344 0.971185 0.112916
280 0.971562 -0.0959121 0.216491 0.22489 0.111285 0.991979 -0.059945 -0.315287 -0.209005 0.0823324 0.974443 0.110455
281 0.9752 -0.0871028 0.203466 0.216124 0.102208 0.992642 -0.064933 -0.317252 -0.196313 0.0841185 0.976927 0.109588
282 0.979232 -0.0823812 0.185249 0.211613 0.0967515 0.992851 -0.0699057 -0.317776 -0.178166 0.0863771 0.980202 0.104963
283 0.97924 -0.0824192 0.18519 0.211666 0.0967966 0.992842 -0.0699712 -0.317703 -0.178097 0.0864444 0.980209 0.104895
284 0.982369 -0.0774904 0.170134 0.200594 0.090425 0.993466 -0.0696317 -0.321601 -0.163626 0.0837884 0.982958 0.102552
285 0.985623 -0.0739908 0.151895 0.192994 0.0855495 0.9938 -0.0710196 -0.322786 -0.145699 0.0829932 0.985842 0.101873
286 0.985631 -0.0740267 0.151825 0.193085 0.0855923 0.99379 -0.0711044 -0.322703 -0.145619 0.0830778 0.985846 0.101838
287 0.988909 -0.0684193 0.131823 0.184896 0.0781869 0.99445 -0.0703989 -0.325065 -0.126275 0.079925 0.98877 0.0993854
288 0.99194 -0.0651712 0.108666 0.179365 0.0730495 0.994857 -0.0701659 -0.325879 -0.103535 0.0775383 0.991599 0.0954268
289 0.991702 -0.0643316 0.111302 0.175801 0.0723662 0.994938 -0.0697182 -0.326465 -0.106254 0.0771942 0.991338 0.0975219
290 0.994065 -0.0600994 0.0906803 0.170486 0.0663776 0.995483 -0.0678847 -0.327478 -0.0861909 0.0735009 0.993564 0.0959105
291 0.995618 -0.0552359 0.0754552 0.166026 0.0602417 0.996015 -0.0657596 -0.327464 -0.0715223 0.070017 0.994978 0.0954993
292 0.995614 -0.0551422 0.075582 0.165882 0.0601458 0.996031 -0.0656058 -0.32755 -0.0716644 0.069864 0.994979 0.0954827
293 0.996865 -0.0508886 0.0605825 0.162726 0.0546727 0.996544 -0.0625354 -0.327199 -0.0571908 0.0656515 0.996202 0.0919288
294 0.998064 -0.0443808 0.0435643 0.162137 0.0469222 0.997145 -0.0591592 -0.329251 -0.0408144 0.0610888 0.997298 0.0903603
295 0.998095 -0.0439362 0.0433101 0.163515 0.0464285 0.997217 -0.0583261 -0.329393 -0.040627 0.0602259 0.997358 0.0919607
296 0.998905 -0.0368734 0.0288096 0.160453 0.0385126 0.99754 -0.0585802 -0.330579 -0.0265787 0.0596256 0.997867 0.0887468
297 0.99938 -0.0305783 0.0174457 0.155393 0.0315591 0.997757 -0.0590324 -0.329711 -0.0156014 0.0595464 0.998104 0.0844791
298 0.999383 -0.0301797 0.0179767 0.154494 0.0312041 0.997727 -0.0597308 -0.329065 -0.0161332 0.0602549 0.998053 0.0839622
299 0.999547 -0.0290266 0.00793105 0.148973 0.029446 0.997811 -0.0592147 -0.327611 -0.00619489 0.0594214 0.998214 0.0779238
300 0.999576 -0.0277388 0.00879733 0.147143 0.0282115 0.99785 -0.0591498 -0.327723 -0.00713767 0.059373 0.99821 0.0767966
301 0.999696 -0.0231691 -0.00848348 0.147565 0.0226355 0.998039 -0.0583598 -0.324314 0.00981899 0.05815 0.99826 0.0700713
302 0.999643 -0.0158144 -0.0215171 0.147578 0.0147329 0.998664 -0.0495241 -0.330627 0.0222715 0.0491894 0.998541 0.0666135
303 0.999757 -0.0158604 -0.0152801 0.141533 0.0151548 0.998861 -0.0452334 -0.334148 0.0159801 0.0449909 0.99886 0.0701079
304 0.99965 -0.0103943 -0.0243171 0.13792 0.00927706 0.998916 -0.0456141 -0.33431 0.0247649 0.0453725 0.998663 0.0632553
305 0.999344 -0.00650552 -0.0356162 0.129964 0.00496961 0.999061 -0.0430441 -0.333494 0.0358628 0.0428388 0.998438 0.0506904
306 0.999359 -0.00628587 -0.0352401 0.129713 0.00477302 0.99907 -0.0428509 -0.333492 0.0354767 0.0426552 0.99846 0.051264
307 0.998798 0.00123911 -0.0489992 0.128114 -0.00301101 0.999343 -0.0361046 -0.335702 0.0489223 0.0362087 0.998146 0.0465079
308 0.998804 0.00114844 -0.0488701 0.12802 -0.00287993 0.99937 -0.0353748 -0.336439 0.0487987 0.0354732 0.998179 0.0466313
309 0.998326 0.00726427 -0.0573816 0.123961 -0.00926172 0.999358 -0.0346211 -0.337436 0.0570932 0.0350946 0.997752 0.0420477
310 0.998352 0.00729644 -0.0569246 0.123543 -0.00926451 0.999366 -0.0343865 -0.337658 0.0566376 0.0348572 0.997786 0.0423332
311 0.997269 0.0131778 -0.0726695 0.12415 -0.0159341 0.99917 -0.0374821 -0.335781 0.0721152 0.0385377 0.996652 0.0308964
312 0.996277 0.0139566 -0.0850687 0.117721 -0.0172755 0.999113 -0.0384046 -0.336003 0.0844572 0.0397313 0.995635 0.0221789
313 0.996272 0.013939 -0.0851361 0.117778 -0.0172588 0.999114 -0.0383834 -0.336015 0.0845257 0.0397097 0.99563 0.0222496
314 0.994061 0.0159206 -0.10765 0.116699 -0.0199544 0.999134 -0.0364993 -0.336709 0.106976 0.0384306 0.993519 0.00910829
315 0.991844 0.0197418 -0.125918 0.109898 -0.0244614 0.999051 -0.0360464 -0.336373 0.125087 0.0388326 0.991386 0.0032344
316 0.991729 0.0199574 -0.12679 0.110847 -0.0247507 0.999033 -0.0363427 -0.336105 0.125942 0.0391803 0.991264 0.00462986
317 0.989061 0.0227596 -0.145738 0.107818 -0.0283069 0.998947 -0.0361036 -0.334665 0.144763 0.039834 0.988664 -0.00592375
318 0.986527 0.0270606 -0.161348 0.102875 -0.0327407 0.99893 -0.0326491 -0.332813 0.160292 0.0374919 0.986357 -0.0137517
319 0.986502 0.0271051 -0.161489 0.102932 -0.0327641 0.998935 -0.0324825 -0.332896 0.160436 0.0373351 0.98634 -0.0132877
320 0.982682 0.036223 -0.181727 0.0997573 -0.0416876 0.998783 -0.0263401 -0.33348 0.180552 0.0334597 0.982996 -0.0200483
321 0.982529 0.0365318 -0.18249 0.100319 -0.0419846 0.998777 -0.0261056 -0.333526 0.181313 0.0333112 0.982861 -0.0188941
322 0.97878 0.0448883 -0.199939 0.0955513 -0.0502092 0.998505 -0.0216193 -0.333182 0.19867 0.0311994 0.97957 -0.0260669
323 0.976102 0.0530048 -0.210752 0.0851845 -0.057571 0.99822 -0.0155853 -0.332533 0.20955 0.027346 0.977415 -0.0348313
324 0.976104 0.0530326 -0.210731 0.0851298 -0.0576281 0.998214 -0.0157221 -0.332379 0.209521 0.0274905 0.977418 -0.0347417
325 0.971651 0.0601609 -0.228636 0.0813485 -0.0639703 0.997909 -0.00927978 -0.332411 0.227599 0.0236426 0.973468 -0.0418898
326 0.966287 0.066626 -0.248698 0.0772579 -0.0693974 0.997586 -0.00238275 -0.33105 0.247939 0.0195614 0.968578 -0.0517138
327 0.968343 0.067543 -0.240311 0.0676171 -0.0703753 0.997515 -0.0032135 -0.329532 0.239497 0.0200237 0.970691 -0.0492318
328 0.962716 0.0784009 -0.258905 0.0618695 -0.0802278 0.99677 0.00351929 -0.326766 0.258345 0.0173833 0.965896 -0.0567331
329 0.961164 0.0855101 -0.262397 0.0465288 -0.086298 0.996233 0.00854222 -0.324131 0.262139 0.0144339 0.964922 -0.0632345
330 0.961143 0.0855092 -0.262474 0.0466747 -0.0862505 0.996235 0.0087181 -0.324337 0.262232 0.0142592 0.9649 -0.0634067
331 0.958084 0.0902135 -0.271914 0.0369992 -0.090099 0.995849 0.0129327 -0.318879 0.271952 0.0121086 0.962235 -0.0708894
332 0.952831 0.0987871 -0.286974 0.0322859 -0.0957526 0.9951 0.024626 -0.319706 0.288 0.00401404 0.957622 -0.0804887
333 0.953574 0.107768 -0.281218 0.00799428 -0.105518 0.994147 0.0231758 -0.31038 0.28207 0.00757382 0.959364 -0.0815236
334 0.953573 0.107768 -0.281218 0.00799436 -0.105518 0.994147 0.0231757 -0.31038 0.28207 0.0075739 0.959364 -0.0815235
335 0.950301 0.11522 -0.289228 0.000518779 -0.111478 0.993331 0.0294354 -0.308028 0.29069 0.00427001 0.956808 -0.088902
336 0.947354 0.123461 -0.29543 -0.00942304 -0.118264 0.992349 0.0354669 -0.302598 0.297548 0.00133896 0.954706 -0.0968256
337 0.948613 0.127738 -0.289509 -0.0327633 -0.121411 0.991805 0.0397889 -0.296859 0.292219 -0.00259473 0.956348 -0.101711
338 0.948603 0.12774 -0.289542 -0.0326561 -0.121337 0.991804 0.0400344 -0.297109 0.292283 -0.00284445 0.956328 -0.101853
339 0.945744 0.129271 -0.298088 -0.0431276 -0.121502 0.991592 0.044533 -0.291956 0.301339 -0.00589847 0.953499 -0.108551
340 0.944748 0.129474 -0.301144 -0.0624048 -0.120665 0.991544 0.0477534 -0.283372 0.304781 -0.00877721 0.952382 -0.115692
341 0.944725 0.129508 -0.301201 -0.062312 -0.120631 0.991538 0.0479703 -0.283585 0.304864 -0.0089845 0.952353 -0.115765
342 0.94186 0.127343 -0.310938 -0.0740672 -0.117187 0.991789 0.0512131 -0.276495 0.314907 -0.0117977 0.949049 -0.122996
343 0.939916 0.129021 -0.316089 -0.0927538 -0.118094 0.991556 0.0535693 -0.265869 0.320331 -0.0130224 0.947216 -0.130814
344 0.9384 0.132658 -0.319072 -0.105864 -0.121668 0.991088 0.0542261 -0.258692 0.323422 -0.012065 0.946178 -0.137133
345 0.939615 0.131871 -0.315808 -0.109729 -0.12109 0.991193 0.0536114 -0.257671 0.320096 -0.0121328 0.947307 -0.136094
346 0.939574 0.128283 -0.317402 -0.121023 -0.117126 0.991644 0.0540723 -0.251776 0.321687 -0.0136287 0.946748 -0.144738
