17 0.999755 0.00701657 -0.0210095 0.00146638 -0.00760655 0.999575 -0.0281345 0.0170185 0.0208032 0.0282874 0.999383 0.00710184
18 0.999718 0.00645915 -0.0228511 0.00164091 -0.00715785 0.999505 -0.0306282 0.0181129 0.0226419 0.0307831 0.99927 0.00747468
19 0.999657 0.00669047 -0.0253134 0.00239691 -0.00747597 0.999489 -0.031065 0.0180699 0.0250926 0.0312436 0.999197 0.00765338
20 0.999624 0.00535593 -0.0268918 0.0019615 -0.00627998 0.999389 -0.0343958 0.0209465 0.0266912 0.0345517 0.999046 0.00915441
21 0.999524 0.0069043 -0.0300747 0.00335169 -0.00797989 0.999327 -0.035792 0.0211377 0.0298074 0.036015 0.998907 0.00890788
22 0.99939 0.00967031 -0.0335489 0.00521682 -0.0108416 0.999332 -0.0349097 0.0212866 0.0331889 0.0352521 0.998827 0.00853096
23 0.999341 0.0112964 -0.0345002 0.00454106 -0.0125325 0.999279 -0.035826 0.0226671 0.0340706 0.0362348 0.998762 0.0100861
24 0.999218 0.0123366 -0.0375537 0.00577555 -0.0136321 0.999314 -0.0344393 0.022734 0.0371031 0.0349243 0.998701 0.009612
25 0.999129 0.0115591 -0.0401012 0.00532004 -0.0129753 0.999295 -0.0352381 0.0249511 0.0396656 0.0357277 0.998574 0.011072
26 0.998919 0.0131848 -0.0445858 0.00691354 -0.0146339 0.99937 -0.0323339 0.0237381 0.0441314 0.0329514 0.998482 0.0110975
27 0.998778 0.011316 -0.0481076 0.00748523 -0.0128561 0.999411 -0.0318248 0.0259419 0.0477191 0.0324044 0.998335 0.0119821
28 0.998616 0.00977412 -0.0516725 0.00765266 -0.0114581 0.99941 -0.0323937 0.0279519 0.0513254 0.0329409 0.998139 0.0140216
29 0.99838 0.00992493 -0.0560212 0.008506 -0.0117503 0.999408 -0.0323485 0.0292117 0.0556669 0.0329544 0.997905 0.0151837
30 0.998102 0.0116257 -0.0604819 0.0101235 -0.0135297 0.999423 -0.0311658 0.0294732 0.0600847 0.0319249 0.997683 0.0148488
31 0.997731 0.0120063 -0.0662544 0.0148663 -0.0137732 0.99956 -0.0262768 0.028658 0.0659097 0.0271297 0.997457 0.0138168
32 0.997478 0.00898812 -0.0704041 0.0154335 -0.0109389 0.999565 -0.0273719 0.0316213 0.0701275 0.028073 0.997143 0.0162533
33 0.996898 0.0111121 -0.0779151 0.0187197 -0.0130424 0.999619 -0.0243091 0.0307962 0.0776154 0.0252499 0.996664 0.0163127
34 0.996424 0.0142803 -0.0832805 0.022119 -0.0160113 0.999669 -0.0201537 0.0315372 0.0829651 0.0214151 0.996322 0.0156485
35 0.996415 0.017118 -0.0828518 0.0214991 -0.0189891 0.999581 -0.0218486 0.0367345 0.0824431 0.0233436 0.996322 0.0182743
36 0.996398 0.0224181 -0.0817815 0.0224813 -0.0243141 0.999456 -0.0222626 0.037804 0.081238 0.0241709 0.996402 0.0195656
37 0.996248 0.0253317 -0.0827507 0.0246951 -0.0270621 0.999437 -0.0198572 0.0370167 0.0822011 0.0220221 0.996372 0.0206913
38 0.99587 0.0256891 -0.0870787 0.0276207 -0.0270256 0.999534 -0.0142032 0.0366772 0.0866732 0.0164979 0.9961 0.0223469
39 0.995679 0.0161693 -0.0914468 0.0260339 -0.0180259 0.999647 -0.0195137 0.0461603 0.091099 0.0210778 0.995619 0.0264025
40 0.995445 0.00853315 -0.0949544 0.022612 -0.0115147 0.999456 -0.0308967 0.0512744 0.0946392 0.0318493 0.995002 0.0322094
41 0.994033 0.0200191 -0.107222 0.0365974 -0.022573 0.999488 -0.0226574 0.0421764 0.106714 0.0249425 0.993977 0.0233294
42 0.993049 0.0244537 -0.115137 0.0465915 -0.026603 0.999499 -0.0171683 0.0427875 0.11466 0.0201119 0.993201 0.0182565
43 0.993607 0.0193732 -0.111221 0.0385899 -0.0224493 0.999397 -0.0264718 0.0541939 0.110642 0.0287995 0.993443 0.0294534
44 0.993343 0.019773 -0.113486 0.0390373 -0.0241481 0.999012 -0.0373075 0.0572592 0.112636 0.0397996 0.992839 0.0320623
45 0.992359 0.0240007 -0.12103 0.0468755 -0.0291238 0.998745 -0.0407394 0.0583083 0.1199 0.043953 0.991813 0.0281861
46 0.991991 0.0226124 -0.124264 0.0463011 -0.0288474 0.998401 -0.0486073 0.064075 0.122966 0.0518027 0.991058 0.0327368
47 0.990391 0.029113 -0.135197 0.0570366 -0.035584 0.998321 -0.0456958 0.0597238 0.13364 0.0500675 0.989764 0.0288953
48 0.98904 0.0289949 -0.144772 0.0625543 -0.0364929 0.998112 -0.0494069 0.0626797 0.143066 0.0541485 0.988231 0.0292824
49 0.988107 0.0281437 -0.15117 0.0640165 -0.0369657 0.997754 -0.0558685 0.0679216 0.149258 0.0607922 0.986928 0.0333372
50 0.987436 0.0256472 -0.155926 0.065552 -0.0365488 0.997053 -0.0674546 0.0740441 0.153737 0.072306 0.985463 0.0383089
51 0.985024 0.0328706 -0.169255 0.0782703 -0.0451517 0.996578 -0.0692289 0.0711707 0.1664 0.0758342 0.983138 0.0353159
52 0.982446 0.0308179 -0.183985 0.088854 -0.0446911 0.996422 -0.0717389 0.0737905 0.181116 0.0787021 0.980308 0.0339107
53 0.980039 0.0253756 -0.19718 0.0930757 -0.041611 0.996035 -0.0786362 0.0820349 0.194403 0.0852714 0.977208 0.0390071
54 0.976087 0.0376349 -0.2141 0.105029 -0.0542607 0.995905 -0.0723138 0.0749113 0.210501 0.0822017 0.974131 0.0404857
55 0.972732 0.0386082 -0.228695 0.11558 -0.0570565 0.995579 -0.0746111 0.07984 0.224803 0.0856252 0.970635 0.0417653
56 0.96935 0.0370898 -0.242867 0.122192 -0.058111 0.995102 -0.0799689 0.0868469 0.238712 0.0916312 0.966758 0.046673
57 0.963895 0.0489428 -0.261745 0.134811 -0.0703181 0.994855 -0.0729269 0.0802786 0.256829 0.0886993 0.962378 0.0503142
58 0.95838 0.0523096 -0.280662 0.146668 -0.075118 0.994635 -0.0711267 0.0826257 0.275436 0.0892492 0.957167 0.0526842
59 0.953866 0.0572656 -0.294719 0.15165 -0.0812268 0.994255 -0.0697033 0.0846115 0.289035 0.0904267 0.953038 0.0583246
60 0.949191 0.0574177 -0.309419 0.15805 -0.0836002 0.993893 -0.0720238 0.0880694 0.303394 0.0942318 0.948194 0.0633746
61 0.942946 0.0597315 -0.327544 0.168611 -0.0882262 0.993435 -0.0728245 0.0911854 0.321043 0.0975675 0.942025 0.0666271
62 0.935941 0.0697751 -0.345175 0.179155 -0.0980064 0.993061 -0.0650029 0.0889776 0.338244 0.0946682 0.936285 0.0689379
63 0.930424 0.0706753 -0.359606 0.186115 -0.100243 0.992888 -0.0642254 0.0949005 0.352509 0.0958048 0.930891 0.0735701
64 0.924761 0.0731901 -0.373445 0.192172 -0.104941 0.992327 -0.0653835 0.0995756 0.365794 0.0996539 0.925345 0.0791191
65 0.916606 0.0788126 -0.391946 0.203919 -0.113859 0.991238 -0.0669536 0.103945 0.383235 0.105997 0.917549 0.0841967
66 0.909942 0.0812593 -0.406698 0.211111 -0.118996 0.990541 -0.0683268 0.107047 0.397298 0.110569 0.911004 0.0892597
67 0.901889 0.0847255 -0.423577 0.220525 -0.125478 0.989679 -0.069211 0.110986 0.413342 0.11557 0.903212 0.09305
68 0.892686 0.0898276 -0.441636 0.231747 -0.1343 0.988436 -0.0704173 0.116151 0.430203 0.122172 0.894427 0.0960244
69 0.885177 0.0918979 -0.456088 0.239151 -0.13911 0.987731 -0.0709647 0.120252 0.443971 0.126263 0.8871 0.100365
70 0.877102 0.0899978 -0.471797 0.245684 -0.140511 0.987394 -0.0728684 0.124324 0.459292 0.130206 0.878691 0.105473
71 0.866779 0.096338 -0.489298 0.256386 -0.150106 0.986062 -0.0717635 0.127424 0.475565 0.13565 0.869159 0.108531
72 0.861577 0.101926 -0.497288 0.260485 -0.158323 0.984724 -0.0724695 0.130022 0.482305 0.14117 0.864554 0.111877
73 0.854728 0.104844 -0.508377 0.269539 -0.163941 0.983784 -0.0727431 0.133204 0.492507 0.145519 0.858057 0.115986
74 0.846476 0.10316 -0.522338 0.278004 -0.165418 0.983455 -0.0738396 0.137458 0.506079 0.148908 0.849536 0.120563
75 0.841741 0.0961955 -0.531243 0.279373 -0.163297 0.983272 -0.0806925 0.143826 0.514594 0.154673 0.843368 0.124296
76 0.834197 0.0970475 -0.542861 0.286753 -0.164791 0.983283 -0.0774468 0.141427 0.52627 0.154064 0.836244 0.126368
77 0.8317 0.0940342 -0.547205 0.285868 -0.164427 0.983059 -0.0809806 0.144304 0.53032 0.157327 0.833072 0.12922
78 0.828873 0.0909999 -0.551986 0.287113 -0.166752 0.982019 -0.0885037 0.147065 0.534007 0.165403 0.829143 0.131962
79 0.822751 0.0888736 -0.561411 0.295686 -0.170183 0.980907 -0.0941226 0.149634 0.542327 0.172982 0.822167 0.134262
80 0.818029 0.0841377 -0.56899 0.299511 -0.169901 0.980447 -0.099283 0.152496 0.549511 0.177888 0.816329 0.136728
81 0.812947 0.0788129 -0.57698 0.302698 -0.171507 0.979258 -0.107886 0.156993 0.556509 0.186662 0.809602 0.14029
82 0.810029 0.0771085 -0.581298 0.304375 -0.174915 0.97796 -0.114015 0.157522 0.559695 0.194033 0.805663 0.141638
83 0.807104 0.0739398 -0.585762 0.306755 -0.177627 0.976572 -0.121475 0.16062 0.563057 0.20209 0.801328 0.143504
84 0.80474 0.0726449 -0.589166 0.307722 -0.18124 0.975163 -0.127316 0.161669 0.565284 0.209237 0.797918 0.144548
85 0.800352 0.0690779 -0.595537 0.31128 -0.182813 0.974152 -0.132692 0.16417 0.570977 0.215072 0.792293 0.14719
86 0.795062 0.0644002 -0.6031 0.312923 -0.183993 0.9731 -0.138647 0.166538 0.577948 0.221199 0.785524 0.15236
87 0.791189 0.0639246 -0.608221 0.313086 -0.188006 0.971786 -0.142427 0.167722 0.581956 0.227036 0.780885 0.154346
88 0.790344 0.0660584 -0.609091 0.311009 -0.19294 0.970421 -0.145109 0.168142 0.581489 0.232205 0.779712 0.155536
89 0.78737 0.06774 -0.612748 0.312416 -0.199555 0.968436 -0.149363 0.170804 0.583289 0.239881 0.776035 0.159032
90 0.781791 0.0686236 -0.619753 0.317186 -0.206811 0.966201 -0.153898 0.174298 0.588245 0.248487 0.76956 0.16339
91 0.777116 0.0651984 -0.625971 0.318871 -0.210227 0.964381 -0.160543 0.177293 0.593208 0.256357 0.763142 0.167685
92 0.774719 0.0632213 -0.629138 0.315344 -0.211551 0.963564 -0.163676 0.176334 0.595867 0.259898 0.759866 0.169855
93 0.769453 0.060946 -0.635789 0.317088 -0.214134 0.962441 -0.166894 0.177605 0.601738 0.264562 0.753604 0.172919
94 0.762744 0.0570419 -0.64418 0.319443 -0.215637 0.961529 -0.170183 0.180321 0.60969 0.268716 0.745701 0.177519
95 0.754464 0.050854 -0.654368 0.320508 -0.217027 0.960242 -0.1756 0.184991 0.619421 0.2745 0.735505 0.183304
96 0.751299 0.0461199 -0.658348 0.316836 -0.218499 0.958679 -0.182189 0.18827 0.622742 0.280727 0.730332 0.187722
97 0.745597 0.0456087 -0.664834 0.319738 -0.224529 0.956515 -0.186186 0.190589 0.627433 0.288094 0.723416 0.19126
98 0.739573 0.0386932 -0.671963 0.319679 -0.225886 0.954714 -0.193639 0.195564 0.63404 0.294998 0.714821 0.198171
99 0.732863 0.024756 -0.679926 0.319067 -0.224327 0.952249 -0.207121 0.20109 0.642331 0.304317 0.703421 0.203936
100 0.726078 0.0146036 -0.687457 0.319915 -0.222967 0.950754 -0.215296 0.203562 0.650458 0.309602 0.693578 0.209224
101 0.721576 0.00660331 -0.692304 0.319446 -0.224966 0.947929 -0.225436 0.208719 0.654766 0.318414 0.685488 0.214566
102 0.718167 -0.00243718 -0.695867 0.319419 -0.226778 0.944582 -0.237354 0.212566 0.657882 0.328267 0.677814 0.219193
103 0.713467 -0.00724715 -0.700651 0.322535 -0.233705 0.940226 -0.247705 0.214116 0.660565 0.340475 0.669127 0.223816
104 0.712148 -0.00900347 -0.701972 0.323214 -0.239209 0.936968 -0.254694 0.214123 0.660019 0.349298 0.665106 0.228128
105 0.7091 -0.0149516 -0.704949 0.32246 -0.242235 0.93376 -0.263466 0.216128 0.662192 0.357587 0.658508 0.233837
106 0.702611 -0.0215255 -0.711249 0.324085 -0.247067 0.929978 -0.272212 0.217958 0.667305 0.366985 0.648094 0.238778
107 0.698276 -0.0257691 -0.715365 0.324733 -0.251058 0.927056 -0.278456 0.220496 0.670358 0.374037 0.640871 0.243085
108 0.695229 -0.0331422 -0.718024 0.322186 -0.25191 0.924345 -0.286578 0.22182 0.6732 0.380115 0.634282 0.248891
109 0.689495 -0.0381678 -0.723284 0.323106 -0.254774 0.92201 -0.291526 0.22173 0.678002 0.38528 0.625997 0.253647
110 0.682106 -0.0425357 -0.730015 0.322822 -0.258043 0.920084 -0.294718 0.222639 0.684211 0.389404 0.616619 0.259748
111 0.677447 -0.0461413 -0.734123 0.322389 -0.266347 0.914918 -0.303289 0.226452 0.685656 0.400994 0.607519 0.264492
112 0.679233 -0.0497329 -0.732235 0.320063 -0.271822 0.909703 -0.313932 0.228761 0.68173 0.412271 0.604382 0.268681
113 0.676854 -0.0533783 -0.734179 0.320832 -0.275141 0.906733 -0.319582 0.227608 0.682763 0.418313 0.599039 0.272953
114 0.668166 -0.0623814 -0.741393 0.320698 -0.275359 0.904987 -0.324308 0.227395 0.691182 0.420841 0.587504 0.278705
115 0.658707 -0.0720347 -0.748943 0.321756 -0.277182 0.902165 -0.330558 0.228632 0.699482 0.425334 0.574296 0.282867
116 0.655863 -0.0734958 -0.751294 0.319815 -0.284427 0.897841 -0.33613 0.230104 0.699246 0.434144 0.567956 0.285762
117 0.653079 -0.0692549 -0.754116 0.32005 -0.291903 0.895838 -0.335063 0.229077 0.698771 0.438951 0.564837 0.288579
118 0.648612 -0.0670193 -0.758163 0.318796 -0.302754 0.891202 -0.337786 0.231001 0.698315 0.448629 0.557753 0.294866
119 0.645904 -0.0678248 -0.7604 0.318039 -0.312468 0.885304 -0.344385 0.233239 0.696543 0.46004 0.550628 0.298601
120 0.645826 -0.0650875 -0.760705 0.317075 -0.319206 0.882079 -0.346473 0.232216 0.693553 0.466583 0.548894 0.299701
121 0.640437 -0.0658037 -0.765187 0.319366 -0.322162 0.88141 -0.345438 0.231396 0.697174 0.467746 0.543288 0.303382
122 0.631749 -0.0701051 -0.771996 0.316557 -0.324296 0.88066 -0.345355 0.229681 0.704077 0.468533 0.533621 0.308221
123 0.625504 -0.073501 -0.776751 0.316046 -0.328862 0.877959 -0.347905 0.232031 0.707526 0.47306 0.524995 0.311014
124 0.62299 -0.0737257 -0.778748 0.314663 -0.335796 0.873945 -0.351371 0.23416 0.706488 0.480401 0.519702 0.315004
125 0.619722 -0.0727954 -0.781438 0.314877 -0.345549 0.868676 -0.354961 0.234377 0.704656 0.490002 0.513184 0.319481
126 0.616325 -0.0739347 -0.784014 0.315086 -0.352701 0.864228 -0.358763 0.234754 0.704092 0.497637 0.506568 0.322812
127 0.610069 -0.076054 -0.78869 0.313426 -0.363827 0.857356 -0.364104 0.23592 0.703879 0.509075 0.495376 0.328219
128 0.608328 -0.0802255 -0.789621 0.310911 -0.367267 0.853502 -0.36966 0.237393 0.703599 0.514876 0.489745 0.332098
129 0.605921 -0.0882315 -0.790616 0.311058 -0.372527 0.84666 -0.379987 0.238691 0.70291 0.524768 0.480141 0.337055
130 0.602059 -0.0919332 -0.793141 0.314251 -0.376086 0.843605 -0.383262 0.238094 0.704333 0.529035 0.473325 0.340614
131 0.600191 -0.0950977 -0.794184 0.311534 -0.3779 0.841387 -0.386341 0.237433 0.704956 0.532 0.469055 0.341252
132 0.598475 -0.102355 -0.794576 0.31041 -0.3838 0.833955 -0.396506 0.23994 0.703225 0.542257 0.459817 0.345681
133 0.60189 -0.104425 -0.791722 0.31178 -0.39141 0.825588 -0.406452 0.242797 0.69608 0.554527 0.45604 0.348135
134 0.601539 -0.10574 -0.791815 0.31282 -0.395306 0.821932 -0.410074 0.241262 0.694179 0.559685 0.452624 0.35282
135 0.599426 -0.109301 -0.792932 0.31181 -0.398339 0.818515 -0.413956 0.239363 0.694272 0.563992 0.4471 0.357194
136 0.601221 -0.116791 -0.790502 0.31064 -0.400524 0.811977 -0.424586 0.243025 0.691457 0.571885 0.4414 0.360391
137 0.602451 -0.120202 -0.789052 0.312069 -0.404357 0.806375 -0.431573 0.243658 0.688148 0.579061 0.437197 0.363936
138 0.601444 -0.123515 -0.789309 0.312214 -0.405486 0.804071 -0.4348 0.242237 0.688365 0.581562 0.43352 0.368308
139 0.598606 -0.133169 -0.789897 0.310218 -0.404018 0.801283 -0.441265 0.240895 0.691694 0.583276 0.42585 0.37327
140 0.601709 -0.144102 -0.785609 0.310165 -0.40465 0.79302 -0.455388 0.245664 0.688626 0.591908 0.418856 0.376217
141 0.608767 -0.150617 -0.778921 0.309614 -0.403988 0.786132 -0.467749 0.24932 0.682786 0.599425 0.417724 0.378084
142 0.614601 -0.157659 -0.772923 0.309195 -0.401212 0.78115 -0.478366 0.24987 0.679187 0.60411 0.416841 0.38048
143 0.61727 -0.164117 -0.769444 0.309787 -0.399367 0.777268 -0.486169 0.250029 0.677853 0.607388 0.414241 0.383954
144 0.621318 -0.169082 -0.765098 0.309439 -0.397518 0.773435 -0.493739 0.25146 0.675236 0.610909 0.413336 0.385756
145 0.637703 -0.180781 -0.748768 0.309403 -0.390881 0.761665 -0.516796 0.258158 0.663738 0.622241 0.415052 0.389045
146 0.646858 -0.181305 -0.740745 0.307267 -0.386837 0.759079 -0.523599 0.258218 0.657215 0.625242 0.420881 0.389091
147 0.653719 -0.184744 -0.73384 0.306382 -0.384394 0.754248 -0.532308 0.259619 0.651838 0.630064 0.422051 0.391318
148 0.66377 -0.188757 -0.723727 0.306147 -0.379051 0.749266 -0.543066 0.262219 0.644772 0.6348 0.425792 0.39196
149 0.672223 -0.193922 -0.7145 0.305255 -0.371693 0.746243 -0.552237 0.262275 0.640282 0.636801 0.429562 0.393105
150 0.681596 -0.199727 -0.703944 0.30598 -0.36284 0.743171 -0.562178 0.265478 0.635433 0.638597 0.434073 0.39257
151 0.693851 -0.201632 -0.691315 0.302851 -0.352498 0.742025 -0.570214 0.266916 0.627946 0.63933 0.44378 0.391113
152 0.703199 -0.205517 -0.680642 0.300818 -0.343845 0.739616 -0.578566 0.266122 0.622319 0.640883 0.449432 0.392834
153 0.712189 -0.209593 -0.669968 0.30113 -0.335249 0.736968 -0.58693 0.267784 0.616761 0.642611 0.454594 0.39152
154 0.720051 -0.214363 -0.659981 0.300775 -0.324616 0.73655 -0.593395 0.269969 0.613312 0.641515 0.460768 0.390499
155 0.727684 -0.217674 -0.650456 0.300285 -0.316043 0.735241 -0.599614 0.271071 0.608763 0.641902 0.466229 0.390642
156 0.739939 -0.216758 -0.636793 0.297902 -0.305743 0.734852 -0.605403 0.274258 0.599175 0.642657 0.477474 0.384546
157 0.74755 -0.217252 -0.627671 0.297362 -0.297572 0.735307 -0.608913 0.275442 0.593818 0.64197 0.48503 0.384191
158 0.755671 -0.21694 -0.617979 0.296999 -0.28992 0.735274 -0.612633 0.276745 0.587288 0.642114 0.49273 0.383743
159 0.763863 -0.217586 -0.607594 0.296091 -0.280615 0.735824 -0.616294 0.27673 0.581179 0.641264 0.50101 0.383436
160 0.766608 -0.22199 -0.602521 0.295551 -0.270886 0.738945 -0.616912 0.274094 0.582179 0.636145 0.506347 0.384011
161 0.768282 -0.229476 -0.597564 0.294758 -0.26239 0.738598 -0.620987 0.274858 0.583861 0.633888 0.50724 0.384395
162 0.782273 -0.233903 -0.577355 0.29514 -0.246002 0.7355 -0.631286 0.279598 0.572304 0.635869 0.517821 0.381909
163 0.79028 -0.235289 -0.565771 0.294492 -0.236343 0.734841 -0.635729 0.27946 0.565331 0.63612 0.525121 0.378884
164 0.79601 -0.240727 -0.555354 0.294433 -0.22435 0.734816 -0.640088 0.280464 0.562169 0.63411 0.530914 0.377683
165 0.800947 -0.24586 -0.545928 0.294485 -0.213283 0.734829 -0.643846 0.281511 0.559459 0.632123 0.536121 0.376709
166 0.80736 -0.247491 -0.535647 0.294885 -0.202498 0.73644 -0.645484 0.283406 0.554224 0.629606 0.544456 0.374272
167 0.813067 -0.248411 -0.526512 0.294035 -0.19341 0.737767 -0.646755 0.282848 0.549104 0.627688 0.551808 0.375105
168 0.817629 -0.251958 -0.517688 0.293425 -0.185074 0.73642 -0.650718 0.283113 0.545189 0.627856 0.555487 0.375644
169 0.821979 -0.259069 -0.507182 0.293774 -0.172219 0.735785 -0.654952 0.286361 0.542854 0.625703 0.560183 0.374936
170 0.827931 -0.260176 -0.496828 0.293439 -0.161949 0.73723 -0.655945 0.287133 0.536938 0.623538 0.568241 0.374338
171 0.832799 -0.261643 -0.487842 0.292834 -0.153856 0.737137 -0.657995 0.28661 0.531766 0.623035 0.573631 0.375019
172 0.836592 -0.270058 -0.476638 0.292399 -0.139849 0.735945 -0.66244 0.28683 0.529676 0.620849 0.577919 0.374796
173 0.839824 -0.275904 -0.467517 0.292409 -0.129129 0.734963 -0.665698 0.287836 0.527276 0.61944 0.581613 0.373705
174 0.843824 -0.281099 -0.457103 0.292029 -0.117017 0.734932 -0.667969 0.289761 0.523705 0.617137 0.58726 0.372075
175 0.846306 -0.285645 -0.449636 0.291861 -0.107521 0.735105 -0.669373 0.288235 0.521732 0.61484 0.591411 0.374317
176 0.851703 -0.286556 -0.438735 0.291578 -0.0989364 0.734249 -0.671632 0.289201 0.514601 0.615438 0.597011 0.373413
177 0.857368 -0.286924 -0.427311 0.291408 -0.0889356 0.735136 -0.67206 0.289781 0.506963 0.614206 0.604764 0.372483
178 0.861825 -0.287893 -0.417583 0.291322 -0.0793007 0.736693 -0.671561 0.290144 0.500968 0.611883 0.612071 0.371923
179 0.86441 -0.292171 -0.409184 0.291006 -0.0684529 0.737864 -0.671469 0.290237 0.498106 0.608434 0.617817 0.371806
180 0.866972 -0.29878 -0.39886 0.290603 -0.054475 0.738739 -0.671786 0.291348 0.49537 0.604148 0.62419 0.370703
181 0.869127 -0.301115 -0.392362 0.291189 -0.046403 0.740165 -0.670822 0.291396 0.492408 0.601236 0.629325 0.37229
182 0.872489 -0.304988 -0.381767 0.290836 -0.0351705 0.74007 -0.67161 0.291209 0.487367 0.599399 0.634976 0.372914
183 0.875207 -0.311199 -0.370362 0.290758 -0.0218501 0.739396 -0.672916 0.291924 0.483255 0.597034 0.640324 0.37216
184 0.878167 -0.314671 -0.360285 0.290644 -0.0103756 0.740468 -0.672011 0.292664 0.478242 0.593876 0.64699 0.371064
185 0.880952 -0.318751 -0.349744 0.290475 0.00259734 0.742342 -0.670016 0.293133 0.473198 0.589344 0.654796 0.370534
186 0.883421 -0.322769 -0.339687 0.290234 0.0136244 0.742315 -0.669912 0.293192 0.468381 0.587187 0.660175 0.37114
187 0.885544 -0.324733 -0.332205 0.290878 0.0201864 0.741326 -0.670841 0.292688 0.464116 0.587354 0.663032 0.372087
188 0.887761 -0.329787 -0.321125 0.290864 0.0335591 0.742151 -0.669392 0.293556 0.45908 0.583484 0.66992 0.371464
189 0.889506 -0.333515 -0.312326 0.290768 0.043678 0.742474 -0.66845 0.293775 0.454831 0.580948 0.675002 0.371363
190 0.891104 -0.337627 -0.303218 0.291141 0.054995 0.743599 -0.66636 0.294885 0.450454 0.577121 0.681192 0.370638
191 0.892725 -0.341428 -0.294056 0.291079 0.0672907 0.746282 -0.66222 0.294981 0.445549 0.571393 0.689199 0.370418
192 0.894297 -0.345012 -0.284956 0.290846 0.0782628 0.747591 -0.659532 0.295619 0.440577 0.567516 0.69557 0.370168
193 0.895631 -0.349918 -0.274595 0.290671 0.091354 0.748896 -0.65636 0.296377 0.435315 0.562771 0.702701 0.36955
194 0.896492 -0.353262 -0.267409 0.291188 0.101411 0.751137 -0.652311 0.29658 0.431297 0.557674 0.709213 0.369037
195 0.896929 -0.358613 -0.25868 0.291379 0.114337 0.753218 -0.647757 0.29736 0.427137 0.551415 0.716586 0.36848
196 0.897058 -0.363986 -0.250601 0.291289 0.126554 0.754928 -0.643481 0.297619 0.423404 0.545525 0.723278 0.368404
197 0.897625 -0.36774 -0.242975 0.291285 0.136471 0.756057 -0.64012 0.298278 0.4191 0.541429 0.728842 0.368014
198 0.899071 -0.37046 -0.233304 0.291107 0.146722 0.757041 -0.63668 0.299011 0.412485 0.53819 0.734988 0.367532
199 0.90012 -0.374559 -0.222465 0.291072 0.158871 0.757722 -0.632944 0.299782 0.405641 0.534382 0.741547 0.366999
200 0.898391 -0.382639 -0.215593 0.291917 0.171641 0.757729 -0.629591 0.300492 0.404267 0.528615 0.746414 0.366593
201 0.897186 -0.388799 -0.209505 0.292159 0.182012 0.757706 -0.626701 0.301264 0.402404 0.524134 0.750569 0.366129
202 0.897364 -0.391809 -0.203036 0.2922 0.189862 0.758127 -0.623856 0.302134 0.398359 0.521277 0.754705 0.365615
203 0.898096 -0.39475 -0.193895 0.291982 0.199165 0.758123 -0.620953 0.302662 0.392117 0.519059 0.759488 0.365236
204 0.897576 -0.400392 -0.184507 0.292206 0.210509 0.756973 -0.61861 0.30352 0.387353 0.516409 0.763727 0.364708
205 0.897152 -0.403916 -0.178801 0.292269 0.218112 0.757073 -0.615847 0.30423 0.384116 0.51351 0.767309 0.364135
206 0.895126 -0.410907 -0.172929 0.291954 0.228409 0.755822 -0.613647 0.305306 0.382855 0.509793 0.770411 0.363339
207 0.89311 -0.41686 -0.169064 0.292575 0.236888 0.755337 -0.611024 0.306328 0.382412 0.505663 0.773348 0.362923
208 0.892846 -0.41926 -0.164459 0.292739 0.243463 0.756547 -0.606929 0.307634 0.378882 0.501855 0.777554 0.361908
209 0.891929 -0.422811 -0.160293 0.292508 0.250468 0.75711 -0.603365 0.307323 0.376469 0.49801 0.781189 0.362177
210 0.890755 -0.426616 -0.156697 0.292732 0.255677 0.755431 -0.603286 0.308626 0.375745 0.497316 0.78198 0.361274
211 0.890434 -0.42899 -0.151968 0.29322 0.261778 0.755923 -0.600044 0.310253 0.372289 0.494518 0.7854 0.359972
212 0.890677 -0.430772 -0.145358 0.292796 0.268405 0.75629 -0.596643 0.310255 0.36695 0.492402 0.789232 0.360004
213 0.889709 -0.433932 -0.141847 0.292946 0.273013 0.754756 -0.596495 0.311077 0.365899 0.491981 0.789983 0.359425
214 0.887541 -0.439544 -0.138098 0.292882 0.280136 0.752806 -0.595657 0.312689 0.365779 0.489984 0.791278 0.358316
215 0.886125 -0.444141 -0.132369 0.292946 0.287566 0.750917 -0.5945 0.31331 0.363439 0.488736 0.793126 0.357926
216 0.884614 -0.448749 -0.126813 0.293372 0.295018 0.74916 -0.593062 0.315599 0.36114 0.487219 0.795107 0.35633
217 0.882372 -0.454318 -0.122534 0.293325 0.303746 0.748814 -0.589081 0.316151 0.359385 0.48257 0.79873 0.355858
218 0.879721 -0.460684 -0.11773 0.29337 0.311645 0.745635 -0.588987 0.317028 0.359121 0.481455 0.799521 0.355365
219 0.877908 -0.465202 -0.113426 0.293641 0.317348 0.742665 -0.589694 0.318654 0.358565 0.481702 0.799622 0.3542
220 0.874152 -0.472964 -0.11029 0.293956 0.326598 0.740576 -0.587265 0.320323 0.359433 0.477338 0.801845 0.352993
221 0.87143 -0.477893 -0.11058 0.294222 0.331578 0.740028 -0.585162 0.321466 0.361477 0.473262 0.803341 0.352429
222 0.870377 -0.480233 -0.108723 0.294342 0.335673 0.740258 -0.58253 0.323327 0.360233 0.470526 0.805505 0.351007
223 0.868321 -0.484726 -0.105158 0.294153 0.342689 0.739561 -0.579322 0.323714 0.358583 0.467001 0.808287 0.350922
224 0.866601 -0.487869 -0.10482 0.294519 0.345263 0.73789 -0.579924 0.325702 0.360272 0.466372 0.807899 0.349677
225 0.863866 -0.492333 -0.106504 0.295294 0.350332 0.739148 -0.575263 0.329556 0.361944 0.459639 0.811005 0.346847
226 0.862476 -0.494929 -0.105743 0.295104 0.353851 0.739091 -0.573178 0.329902 0.361836 0.456935 0.812579 0.346612
227 0.859524 -0.500493 -0.10356 0.295484 0.360363 0.737148 -0.571622 0.332268 0.362432 0.454004 0.813956 0.345018
228 0.859462 -0.500617 -0.103484 0.29545 0.360492 0.737062 -0.571651 0.332331 0.362452 0.454007 0.813945 0.344967
229 0.855488 -0.506943 -0.105587 0.295319 0.365939 0.736131 -0.569385 0.33233 0.366372 0.448464 0.815262 0.345174
230 0.852781 -0.511036 -0.107731 0.295875 0.367553 0.733794 -0.571359 0.334854 0.371037 0.447648 0.813599 0.343506
231 0.851304 -0.513646 -0.106999 0.296209 0.371893 0.734587 -0.567519 0.336656 0.370104 0.443339 0.816378 0.342214
232 0.849668 -0.516665 -0.105457 0.296081 0.376709 0.734672 -0.564223 0.337519 0.36899 0.439675 0.81886 0.341581
233 0.846446 -0.521611 -0.107013 0.296308 0.381244 0.73398 -0.562073 0.338901 0.371729 0.434966 0.820135 0.340792
234 0.846455 -0.521592 -0.107032 0.296318 0.381238 0.734015 -0.562032 0.338894 0.371715 0.43493 0.820161 0.34078
235 0.843212 -0.526238 -0.109851 0.296236 0.384131 0.732761 -0.561698 0.339324 0.376081 0.431434 0.820017 0.34054
236 0.842133 -0.528083 -0.109271 0.297007 0.385475 0.731179 -0.562838 0.342094 0.377122 0.431863 0.819312 0.338778
237 0.841201 -0.530158 -0.106363 0.296918 0.390665 0.731881 -0.558329 0.343003 0.373847 0.428115 0.822773 0.337881
238 0.840002 -0.531969 -0.106797 0.296937 0.391458 0.730476 -0.559612 0.343844 0.375709 0.428269 0.821845 0.337609
239 0.839337 -0.532918 -0.107293 0.296852 0.392317 0.730446 -0.55905 0.344835 0.3763 0.427138 0.822163 0.336548
240 0.838651 -0.533931 -0.107616 0.297051 0.393051 0.730049 -0.559052 0.346026 0.37706 0.426552 0.822119 0.33605
241 0.839267 -0.53395 -0.102603 0.297005 0.393521 0.72673 -0.563032 0.346344 0.375196 0.432158 0.820041 0.335804
242 0.839359 -0.534272 -0.100153 0.297553 0.393392 0.724202 -0.566369 0.34787 0.375126 0.435987 0.818044 0.335008
243 0.838615 -0.53556 -0.0995037 0.297596 0.394458 0.723035 -0.567118 0.34867 0.37567 0.436344 0.817604 0.334379
244 0.837745 -0.536911 -0.0995525 0.297855 0.394724 0.721396 -0.569017 0.350234 0.377328 0.437395 0.816277 0.3333
245 0.837653 -0.537052 -0.0995569 0.297843 0.394828 0.721312 -0.569052 0.350272 0.377422 0.43736 0.816253 0.333285
246 0.839084 -0.535268 -0.0970915 0.298008 0.39351 0.720448 -0.571056 0.351676 0.375617 0.440957 0.815149 0.332239
247 0.839511 -0.535337 -0.09293 0.298278 0.395429 0.719267 -0.571219 0.353559 0.372636 0.442797 0.81552 0.330906
248 0.838802 -0.536285 -0.0938573 0.298308 0.395666 0.718886 -0.571534 0.354433 0.373978 0.442267 0.815193 0.330368
249 0.838042 -0.537227 -0.095248 0.298606 0.395116 0.717961 -0.573076 0.356186 0.376256 0.442627 0.813948 0.329081
250 0.837976 -0.537347 -0.0951573 0.298571 0.395124 0.717719 -0.573373 0.356347 0.376396 0.442873 0.81375 0.329074
251 0.838965 -0.536483 -0.0912394 0.2987 0.396422 0.717369 -0.572915 0.357385 0.372812 0.444486 0.81452 0.328278
252 0.841066 -0.534035 -0.0861101 0.298759 0.396067 0.716392 -0.574381 0.358689 0.368428 0.448987 0.814046 0.327376
253 0.84053 -0.535442 -0.082531 0.298907 0.398659 0.71444 -0.575019 0.360416 0.366853 0.450419 0.813967 0.326287
254 0.840499 -0.5355 -0.0824668 0.298975 0.398682 0.714327 -0.575143 0.360769 0.366897 0.450529 0.813886 0.326125
255 0.83864 -0.538852 -0.079512 0.29902 0.40255 0.711494 -0.57596 0.361654 0.36693 0.451015 0.813602 0.32552
256 0.83759 -0.540929 -0.0764166 0.299306 0.406024 0.709984 -0.575385 0.363273 0.365497 0.450909 0.814305 0.324365
257 0.838834 -0.539515 -0.0726684 0.299365 0.406752 0.709866 -0.575016 0.363844 0.361814 0.452785 0.814908 0.323918
258 0.838902 -0.539418 -0.0725982 0.299392 0.406752 0.709955 -0.574906 0.363704 0.361656 0.452761 0.814992 0.324103
259 0.841412 -0.536429 -0.0653424 0.299285 0.407357 0.709067 -0.575572 0.365023 0.355086 0.457676 0.815136 0.322973
260 0.841775 -0.536639 -0.0585933 0.299267 0.410797 0.707206 -0.575417 0.365575 0.350229 0.460302 0.815759 0.322664
261 0.840728 -0.538666 -0.0549061 0.299598 0.414141 0.705051 -0.575665 0.367148 0.348803 0.461239 0.81584 0.321585
262 0.840728 -0.538666 -0.0549061 0.299598 0.414141 0.705051 -0.575665 0.367148 0.348803 0.461239 0.81584 0.321585
263 0.837316 -0.544336 -0.0509913 0.29975 0.421282 0.701839 -0.574408 0.368341 0.348458 0.459479 0.81698 0.320855
264 0.833913 -0.549561 -0.0507086 0.299994 0.425916 0.699268 -0.574126 0.369887 0.350976 0.457173 0.817195 0.320017
265 0.83217 -0.552132 -0.0514224 0.300486 0.428611 0.699282 -0.572099 0.371806 0.351833 0.454043 0.818571 0.318881
266 0.831738 -0.552831 -0.0508926 0.300768 0.431084 0.700883 -0.568269 0.372858 0.349827 0.450712 0.821267 0.318319
267 0.832553 -0.551839 -0.0482631 0.301286 0.432955 0.702586 -0.564733 0.374238 0.34555 0.449274 0.823861 0.317622
268 0.832608 -0.551754 -0.0482901 0.301367 0.43286 0.702622 -0.564761 0.3743 0.345539 0.449321 0.823841 0.31763
269 0.833444 -0.550642 -0.0465303 0.301426 0.434421 0.704913 -0.560693 0.375538 0.341541 0.447092 0.826715 0.316892
270 0.833481 -0.550502 -0.0475085 0.302236 0.435121 0.706913 -0.557624 0.376871 0.340557 0.444097 0.828733 0.316143
271 0.832347 -0.552481 -0.0443022 0.302784 0.439612 0.70675 -0.554297 0.379665 0.337549 0.441892 0.831139 0.314726
272 0.830934 -0.554739 -0.0425743 0.302878 0.446593 0.710664 -0.54361 0.38027 0.331818 0.432691 0.838257 0.3143
273 0.830935 -0.554738 -0.0425755 0.302879 0.446591 0.710665 -0.54361 0.38027 0.331818 0.43269 0.838258 0.3143
274 0.829635 -0.556543 -0.0443344 0.303361 0.447929 0.710915 -0.542181 0.380227 0.333265 0.429954 0.839091 0.314521
275 0.828782 -0.557774 -0.0448211 0.304404 0.450136 0.712138 -0.538737 0.384562 0.332412 0.42632 0.841281 0.311756
276 0.83386 -0.550374 -0.042024 0.305023 0.448173 0.719525 -0.530495 0.38457 0.322208 0.423525 0.846646 0.311599
277 0.833748 -0.55051 -0.0424636 0.305317 0.448198 0.719695 -0.530243 0.384154 0.322465 0.423057 0.846782 0.312008
278 0.839684 -0.541644 -0.0394044 0.305318 0.443165 0.725339 -0.526771 0.385735 0.313904 0.424859 0.849093 0.311215
279 0.843306 -0.535916 -0.0403676 0.305328 0.440031 0.731641 -0.520648 0.386882 0.308558 0.421303 0.852816 0.310685
280 0.847791 -0.528555 -0.0433616 0.306641 0.43363 0.737954 -0.517097 0.385801 0.305313 0.419587 0.854828 0.311919
281 0.847366 -0.529136 -0.0445704 0.307347 0.433215 0.737409 -0.518221 0.387348 0.307076 0.419814 0.854084 0.311553
282 0.849864 -0.525277 -0.0426073 0.308138 0.431129 0.739477 -0.517012 0.388771 0.303081 0.42102 0.854917 0.310788
283 0.851413 -0.522638 -0.0441104 0.309319 0.428191 0.741187 -0.517004 0.39062 0.3029 0.421296 0.854845 0.310262
284 0.851169 -0.522754 -0.0473194 0.310189 0.427745 0.74306 -0.51468 0.392579 0.304212 0.417839 0.856076 0.30918
285 0.850704 -0.523275 -0.049852 0.311307 0.428161 0.744831 -0.511767 0.392795 0.304926 0.414017 0.857677 0.309177
286 0.850713 -0.523262 -0.0498492 0.311306 0.428153 0.744839 -0.511762 0.392795 0.304915 0.414019 0.85768 0.309177
287 0.854463 -0.517188 -0.0490942 0.312968 0.423153 0.747686 -0.511769 0.395157 0.301388 0.416513 0.857719 0.307739
288 0.855313 -0.516002 -0.0467173 0.313368 0.424973 0.750278 -0.506439 0.397167 0.296374 0.413311 0.861009 0.306869
289 0.85511 -0.515905 -0.0512646 0.313725 0.424078 0.752915 -0.503266 0.396413 0.298235 0.408608 0.86261 0.307908
290 0.855177 -0.515791 -0.0513009 0.313761 0.424002 0.753035 -0.503151 0.396365 0.298152 0.408531 0.862675 0.307801
291 0.856187 -0.513705 -0.0552298 0.315226 0.420079 0.754374 -0.504434 0.398658 0.300794 0.408689 0.861682 0.30649
292 0.859505 -0.507952 -0.0568843 0.316569 0.415518 0.759198 -0.500963 0.401482 0.297652 0.406943 0.863597 0.304674
293 0.863015 -0.501794 -0.0583745 0.317465 0.411243 0.764949 -0.495714 0.402258 0.2934 0.403803 0.866522 0.304191
294 0.862867 -0.502047 -0.0583886 0.31745 0.411432 0.764789 -0.495803 0.402042 0.293572 0.403789 0.86647 0.304641
295 0.86329 -0.501053 -0.0606325 0.317668 0.410452 0.766891 -0.493364 0.40261 0.2937 0.401029 0.867707 0.305072
296 0.863897 -0.499378 -0.0656065 0.319134 0.407532 0.76959 -0.491578 0.405311 0.295974 0.397936 0.868359 0.30327
297 0.865245 -0.496579 -0.0689887 0.320999 0.40459 0.772877 -0.488844 0.407037 0.29607 0.395058 0.869639 0.303868
298 0.865249 -0.496574 -0.0689905 0.321001 0.404585 0.77288 -0.488842 0.407037 0.296068 0.395058 0.86964 0.303865
299 0.866852 -0.493605 -0.0701494 0.321768 0.402797 0.77629 -0.4849 0.408323 0.293806 0.392081 0.871751 0.303332
300 0.867363 -0.492421 -0.0721325 0.322859 0.402714 0.779608 -0.479617 0.409698 0.292409 0.386954 0.874508 0.302478
301 0.866631 -0.49371 -0.0721146 0.323903 0.404888 0.780334 -0.476597 0.410071 0.291574 0.383836 0.876159 0.301952
302 0.866632 -0.493708 -0.0721153 0.323906 0.404892 0.780342 -0.476581 0.410007 0.291566 0.383821 0.876168 0.301999
303 0.865026 -0.496445 -0.0726187 0.325168 0.407407 0.779487 -0.475836 0.413301 0.292832 0.382025 0.876531 0.300536
304 0.863981 -0.498324 -0.0721758 0.326434 0.412125 0.782204 -0.467237 0.414302 0.289291 0.373938 0.881181 0.299817
305 0.863 -0.50051 -0.0687029 0.327674 0.416867 0.782309 -0.462833 0.415523 0.2854 0.370785 0.883779 0.299219
306 0.863011 -0.500497 -0.0686648 0.32766 0.416876 0.782317 -0.462812 0.415497 0.285353 0.370787 0.883793 0.299245
307 0.85993 -0.506127 -0.0659984 0.32817 0.424965 0.78158 -0.45666 0.417074 0.282711 0.364648 0.88719 0.298319
308 0.857459 -0.510097 -0.0675725 0.329874 0.429397 0.781715 -0.452261 0.417729 0.283519 0.35878 0.889322 0.299405
309 0.857421 -0.510425 -0.0655456 0.331831 0.431982 0.7831 -0.447378 0.419955 0.279682 0.355276 0.89194 0.297525
310 0.857568 -0.510199 -0.065385 0.331764 0.43181 0.783152 -0.447453 0.419885 0.279496 0.355487 0.891914 0.297733
311 0.858609 -0.508995 -0.0609455 0.333082 0.434122 0.785185 -0.441613 0.421726 0.272632 0.352715 0.895133 0.296116
312 0.858319 -0.509565 -0.0602674 0.333669 0.436945 0.787421 -0.434795 0.42492 0.269012 0.34686 0.89851 0.294482
313 0.858514 -0.50927 -0.0599772 0.333441 0.436721 0.787441 -0.434985 0.425259 0.268753 0.347248 0.898438 0.294521
314 0.858982 -0.508055 -0.0634881 0.335366 0.438053 0.793433 -0.422579 0.424407 0.265067 0.335177 0.9041 0.293716
315 0.859378 -0.507546 -0.0621796 0.337262 0.438148 0.793594 -0.422179 0.427049 0.263621 0.335567 0.904378 0.29162
316 0.858524 -0.508905 -0.0628767 0.338671 0.440336 0.794513 -0.418155 0.428434 0.262757 0.331309 0.906197 0.292711
317 0.858574 -0.508824 -0.0628486 0.338653 0.44028 0.79456 -0.418125 0.428436 0.262689 0.33132 0.906213 0.292674
318 0.858685 -0.508371 -0.0649508 0.340257 0.44036 0.796698 -0.413951 0.42913 0.262187 0.326852 0.907979 0.29134
319 0.857743 -0.509906 -0.0653602 0.342184 0.441133 0.795344 -0.415727 0.432318 0.263965 0.327754 0.907138 0.288722
320 0.857744 -0.509905 -0.0653647 0.342183 0.441128 0.795342 -0.415736 0.43233 0.263973 0.327761 0.907133 0.288708
321 0.857623 -0.509936 -0.0666855 0.34376 0.441298 0.796291 -0.413736 0.435851 0.26408 0.325402 0.907951 0.286189
322 0.860342 -0.504802 -0.0706182 0.346073 0.437009 0.801817 -0.407569 0.438454 0.262365 0.319788 0.91044 0.283873
323 0.864701 -0.497387 -0.0699887 0.348367 0.431374 0.806759 -0.403803 0.44043 0.25731 0.318978 0.912165 0.281456
324 0.864393 -0.497708 -0.071497 0.349235 0.430712 0.806282 -0.405458 0.43961 0.259446 0.31968 0.911313 0.284566
325 0.86691 -0.493316 -0.0714559 0.350909 0.427077 0.809008 -0.403869 0.442818 0.257043 0.319601 0.912022 0.281732
326 0.868894 -0.489322 -0.0747543 0.35334 0.422046 0.811252 -0.404656 0.442455 0.258652 0.320054 0.911408 0.283959
327 0.868336 -0.490199 -0.0754808 0.355354 0.420941 0.808868 -0.410537 0.446171 0.262299 0.324711 0.908715 0.280281
328 0.868322 -0.490224 -0.0754753 0.35535 0.420961 0.808848 -0.410556 0.446183 0.262312 0.324723 0.908706 0.280274
329 0.866444 -0.492453 -0.0822488 0.357151 0.420084 0.808085 -0.412949 0.449996 0.269822 0.323246 0.907033 0.277079
330 0.867912 -0.488383 -0.090616 0.360149 0.413623 0.811605 -0.41257 0.452051 0.275036 0.320593 0.906408 0.275183
331 0.872694 -0.479223 -0.0935452 0.362829 0.403826 0.816092 -0.413423 0.454792 0.274464 0.323016 0.905721 0.272849
332 0.876363 -0.471914 -0.0963568 0.364626 0.395817 0.81962 -0.414189 0.456165 0.274437 0.32484 0.905076 0.272432
333 0.876363 -0.471914 -0.0963571 0.364626 0.395817 0.81962 -0.414189 0.456165 0.274438 0.32484 0.905076 0.272432
334 0.879655 -0.464263 -0.103279 0.367074 0.384743 0.822271 -0.419335 0.458429 0.279606 0.329135 0.901937 0.270067
335 0.883636 -0.455781 -0.107011 0.370432 0.374633 0.825449 -0.422237 0.46121 0.28078 0.333014 0.900147 0.267945
336 0.88686 -0.449624 -0.106385 0.372572 0.368679 0.827428 -0.423603 0.464072 0.278488 0.336454 0.899579 0.265067
337 0.886822 -0.449691 -0.106418 0.37263 0.36872 0.827393 -0.423636 0.46419 0.278555 0.336451 0.89956 0.264933
338 0.887573 -0.447573 -0.109055 0.37395 0.365484 0.828271 -0.424722 0.465202 0.280421 0.337114 0.898731 0.264207
339 0.886989 -0.447735 -0.113061 0.37751 0.362683 0.82698 -0.429611 0.468654 0.285851 0.340055 0.895908 0.260871
340 0.886977 -0.446496 -0.117956 0.382356 0.359058 0.827375 -0.431889 0.472537 0.29043 0.340723 0.89418 0.262293
341 0.886977 -0.44647 -0.118053 0.382384 0.358973 0.827369 -0.43197 0.472558 0.290535 0.34077 0.894128 0.262369
342 0.889821 -0.442411 -0.111765 0.384852 0.359471 0.830498 -0.425504 0.472878 0.281068 0.338446 0.898028 0.262173
343 0.888433 -0.446524 -0.106316 0.386135 0.365124 0.827863 -0.425826 0.475491 0.278157 0.339499 0.898537 0.259363
344 0.88571 -0.451799 -0.106754 0.389347 0.369727 0.825554 -0.426337 0.476875 0.280749 0.338141 0.898243 0.258038
345 0.886707 -0.451197 -0.100853 0.393305 0.37023 0.823621 -0.429626 0.480382 0.276911 0.343613 0.897357 0.256336
346 0.885455 -0.453391 -0.102011 0.392776 0.371144 0.822009 -0.431918 0.479252 0.279681 0.344583 0.896125 0.261673
347 0.887467 -0.451318 -0.0933484 0.39507 0.373442 0.822904 -0.428218 0.482164 0.270079 0.345169 0.898841 0.260947
348 0.884596 -0.458674 -0.0843134 0.39423 0.38445 0.819551 -0.424893 0.481157 0.263987 0.343444 0.901309 0.263501
349 0.878675 -0.470033 -0.0836664 0.39596 0.394043 0.812944 -0.428779 0.483181 0.269556 0.343789 0.899527 0.261721
350 0.874393 -0.478045 -0.0831254 0.399069 0.401243 0.808706 -0.430115 0.485194 0.272838 0.342737 0.898939 0.260392
351 0.874341 -0.47813 -0.0831808 0.399098 0.40128 0.808648 -0.430189 0.485236 0.27295 0.342753 0.898898 0.260383
352 0.875273 -0.477226 -0.0784303 0.401512 0.402447 0.808643 -0.429107 0.488239 0.268203 0.344022 0.899842 0.25886
353 0.877897 -0.47323 -0.0731456 0.403029 0.402709 0.812287 -0.421918 0.489158 0.259079 0.340944 0.903679 0.258929
354 0.879728 -0.470244 -0.0703498 0.404057 0.401732 0.814249 -0.419058 0.487784 0.254342 0.340396 0.90523 0.258684
355 0.881968 -0.465894 -0.0712421 0.406441 0.396294 0.814889 -0.422973 0.491919 0.255115 0.344816 0.903337 0.256862
356 0.883841 -0.462658 -0.0690903 0.408483 0.396444 0.819228 -0.414365 0.493847 0.24831 0.338842 0.907485 0.257844
357 0.883843 -0.462651 -0.069105 0.408487 0.396443 0.819247 -0.414327 0.493833 0.248303 0.338804 0.907501 0.257827
358 0.886529 -0.457942 -0.0659983 0.40927 0.394658 0.822921 -0.408712 0.49329 0.241478 0.336288 0.910274 0.257325
359 0.886755 -0.45754 -0.0657445 0.411089 0.394799 0.823654 -0.407096 0.495832 0.240413 0.335039 0.911016 0.256997
360 0.885474 -0.460086 -0.0652422 0.411905 0.398817 0.824486 -0.401457 0.496172 0.238496 0.32946 0.913551 0.256357
361 0.88581 -0.459099 -0.0675917 0.414542 0.39792 0.826418 -0.398363 0.498308 0.238747 0.325978 0.914734 0.255917
362 0.885817 -0.459085 -0.0675973 0.414546 0.397909 0.82643 -0.398348 0.498317 0.23874 0.325966 0.91474 0.255878
