14 0.995719 -0.0280582 -0.0880698 0.00785978 0.0242705 0.998746 -0.0437886 0.0546941 0.089188 0.0414636 0.995151 0.0262737
15 0.994988 -0.0348664 -0.0937175 0.00683103 0.0301392 0.998224 -0.0513913 0.0633376 0.0953428 0.0483092 0.994272 0.0318696
16 0.994267 -0.0401572 -0.0991012 0.00454925 0.0341252 0.997503 -0.0618294 0.0708384 0.101337 0.0580931 0.993155 0.0386679
17 0.993745 -0.0433707 -0.102903 0.001746 0.0358977 0.996657 -0.0733945 0.0769753 0.105742 0.0692415 0.99198 0.0430376
18 0.993831 -0.0428244 -0.102299 0.000675928 0.0361026 0.997121 -0.0666797 0.0737366 0.10486 0.0625751 0.992516 0.0455819
19 0.992663 -0.0527559 -0.108797 -0.000847541 0.0441093 0.995786 -0.0804055 0.0838756 0.11258 0.0750166 0.990807 0.0486827
20 0.9914 -0.0589583 -0.116834 -0.00118563 0.0495975 0.995441 -0.0814707 0.0834767 0.121105 0.0749754 0.989804 0.0511399
21 0.990356 -0.0652251 -0.122228 -0.000108152 0.0552749 0.995007 -0.0831029 0.0856292 0.127038 0.0755454 0.989017 0.0516029
22 0.990363 -0.0648233 -0.12239 0.000138568 0.0549127 0.995062 -0.0826834 0.0851651 0.127146 0.0751658 0.989032 0.0515627
23 0.989584 -0.0756644 -0.122468 -0.00191683 0.0653076 0.99411 -0.0864835 0.0915313 0.128291 0.0775846 0.988697 0.0556602
24 0.988555 -0.0883161 -0.12231 -0.00563104 0.0773976 0.992809 -0.0913191 0.0974788 0.129496 0.0808075 0.988282 0.0626127
25 0.987535 -0.0989707 -0.122393 -0.0109845 0.0867692 0.991064 -0.101303 0.10282 0.131325 0.0894202 0.987298 0.0728056
26 0.986629 -0.105129 -0.12454 -0.00982234 0.0923744 0.990266 -0.104115 0.106585 0.134273 0.0912185 0.986737 0.0728407
27 0.986111 -0.109539 -0.124846 -0.0106144 0.0952686 0.98878 -0.115061 0.110233 0.136049 0.101569 0.985482 0.0760992
28 0.985154 -0.116337 -0.126244 -0.00997939 0.100979 0.987391 -0.121911 0.115168 0.138835 0.107353 0.98448 0.0757642
29 0.98475 -0.119186 -0.126738 -0.00973639 0.103336 0.986756 -0.125037 0.118484 0.139962 0.110034 0.984024 0.0763782
30 0.983389 -0.131682 -0.124923 -0.0132902 0.114684 0.984228 -0.134696 0.128192 0.14069 0.118132 0.982981 0.0820976
31 0.982342 -0.142761 -0.120931 -0.017792 0.12549 0.982156 -0.140082 0.131843 0.138771 0.122432 0.982727 0.0898654
32 0.97968 -0.163165 -0.116634 -0.0228015 0.144274 0.977273 -0.155316 0.144712 0.139325 0.135333 0.980955 0.0956534
33 0.979681 -0.163164 -0.116634 -0.0228012 0.144273 0.977273 -0.155315 0.144711 0.139325 0.135332 0.980956 0.095653
34 0.977805 -0.175423 -0.114562 -0.0281827 0.155455 0.974025 -0.164647 0.153103 0.140469 0.143183 0.979677 0.104252
35 0.977536 -0.177687 -0.11336 -0.033292 0.157486 0.973223 -0.167439 0.151119 0.140077 0.145825 0.979343 0.112995
36 0.974529 -0.193003 -0.114207 -0.0371968 0.169856 0.967747 -0.186048 0.165173 0.146431 0.16191 0.975881 0.120715
37 0.97419 -0.194633 -0.114335 -0.0377857 0.171327 0.967325 -0.186893 0.165451 0.146975 0.16248 0.975704 0.120989
38 0.972758 -0.201544 -0.114548 -0.0432207 0.176808 0.964594 -0.195697 0.171678 0.149934 0.170113 0.973951 0.129392
39 0.971149 -0.210548 -0.111982 -0.0528597 0.18489 0.961338 -0.20407 0.17299 0.150619 0.177478 0.97253 0.142007
40 0.969756 -0.215891 -0.113863 -0.054988 0.188729 0.959076 -0.21108 0.17068 0.154774 0.183206 0.970814 0.148353
41 0.970033 -0.214762 -0.113634 -0.0551594 0.187849 0.959515 -0.209864 0.169538 0.154104 0.182229 0.971105 0.148081
42 0.968265 -0.221281 -0.116183 -0.058141 0.191774 0.955913 -0.222381 0.173406 0.16027 0.193042 0.968013 0.155481
43 0.966961 -0.22539 -0.119105 -0.0638903 0.193018 0.952519 -0.235482 0.174664 0.166525 0.204713 0.964553 0.165413
44 0.964253 -0.235665 -0.121152 -0.0688463 0.200194 0.947431 -0.249593 0.176947 0.173604 0.216417 0.960742 0.172005
45 0.964339 -0.235265 -0.121248 -0.0687008 0.199854 0.947612 -0.249179 0.176602 0.173519 0.216061 0.960838 0.171821
46 0.960975 -0.247367 -0.123841 -0.0705303 0.208916 0.942392 -0.261251 0.179906 0.181331 0.225183 0.957294 0.177086
47 0.955165 -0.270323 -0.120766 -0.0787059 0.228005 0.931803 -0.282412 0.191381 0.188873 0.242215 0.951661 0.187301
48 0.951284 -0.285061 -0.117467 -0.0843539 0.240596 0.924601 -0.29534 0.196912 0.1928 0.25269 0.948143 0.19504
49 0.951283 -0.285063 -0.117471 -0.0843515 0.240596 0.924601 -0.295343 0.196912 0.192805 0.252691 0.948142 0.195049
50 0.947537 -0.299111 -0.112726 -0.0906568 0.253422 0.91789 -0.305379 0.200185 0.194812 0.26079 0.945535 0.20385
51 0.943073 -0.314313 -0.108727 -0.0988486 0.266969 0.910378 -0.316133 0.199053 0.198347 0.26911 0.942464 0.213649
52 0.936887 -0.333193 -0.105952 -0.106693 0.281667 0.898807 -0.335872 0.201426 0.207141 0.28483 0.93593 0.223318
53 0.936818 -0.333355 -0.106052 -0.106611 0.281738 0.898692 -0.336118 0.20164 0.207354 0.285003 0.93583 0.223379
54 0.932157 -0.346208 -0.105943 -0.108741 0.289865 0.88896 -0.354582 0.208251 0.216938 0.299817 0.929004 0.226498
55 0.929204 -0.35497 -0.102837 -0.111452 0.296464 0.882104 -0.366063 0.214597 0.220655 0.30966 0.924891 0.228841
56 0.928275 -0.358204 -0.0999754 -0.114537 0.299745 0.87977 -0.368996 0.216257 0.220131 0.312562 0.924039 0.230894
57 0.925442 -0.366877 -0.0946474 -0.12237 0.307742 0.873557 -0.377086 0.217348 0.221024 0.319845 0.921329 0.239101
58 0.922973 -0.372339 -0.0973898 -0.129177 0.307763 0.86599 -0.394136 0.219286 0.231091 0.333804 0.913878 0.248167
59 0.920558 -0.37494 -0.109508 -0.131638 0.301215 0.859909 -0.412099 0.224917 0.248679 0.346376 0.904534 0.251326
60 0.917353 -0.380527 -0.116886 -0.135488 0.300418 0.854438 -0.423892 0.23193 0.261174 0.353744 0.898139 0.253819
61 0.916806 -0.381837 -0.116911 -0.135374 0.301153 0.853367 -0.425525 0.233383 0.26225 0.354916 0.897363 0.254246
62 0.916936 -0.380898 -0.118932 -0.135983 0.300218 0.854853 -0.423197 0.235635 0.262865 0.352339 0.898198 0.254689
63 0.91788 -0.38122 -0.110307 -0.141235 0.304284 0.854471 -0.421058 0.236594 0.25477 0.352916 0.900301 0.260597
64 0.919422 -0.380097 -0.100944 -0.150307 0.305573 0.852035 -0.425044 0.236362 0.247566 0.359949 0.899526 0.268724
65 0.918373 -0.383255 -0.0985167 -0.152603 0.308524 0.849374 -0.428225 0.23857 0.247797 0.362875 0.898286 0.270257
66 0.91829 -0.383777 -0.0972523 -0.161404 0.30673 0.84496 -0.438131 0.240204 0.250319 0.372501 0.893635 0.275736
67 0.915615 -0.38858 -0.10322 -0.168905 0.304562 0.837941 -0.452877 0.240888 0.262471 0.383224 0.885578 0.283088
68 0.913919 -0.390257 -0.111588 -0.171088 0.298547 0.832563 -0.466593 0.241879 0.274995 0.393114 0.877405 0.284486
69 0.913887 -0.390329 -0.111598 -0.171057 0.298589 0.832512 -0.466656 0.241935 0.275056 0.393149 0.87737 0.284503
70 0.911522 -0.394854 -0.114972 -0.175176 0.296612 0.824862 -0.481273 0.248688 0.284869 0.404589 0.868998 0.28306
71 0.908793 -0.400449 -0.117197 -0.18045 0.296597 0.817561 -0.493583 0.255635 0.29347 0.413804 0.861766 0.286448
72 0.908526 -0.399691 -0.121771 -0.184154 0.292799 0.816933 -0.49688 0.256082 0.298077 0.415773 0.859234 0.287032
73 0.908591 -0.399536 -0.121788 -0.184142 0.292714 0.817072 -0.4967 0.255965 0.29796 0.415648 0.859335 0.286925
74 0.904892 -0.407354 -0.123424 -0.190142 0.295095 0.809373 -0.507775 0.260382 0.30674 0.423059 0.852603 0.291658
75 0.899841 -0.41863 -0.122617 -0.196389 0.299927 0.797859 -0.522938 0.266359 0.316749 0.433785 0.843505 0.297654
76 0.897164 -0.423788 -0.124502 -0.201038 0.300178 0.791766 -0.531978 0.27009 0.324022 0.439898 0.837555 0.298627
77 0.893973 -0.429729 -0.127061 -0.205615 0.300574 0.785318 -0.541231 0.275208 0.332366 0.445655 0.831219 0.300293
78 0.888624 -0.441189 -0.125296 -0.213554 0.306152 0.774031 -0.554208 0.282157 0.341494 0.454123 0.822894 0.306517
79 0.888572 -0.441319 -0.125213 -0.213631 0.306238 0.773882 -0.55437 0.28224 0.341554 0.454252 0.822798 0.306617
80 0.885934 -0.446532 -0.125417 -0.219819 0.308103 0.768712 -0.560494 0.283538 0.346688 0.457919 0.818607 0.309838
81 0.883682 -0.450727 -0.1263 -0.225768 0.308037 0.763123 -0.568117 0.283176 0.352448 0.46313 0.813198 0.312789
82 0.879159 -0.460175 -0.123767 -0.234832 0.310059 0.749632 -0.584735 0.283882 0.361861 0.4757 0.801727 0.319813
83 0.875117 -0.467405 -0.125312 -0.238195 0.308592 0.738498 -0.599492 0.285753 0.372748 0.485956 0.79051 0.32069
84 0.875144 -0.467325 -0.125425 -0.238078 0.308504 0.738601 -0.599411 0.285745 0.372758 0.485876 0.790554 0.320612
85 0.868669 -0.480312 -0.121302 -0.242775 0.313954 0.723167 -0.615192 0.290405 0.383206 0.496315 0.778989 0.321588
86 0.861898 -0.494716 -0.111297 -0.252379 0.323649 0.705665 -0.630308 0.29165 0.390362 0.50724 0.768326 0.327927
87 0.857889 -0.502863 -0.105614 -0.258505 0.326779 0.692557 -0.643102 0.292188 0.396536 0.517198 0.758462 0.330381
88 0.85209 -0.513421 -0.101694 -0.265148 0.328806 0.676266 -0.659205 0.297856 0.407222 0.528264 0.745055 0.332392
89 0.844221 -0.526711 -0.0993315 -0.274838 0.333201 0.66088 -0.672469 0.302264 0.419843 0.534615 0.733429 0.340597
90 0.844221 -0.526711 -0.0993316 -0.274838 0.333201 0.66088 -0.672469 0.302263 0.419843 0.534615 0.73343 0.340597
91 0.839799 -0.532409 -0.106195 -0.277877 0.333649 0.660455 -0.672664 0.300552 0.42827 0.529471 0.732288 0.342752
92 0.839431 -0.532972 -0.106289 -0.28131 0.333869 0.660049 -0.672954 0.296427 0.428821 0.529412 0.732008 0.344155
93 0.840302 -0.532251 -0.102962 -0.285117 0.332311 0.655778 -0.677882 0.292918 0.428324 0.535411 0.727925 0.345357
94 0.841517 -0.531199 -0.0983659 -0.290312 0.326888 0.645647 -0.690134 0.290973 0.430108 0.548605 0.716965 0.347845
95 0.84041 -0.533925 -0.0929254 -0.297218 0.322337 0.630289 -0.706282 0.290758 0.435672 0.563614 0.701805 0.354017
96 0.840452 -0.533847 -0.0929993 -0.297153 0.322288 0.630412 -0.706195 0.290745 0.435627 0.56355 0.701883 0.353933
97 0.839346 -0.53572 -0.0922102 -0.300961 0.317466 0.620778 -0.716833 0.289464 0.441264 0.572397 0.691121 0.356101
98 0.838184 -0.538086 -0.0889425 -0.304509 0.314254 0.609787 -0.727602 0.289025 0.445748 0.581914 0.680209 0.358107
99 0.835722 -0.54286 -0.0828925 -0.311753 0.314216 0.596502 -0.738548 0.289517 0.450374 0.591175 0.669086 0.363964
100 0.831958 -0.548091 -0.0862643 -0.316576 0.312416 0.591246 -0.743522 0.290095 0.458521 0.591629 0.663124 0.36767
101 0.832514 -0.546351 -0.0917649 -0.31914 0.308641 0.594949 -0.742143 0.284299 0.460066 0.589522 0.66393 0.369635
102 0.834991 -0.542666 -0.0911185 -0.321931 0.304468 0.593566 -0.744969 0.280775 0.458355 0.5943 0.660847 0.371755
103 0.837414 -0.539516 -0.08752 -0.326936 0.300319 0.587979 -0.751059 0.278497 0.456668 0.602663 0.654409 0.376434
104 0.839924 -0.535889 -0.0857328 -0.331187 0.295771 0.584458 -0.755598 0.275258 0.455024 0.609288 0.6494 0.37962
105 0.839889 -0.535958 -0.0856441 -0.331262 0.295842 0.584358 -0.755647 0.275232 0.455042 0.609323 0.649355 0.37968
106 0.840078 -0.53563 -0.085846 -0.335054 0.291289 0.578915 -0.761582 0.272858 0.457624 0.614783 0.642357 0.38286
107 0.841102 -0.533953 -0.086266 -0.338696 0.286705 0.575382 -0.765987 0.269579 0.458636 0.61954 0.637042 0.386293
108 0.84286 -0.531512 -0.0841529 -0.343375 0.282647 0.570326 -0.771258 0.263711 0.457928 0.626277 0.630935 0.391053
109 0.844926 -0.527968 -0.0857304 -0.346727 0.27431 0.565308 -0.777934 0.260422 0.459188 0.63378 0.62247 0.394672
110 0.846607 -0.525158 -0.0864001 -0.34968 0.269246 0.562646 -0.781624 0.256097 0.459089 0.638465 0.617737 0.396537
111 0.847291 -0.524588 -0.0830994 -0.353858 0.267361 0.556449 -0.786691 0.250433 0.458929 0.644339 0.611728 0.398575
112 0.846674 -0.525838 -0.0814705 -0.358264 0.264238 0.548384 -0.793381 0.247544 0.461867 0.650207 0.603249 0.400755
113 0.847411 -0.524574 -0.0819533 -0.360798 0.260122 0.544758 -0.797229 0.242966 0.46285 0.654263 0.598088 0.402887
114 0.847902 -0.524338 -0.0783066 -0.364322 0.258412 0.537729 -0.80254 0.238525 0.46291 0.66024 0.591437 0.405766
115 0.84519 -0.529107 -0.0754908 -0.368211 0.258723 0.528629 -0.808464 0.23502 0.467671 0.663775 0.583684 0.40907
116 0.843232 -0.532304 -0.0749133 -0.372331 0.25853 0.523773 -0.81168 0.230825 0.471298 0.665067 0.579279 0.410804
117 0.842653 -0.533096 -0.0757944 -0.375061 0.254897 0.518918 -0.815936 0.226164 0.474304 0.668231 0.573152 0.413619
118 0.841339 -0.535244 -0.0752481 -0.378398 0.251925 0.511491 -0.821529 0.222273 0.478207 0.672228 0.565179 0.41655
119 0.837053 -0.54169 -0.0769017 -0.381711 0.251364 0.505594 -0.825342 0.218871 0.485961 0.671525 0.559371 0.419253
120 0.835886 -0.542919 -0.0808291 -0.384712 0.247404 0.504097 -0.827453 0.213833 0.489985 0.671659 0.555688 0.420922
121 0.835853 -0.542707 -0.0825797 -0.386872 0.240703 0.497529 -0.833383 0.209952 0.493368 0.676708 0.546493 0.423358
122 0.836008 -0.542298 -0.0836845 -0.389656 0.236243 0.493373 -0.837122 0.207114 0.495257 0.680071 0.540578 0.424973
123 0.836016 -0.542289 -0.0836689 -0.389682 0.236258 0.493382 -0.837112 0.207171 0.495237 0.680072 0.540595 0.424931
124 0.83663 -0.540785 -0.0871817 -0.392283 0.231323 0.493076 -0.838669 0.203492 0.496527 0.681489 0.537618 0.427503
125 0.835967 -0.541168 -0.091083 -0.395241 0.226108 0.490889 -0.84137 0.19913 0.500034 0.682763 0.532729 0.430287
126 0.835533 -0.5405 -0.0987141 -0.397474 0.215399 0.487508 -0.846132 0.195212 0.505458 0.685708 0.523752 0.432344
127 0.836524 -0.537273 -0.107542 -0.398617 0.203553 0.486943 -0.849384 0.19282 0.508718 0.688639 0.516703 0.433375
128 0.838272 -0.533473 -0.112723 -0.400265 0.195864 0.487553 -0.85084 0.189712 0.508859 0.691157 0.51319 0.435341
129 0.839638 -0.530225 -0.117767 -0.402435 0.187779 0.486831 -0.853073 0.185796 0.509653 0.694159 0.508328 0.437893
130 0.841412 -0.525586 -0.125642 -0.404109 0.176092 0.486477 -0.855764 0.182749 0.510899 0.697925 0.501879 0.439833
131 0.840954 -0.52456 -0.132787 -0.405587 0.167536 0.485753 -0.85789 0.178909 0.514517 0.6992 0.496379 0.441945
132 0.840374 -0.52329 -0.141205 -0.406789 0.156578 0.483803 -0.861056 0.175219 0.518898 0.701499 0.488511 0.4441
133 0.843303 -0.515996 -0.150292 -0.407536 0.141939 0.483549 -0.863733 0.172824 0.518356 0.707056 0.481018 0.445242
134 0.84637 -0.508907 -0.157072 -0.408417 0.131058 0.484856 -0.864719 0.169901 0.516219 0.711286 0.477064 0.446387
135 0.846168 -0.507405 -0.162913 -0.409795 0.123681 0.484335 -0.866096 0.165917 0.518366 0.712713 0.472585 0.448484
136 0.846172 -0.504862 -0.170611 -0.41127 0.114443 0.484831 -0.867088 0.161819 0.520477 0.71418 0.468028 0.449924
137 0.847177 -0.499996 -0.179707 -0.411901 0.102056 0.485073 -0.868498 0.159032 0.521417 0.717431 0.461971 0.451214
138 0.848779 -0.494515 -0.187163 -0.412481 0.0917407 0.486337 -0.868942 0.156251 0.520729 0.720369 0.45816 0.452693
139 0.849223 -0.491443 -0.193141 -0.41457 0.0825192 0.484797 -0.870725 0.151689 0.521546 0.723502 0.452254 0.455372
140 0.84897 -0.4869 -0.205374 -0.415795 0.0662016 0.483576 -0.872795 0.148113 0.524278 0.727381 0.442775 0.457643
141 0.848947 -0.479937 -0.221246 -0.415416 0.0487088 0.487924 -0.871526 0.145281 0.526229 0.729103 0.437598 0.458494
142 0.848471 -0.475518 -0.232335 -0.416359 0.0351245 0.488623 -0.871788 0.141698 0.528075 0.731526 0.431285 0.460483
143 0.84757 -0.471621 -0.24331 -0.417036 0.0209739 0.487894 -0.872651 0.137975 0.53027 0.734529 0.423416 0.462518
144 0.846435 -0.468131 -0.253773 -0.417658 0.00683755 0.486092 -0.873881 0.134789 0.532448 0.737949 0.414646 0.464218
145 0.845467 -0.463559 -0.26514 -0.417869 -0.00659763 0.487385 -0.873162 0.132119 0.533987 0.739979 0.40901 0.464938
146 0.843991 -0.460559 -0.27489 -0.418597 -0.0195429 0.485767 -0.87387 0.128537 0.536001 0.742911 0.400982 0.466911
147 0.843665 -0.455613 -0.283982 -0.419335 -0.0336845 0.482995 -0.874975 0.124968 0.535812 0.747752 0.392139 0.468873
148 0.843516 -0.4506 -0.292302 -0.419894 -0.0474495 0.479573 -0.876218 0.121701 0.535003 0.752974 0.383147 0.470696
149 0.8439 -0.444172 -0.300907 -0.420193 -0.0585116 0.481326 -0.874586 0.118376 0.533301 0.75567 0.380202 0.470769
150 0.840223 -0.446288 -0.30798 -0.421145 -0.0664587 0.478938 -0.87533 0.11484 0.538153 0.75594 0.372755 0.472851
151 0.835229 -0.449642 -0.316566 -0.421614 -0.0750587 0.477071 -0.875654 0.110964 0.544755 0.755133 0.364714 0.474965
152 0.831839 -0.450995 -0.323492 -0.421676 -0.083938 0.473921 -0.876557 0.107335 0.548632 0.756308 0.356371 0.476787
153 0.830482 -0.450432 -0.327736 -0.422604 -0.0896238 0.472638 -0.876688 0.103736 0.549789 0.757446 0.352147 0.477232
154 0.828562 -0.451415 -0.331223 -0.42321 -0.0960303 0.468236 -0.87837 0.10043 0.5516 0.759592 0.344613 0.478791
155 0.827611 -0.450439 -0.33491 -0.423775 -0.10274 0.465022 -0.879317 0.09673 0.551819 0.762141 0.33858 0.480307
156 0.826829 -0.450032 -0.337379 -0.424819 -0.108446 0.461025 -0.880736 0.092911 0.551899 0.764806 0.332385 0.481981
157 0.826849 -0.450265 -0.33702 -0.425021 -0.108032 0.460918 -0.880843 0.0928463 0.551951 0.764732 0.332467 0.481941
158 0.82436 -0.451574 -0.341338 -0.425902 -0.114951 0.456891 -0.882064 0.0892561 0.554271 0.766375 0.324734 0.483739
159 0.822216 -0.453556 -0.343872 -0.42764 -0.119501 0.453131 -0.883398 0.0868291 0.55649 0.767437 0.318371 0.484374
160 0.82173 -0.452778 -0.346052 -0.428771 -0.124786 0.449541 -0.8845 0.0835048 0.556047 0.770003 0.312901 0.485741
161 0.821735 -0.450828 -0.348578 -0.429539 -0.130635 0.446369 -0.885262 0.0803873 0.554695 0.772987 0.307903 0.487114
162 0.821576 -0.448717 -0.351662 -0.430312 -0.136144 0.444571 -0.885337 0.0773181 0.553604 0.775248 0.304159 0.488396
163 0.820488 -0.447204 -0.356101 -0.430952 -0.142228 0.443642 -0.884846 0.0741777 0.553688 0.776653 0.300398 0.489896
164 0.818289 -0.448236 -0.359844 -0.431761 -0.147085 0.441901 -0.884923 0.0707492 0.555669 0.777051 0.295674 0.491751
165 0.81758 -0.448758 -0.360804 -0.432731 -0.151056 0.437499 -0.886441 0.0673699 0.555648 0.779238 0.289903 0.493622
166 0.818521 -0.449993 -0.357113 -0.43459 -0.151169 0.431009 -0.889595 0.0646704 0.55423 0.782137 0.284765 0.494772
167 0.818542 -0.450861 -0.355967 -0.4355 -0.15267 0.426642 -0.891442 0.0617684 0.553787 0.784028 0.280392 0.496059
168 0.819693 -0.449197 -0.355424 -0.436493 -0.155698 0.422408 -0.892933 0.0585209 0.551237 0.787269 0.276306 0.497532
169 0.820581 -0.449577 -0.352884 -0.437405 -0.156842 0.416597 -0.895459 0.0552003 0.549588 0.790144 0.271339 0.499167
170 0.820132 -0.452974 -0.349569 -0.438248 -0.156256 0.410414 -0.898412 0.0523095 0.550425 0.791439 0.265814 0.500638
171 0.820461 -0.455554 -0.34542 -0.439362 -0.154231 0.405422 -0.901025 0.0492642 0.550506 0.79253 0.262373 0.502053
172 0.821205 -0.457692 -0.340793 -0.440221 -0.152014 0.400171 -0.903745 0.0451207 0.550012 0.793965 0.259047 0.503481
173 0.821754 -0.461758 -0.333917 -0.441304 -0.147901 0.393071 -0.907535 0.041765 0.550315 0.795157 0.254713 0.505052
174 0.822307 -0.464579 -0.328599 -0.442015 -0.144753 0.387686 -0.910355 0.0380313 0.550325 0.796157 0.251548 0.506583
175 0.823549 -0.46581 -0.32371 -0.443122 -0.14297 0.381796 -0.913122 0.0343291 0.548933 0.798281 0.247831 0.508274
176 0.825031 -0.467103 -0.318024 -0.443813 -0.1405 0.375553 -0.916089 0.0306474 0.547343 0.800484 0.244215 0.509988
177 0.825198 -0.471383 -0.311202 -0.444632 -0.135741 0.369311 -0.919339 0.0278745 0.548291 0.800879 0.240769 0.510874
178 0.826583 -0.474766 -0.302255 -0.445712 -0.130018 0.361436 -0.923287 0.0239719 0.547591 0.802472 0.237029 0.512547
179 0.828214 -0.479543 -0.290001 -0.44663 -0.12073 0.352652 -0.927934 0.0203284 0.547253 0.803539 0.234176 0.514189
180 0.828237 -0.486462 -0.278171 -0.447101 -0.110322 0.345136 -0.932046 0.0171851 0.549412 0.802643 0.232187 0.515761
181 0.825407 -0.496096 -0.26943 -0.448044 -0.100753 0.340144 -0.93496 0.0137126 0.555475 0.798868 0.230774 0.51727
182 0.825435 -0.496028 -0.26947 -0.448014 -0.100791 0.340187 -0.934941 0.0137132 0.555427 0.798893 0.230807 0.517245
183 0.822575 -0.505103 -0.261231 -0.4491 -0.0912803 0.336144 -0.937377 0.00954448 0.561283 0.794908 0.230397 0.519044
184 0.820715 -0.513074 -0.251361 -0.450121 -0.0812696 0.330641 -0.940251 0.0053296 0.565528 0.792106 0.229665 0.520877
185 0.820119 -0.519283 -0.240313 -0.450877 -0.0710277 0.324347 -0.943268 0.00142831 0.567768 0.79066 0.229119 0.522582
186 0.820711 -0.524016 -0.227684 -0.452074 -0.0600648 0.317165 -0.946466 -0.00155124 0.568177 0.790451 0.228826 0.52399
187 0.8213 -0.52867 -0.214417 -0.453026 -0.0480675 0.31038 -0.949396 -0.00529099 0.568468 0.790046 0.229503 0.525503
188 0.819355 -0.535685 -0.204205 -0.45369 -0.0375556 0.30528 -0.951522 -0.00917139 0.572055 0.787303 0.230015 0.527095
189 0.815582 -0.544675 -0.195333 -0.454412 -0.0276646 0.300483 -0.953386 -0.0130875 0.57798 0.782968 0.23 0.528671
190 0.813797 -0.550802 -0.185343 -0.455304 -0.0187338 0.293895 -0.955654 -0.0160427 0.580847 0.781181 0.228852 0.530125
191 0.811653 -0.55684 -0.176488 -0.456071 -0.010296 0.288449 -0.95744 -0.0194839 0.584049 0.778926 0.228387 0.531575
192 0.810011 -0.561931 -0.167679 -0.456975 -0.00251612 0.282607 -0.959233 -0.0232108 0.58641 0.77741 0.227501 0.532887
193 0.809691 -0.564911 -0.158984 -0.457697 0.00470253 0.277145 -0.960817 -0.0268751 0.586838 0.777217 0.227058 0.534192
194 0.809795 -0.564472 -0.160008 -0.457361 0.0033608 0.277178 -0.960813 -0.0259443 0.586703 0.777524 0.226355 0.53398
195 0.808872 -0.567848 -0.152562 -0.458084 0.00972289 0.272348 -0.96215 -0.0291273 0.587905 0.776772 0.225816 0.535258
196 0.807245 -0.571403 -0.14783 -0.458601 0.0144851 0.269572 -0.962871 -0.0321028 0.590038 0.775132 0.225888 0.536496
197 0.805358 -0.575222 -0.14324 -0.459233 0.019887 0.26772 -0.963292 -0.0353587 0.592455 0.772946 0.22705 0.537843
198 0.803975 -0.578512 -0.137653 -0.459692 0.0258648 0.265281 -0.963824 -0.038912 0.594101 0.77133 0.228242 0.538943
199 0.803727 -0.581102 -0.12784 -0.460396 0.0347846 0.260381 -0.964879 -0.0424335 0.59398 0.771053 0.229488 0.53986
200 0.802419 -0.584937 -0.118205 -0.460869 0.0434967 0.254879 -0.965994 -0.0455539 0.595174 0.769991 0.229962 0.54096
201 0.801301 -0.588024 -0.110206 -0.461395 0.0501602 0.249595 -0.96705 -0.0487563 0.596155 0.76937 0.229496 0.542045
202 0.801256 -0.588086 -0.1102 -0.461398 0.0501357 0.249526 -0.967069 -0.0487575 0.596218 0.769345 0.229419 0.542064
203 0.800785 -0.589885 -0.10382 -0.46173 0.0558624 0.246138 -0.967624 -0.051613 0.596341 0.769059 0.230056 0.542926
204 0.799997 -0.591898 -0.0982865 -0.4621 0.0619461 0.244413 -0.967691 -0.0545656 0.596797 0.768062 0.232196 0.543805
205 0.799095 -0.594087 -0.0922337 -0.462997 0.0680887 0.241857 -0.96792 -0.0579706 0.597336 0.76718 0.233718 0.544708
206 0.798798 -0.595618 -0.0846211 -0.46337 0.0758071 0.239194 -0.968008 -0.0613494 0.596804 0.766828 0.23622 0.54568
207 0.798376 -0.597499 -0.0747703 -0.463737 0.0853345 0.235183 -0.968198 -0.0646192 0.596082 0.766606 0.238752 0.546616
208 0.797734 -0.599664 -0.0634333 -0.463812 0.0963757 0.230632 -0.968256 -0.0675698 0.595259 0.766297 0.241776 0.547377
209 0.797714 -0.599667 -0.0636529 -0.463738 0.0961319 0.23066 -0.968274 -0.0675644 0.595324 0.766287 0.241648 0.547422
210 0.797027 -0.601834 -0.0504252 -0.464338 0.109089 0.225583 -0.968097 -0.0709603 0.594009 0.766099 0.245449 0.548355
211 0.796634 -0.60323 -0.0385592 -0.464769 0.119856 0.220164 -0.968072 -0.0729419 0.59246 0.766577 0.247691 0.54919
212 0.796868 -0.6035 -0.0280836 -0.464923 0.130469 0.217288 -0.967349 -0.0758625 0.589897 0.767186 0.251888 0.550031
213 0.796012 -0.605033 -0.0172999 -0.465086 0.142005 0.21446 -0.966355 -0.07876 0.588387 0.766774 0.25663 0.550916
214 0.7933 -0.608804 -0.00570187 -0.465384 0.154473 0.210326 -0.96535 -0.0818702 0.588908 0.764932 0.260896 0.551859
215 0.790092 -0.612963 0.00551952 -0.465904 0.164655 0.203546 -0.965121 -0.0839304 0.59046 0.763443 0.261748 0.553267
216 0.786146 -0.617731 0.0195894 -0.466375 0.179455 0.19782 -0.963672 -0.0871397 0.591414 0.761102 0.26637 0.554102
217 0.786196 -0.617673 0.0194063 -0.466325 0.179376 0.19804 -0.963641 -0.0871352 0.591372 0.761092 0.266494 0.554066
218 0.781782 -0.622633 0.0338428 -0.466569 0.193448 0.190583 -0.962422 -0.089904 0.592785 0.758951 0.269442 0.554827
219 0.779683 -0.624495 0.0458352 -0.466623 0.204149 0.184316 -0.961432 -0.0923189 0.591961 0.758969 0.271198 0.555555
220 0.778932 -0.624615 0.0558759 -0.466656 0.214265 0.181342 -0.959795 -0.0942226 0.589369 0.759586 0.275086 0.55632
221 0.777389 -0.625387 0.0674999 -0.466944 0.227501 0.179494 -0.957092 -0.0967612 0.586438 0.75939 0.281813 0.557029
222 0.7741 -0.628131 0.078866 -0.467183 0.240801 0.17694 -0.95431 -0.0991911 0.585477 0.757722 0.288224 0.557828
223 0.774238 -0.627999 0.0785659 -0.467114 0.240577 0.177209 -0.954316 -0.0991326 0.585387 0.757769 0.288284 0.557799
224 0.769521 -0.632188 0.0904238 -0.467451 0.254436 0.173631 -0.951375 -0.101566 0.585747 0.75511 0.294464 0.558503
225 0.765433 -0.635055 0.104007 -0.467751 0.269166 0.169146 -0.948124 -0.103768 0.584518 0.753721 0.300405 0.55892
226 0.762363 -0.636226 0.118403 -0.467951 0.282851 0.163024 -0.945208 -0.10579 0.582063 0.754082 0.304241 0.55959
227 0.762588 -0.636069 0.117796 -0.467806 0.282511 0.163659 -0.9452 -0.105724 0.581934 0.754077 0.3045 0.55951
228 0.760192 -0.636372 0.130913 -0.467974 0.296777 0.160881 -0.941297 -0.107662 0.577954 0.754419 0.311161 0.560033
229 0.756321 -0.638575 0.142128 -0.46795 0.311136 0.160001 -0.9368 -0.109337 0.575477 0.752743 0.319696 0.560464
230 0.752569 -0.640742 0.15195 -0.468131 0.324105 0.159538 -0.932472 -0.111493 0.573232 0.750997 0.327732 0.56097
231 0.748143 -0.643118 0.163347 -0.468282 0.339568 0.159584 -0.926945 -0.113144 0.570067 0.748954 0.337773 0.561414
232 0.748168 -0.643093 0.163327 -0.46828 0.339538 0.159596 -0.926954 -0.113133 0.570051 0.748973 0.337759 0.561419
233 0.741069 -0.648482 0.174032 -0.46844 0.355141 0.158609 -0.921259 -0.114824 0.569817 0.744523 0.347843 0.562023
234 0.732154 -0.655608 0.184741 -0.468629 0.36991 0.154969 -0.916052 -0.116716 0.571942 0.739029 0.355977 0.562593
235 0.725447 -0.65988 0.195663 -0.468789 0.385065 0.153488 -0.910037 -0.118241 0.570483 0.735527 0.365444 0.562753
236 0.725468 -0.659862 0.195648 -0.468785 0.385012 0.153459 -0.910064 -0.118231 0.570492 0.735549 0.365385 0.56277
237 0.720283 -0.661752 0.20803 -0.468981 0.401282 0.152872 -0.903107 -0.119883 0.565831 0.733972 0.37566 0.563197
238 0.715404 -0.663832 0.218 -0.468951 0.414906 0.152573 -0.896981 -0.121383 0.562184 0.732153 0.384579 0.563652
239 0.715712 -0.66369 0.217423 -0.468782 0.4143 0.15285 -0.897214 -0.121347 0.562239 0.732224 0.384363 0.563728
240 0.708019 -0.667871 0.229472 -0.469383 0.429907 0.149835 -0.890354 -0.123134 0.560259 0.729039 0.393208 0.564193
241 0.701988 -0.670065 0.2413 -0.469374 0.44511 0.148295 -0.883111 -0.124542 0.555959 0.727338 0.402354 0.564624
242 0.695325 -0.671903 0.255089 -0.469492 0.462335 0.146436 -0.87453 -0.126149 0.550245 0.726019 0.412465 0.565002
243 0.695317 -0.671887 0.255152 -0.469502 0.46234 0.146353 -0.874541 -0.126156 0.550251 0.72605 0.412402 0.565022
244 0.687192 -0.674815 0.269059 -0.469596 0.479991 0.14374 -0.865417 -0.127587 0.545322 0.723854 0.422682 0.565502
245 0.677731 -0.678641 0.283068 -0.469727 0.497316 0.139485 -0.856283 -0.129316 0.541625 0.721103 0.432033 0.566149
246 0.669572 -0.679492 0.299941 -0.470031 0.516148 0.135283 -0.845748 -0.131789 0.534102 0.721103 0.4413 0.566509
247 0.669558 -0.679527 0.299893 -0.470015 0.516164 0.135349 -0.845728 -0.131801 0.534105 0.721057 0.441371 0.566489
248 0.662784 -0.678409 0.316985 -0.470218 0.534507 0.132153 -0.834768 -0.133435 0.524423 0.722701 0.450203 0.566854
249 0.662777 -0.678364 0.317094 -0.470248 0.534447 0.131929 -0.834842 -0.133413 0.524493 0.722784 0.449989 0.566912
250 0.654357 -0.678376 0.3341 -0.470354 0.553953 0.129283 -0.822449 -0.135177 0.514737 0.723251 0.460386 0.567346
251 0.642528 -0.679677 0.353832 -0.470869 0.575626 0.123343 -0.808357 -0.13783 0.505779 0.723067 0.47049 0.567783
252 0.642554 -0.679686 0.353768 -0.470854 0.575617 0.123435 -0.808349 -0.137824 0.505756 0.723043 0.470553 0.567763
253 0.628241 -0.682827 0.372908 -0.471123 0.597646 0.116671 -0.793226 -0.139619 0.498128 0.721204 0.481386 0.568189
254 0.612194 -0.686924 0.391604 -0.471305 0.620238 0.11 -0.776662 -0.141452 0.490432 0.718356 0.493398 0.568666
255 0.61209 -0.685949 0.39347 -0.471532 0.621787 0.110046 -0.775417 -0.142217 0.488597 0.71928 0.493872 0.568733
256 0.596275 -0.690551 0.409384 -0.471441 0.642078 0.10414 -0.759533 -0.143895 0.481863 0.715748 0.505484 0.569342
257 0.580535 -0.695031 0.424159 -0.471341 0.661319 0.0985778 -0.743599 -0.145667 0.475012 0.71219 0.516865 0.569967
258 0.566529 -0.700327 0.434266 -0.47096 0.677083 0.0952342 -0.729719 -0.146863 0.469685 0.707441 0.528132 0.570505
259 0.566693 -0.699766 0.434955 -0.47115 0.676952 0.0945113 -0.729934 -0.14679 0.469675 0.708092 0.527267 0.570737
260 0.551341 -0.706192 0.444203 -0.470911 0.693958 0.0926564 -0.714029 -0.148836 0.463083 0.701931 0.541153 0.571383
261 0.550884 -0.705358 0.44609 -0.471106 0.6953 0.0922476 -0.712775 -0.149245 0.461611 0.702823 0.541253 0.571493
262 0.535087 -0.709612 0.458402 -0.470775 0.712922 0.0881828 -0.695677 -0.151492 0.453237 0.699053 0.553083 0.572395
263 0.516969 -0.713908 0.472312 -0.470814 0.731394 0.0817085 -0.677043 -0.153334 0.444754 0.695456 0.564388 0.572964
264 0.516939 -0.713898 0.47236 -0.470825 0.731423 0.0816722 -0.677016 -0.153334 0.444742 0.69547 0.564381 0.572965
265 0.497579 -0.720021 0.48372 -0.470688 0.748475 0.0745438 -0.65896 -0.154956 0.438407 0.689937 0.576009 0.573622
266 0.497582 -0.720024 0.483713 -0.470687 0.748466 0.0745399 -0.658971 -0.154953 0.438419 0.689935 0.576003 0.573623
267 0.479146 -0.724594 0.495361 -0.470392 0.765342 0.0685901 -0.639959 -0.156826 0.429734 0.685754 0.587427 0.574334
268 0.459767 -0.727174 0.509737 -0.470653 0.783425 0.0618435 -0.618402 -0.159126 0.418162 0.683661 0.59812 0.574857
269 0.459729 -0.727133 0.50983 -0.470675 0.783455 0.0617669 -0.618371 -0.159137 0.418148 0.683712 0.598072 0.57487
270 0.440911 -0.731693 0.51983 -0.470655 0.798718 0.0556525 -0.599126 -0.160508 0.409446 0.679359 0.608954 0.575515
271 0.440765 -0.731674 0.519979 -0.470695 0.798842 0.0555574 -0.59897 -0.160551 0.409362 0.679386 0.60898 0.575507
272 0.42284 -0.735787 0.528984 -0.470441 0.813762 0.0514457 -0.578917 -0.162526 0.398746 0.675256 0.620509 0.57646
273 0.403793 -0.739546 0.538538 -0.470089 0.829105 0.0470013 -0.557114 -0.164674 0.3867 0.671463 0.63214 0.577261
274 0.403772 -0.739543 0.538557 -0.470093 0.829121 0.0469903 -0.55709 -0.16468 0.386686 0.671467 0.632145 0.57726
275 0.385089 -0.743498 0.546733 -0.469822 0.841748 0.0400756 -0.538382 -0.165929 0.378375 0.667536 0.64127 0.577991
276 0.366784 -0.747975 0.553175 -0.469381 0.853495 0.0339598 -0.519993 -0.167026 0.370156 0.662858 0.650849 0.578836
277 0.351538 -0.750912 0.559064 -0.468324 0.863726 0.0298012 -0.50308 -0.168088 0.361108 0.659729 0.659058 0.580161
278 0.351433 -0.750995 0.559018 -0.4683 0.863797 0.0298352 -0.502955 -0.168127 0.361038 0.659634 0.659192 0.580136
279 0.332893 -0.754274 0.565909 -0.468048 0.873826 0.0211922 -0.485778 -0.169352 0.354416 0.656218 0.666158 0.581005
280 0.317442 -0.756925 0.571223 -0.467556 0.882865 0.016056 -0.469353 -0.170136 0.346093 0.653304 0.673359 0.581776
281 0.31973 -0.756822 0.570082 -0.467068 0.88216 0.0182001 -0.470597 -0.170155 0.345783 0.653368 0.673457 0.582045
282 0.304563 -0.7593 0.57507 -0.466736 0.891735 0.0151217 -0.452305 -0.171146 0.334739 0.650565 0.6817 0.582766
283 0.291163 -0.76291 0.577228 -0.466117 0.899222 0.0123048 -0.437319 -0.172333 0.326532 0.646388 0.689608 0.583672
284 0.280023 -0.764927 0.580063 -0.465556 0.906039 0.010868 -0.423056 -0.173428 0.317303 0.644025 0.696097 0.584649
285 0.269461 -0.765948 0.583707 -0.465092 0.913142 0.0107005 -0.4075 -0.174462 0.305878 0.642813 0.702303 0.585514
286 0.269262 -0.765881 0.583887 -0.46513 0.913236 0.0105577 -0.407294 -0.174521 0.305774 0.642895 0.702273 0.585524
287 0.257717 -0.767074 0.587519 -0.464609 0.920396 0.00985804 -0.390863 -0.175694 0.294029 0.641483 0.708553 0.586492
288 0.246155 -0.768387 0.590754 -0.463902 0.92673 0.0080797 -0.375641 -0.177132 0.283864 0.639935 0.714076 0.587401
289 0.234521 -0.769309 0.594275 -0.463407 0.932549 0.00541821 -0.361002 -0.177923 0.274502 0.638854 0.718689 0.588262
290 0.234581 -0.769317 0.594241 -0.4634 0.932531 0.00546511 -0.361048 -0.177909 0.274513 0.638844 0.718694 0.588259
291 0.220386 -0.770408 0.598249 -0.462979 0.938595 0.000577285 -0.345021 -0.179264 0.265461 0.637551 0.723229 0.589243
292 0.209367 -0.770375 0.602236 -0.46247 0.943346 -0.00300509 -0.331798 -0.180056 0.257419 0.637584 0.726101 0.590234
293 0.198084 -0.770268 0.606177 -0.462159 0.949032 -0.00396292 -0.315156 -0.181518 0.245157 0.637709 0.730223 0.590922
294 0.187477 -0.770659 0.609047 -0.461613 0.953115 -0.00721927 -0.302522 -0.18221 0.237538 0.637207 0.733173 0.591848
295 0.177758 -0.770619 0.612004 -0.461063 0.956707 -0.0103178 -0.290869 -0.182628 0.230464 0.637213 0.735422 0.592772
296 0.169415 -0.770523 0.614486 -0.460448 0.9603 -0.0111553 -0.278745 -0.182905 0.221634 0.637315 0.738043 0.593538
297 0.155735 -0.769551 0.619305 -0.460169 0.965156 -0.0149236 -0.261249 -0.184239 0.210287 0.638411 0.740412 0.594377
298 0.142429 -0.768733 0.623509 -0.460003 0.969947 -0.0171497 -0.24271 -0.185393 0.197272 0.63934 0.743188 0.594728
299 0.132737 -0.767877 0.626694 -0.459565 0.973018 -0.0194387 -0.229909 -0.185763 0.188724 0.640302 0.744578 0.595605
300 0.124066 -0.767668 0.628724 -0.459257 0.975924 -0.0201466 -0.217177 -0.186298 0.179387 0.640531 0.746686 0.596335
301 0.113855 -0.768598 0.629519 -0.459118 0.978992 -0.0210868 -0.202807 -0.187336 0.169151 0.639384 0.750051 0.596969
302 0.102103 -0.770392 0.629342 -0.459287 0.982484 -0.021043 -0.185155 -0.188838 0.155885 0.637223 0.754749 0.597272
303 0.0927198 -0.772101 0.628699 -0.458867 0.984634 -0.0227414 -0.173141 -0.189559 0.14798 0.635093 0.758129 0.597913
304 0.0836447 -0.771326 0.63092 -0.458704 0.986971 -0.023205 -0.159218 -0.190138 0.137449 0.636017 0.759335 0.598338
305 0.0719381 -0.770737 0.63308 -0.45874 0.989236 -0.0259569 -0.14401 -0.190619 0.127426 0.636625 0.760573 0.598908
306 0.0615797 -0.772208 0.632378 -0.458733 0.990778 -0.02932 -0.132283 -0.190984 0.120691 0.634692 0.763282 0.599365
307 0.0505444 -0.77448 0.630575 -0.459406 0.99285 -0.029402 -0.115695 -0.191928 0.108144 0.631914 0.767456 0.598773
308 0.0408393 -0.776919 0.628275 -0.459435 0.994284 -0.030481 -0.102323 -0.192147 0.0986473 0.628863 0.771233 0.599023
309 0.0317993 -0.779548 0.625535 -0.459462 0.995494 -0.0312353 -0.0895321 -0.192337 0.0893333 0.625563 0.775042 0.599163
310 0.0221694 -0.781561 0.623435 -0.459293 0.99639 -0.0338446 -0.0778605 -0.192256 0.0819526 0.62291 0.777989 0.599254
311 0.00924435 -0.781418 0.623939 -0.459365 0.997312 -0.0381512 -0.0625566 -0.19236 0.0726869 0.62284 0.778965 0.599301
312 -0.0052071 -0.781589 0.623772 -0.460358 0.998207 -0.0412577 -0.0433633 -0.192536 0.0596277 0.622428 0.780403 0.598175
313 -0.0222457 -0.784219 0.620086 -0.460744 0.998374 -0.0499863 -0.0274006 -0.192608 0.0524839 0.618468 0.784055 0.598097
314 -0.0406527 -0.789791 0.612028 -0.46073 0.997958 -0.0623015 -0.0141096 -0.192547 0.0492739 0.610204 0.79071 0.598209
315 -0.0528556 -0.79188 0.608385 -0.460805 0.997687 -0.067948 -0.00176412 -0.192406 0.0427355 0.606885 0.79364 0.598049
316 -0.0618268 -0.792237 0.607074 -0.461229 0.997612 -0.0678074 0.0131115 -0.192287 0.0307767 0.606435 0.794537 0.597653
317 -0.0767164 -0.792895 0.60451 -0.461912 0.99695 -0.069711 0.0350846 -0.192952 0.0143226 0.605358 0.795825 0.597045
318 -0.0913078 -0.795448 0.599103 -0.462335 0.995804 -0.0766026 0.0500602 -0.192982 0.00607262 0.601161 0.799105 0.596699
319 -0.105525 -0.797657 0.593809 -0.462628 0.994417 -0.084732 0.0628966 -0.193018 0.000144653 0.59713 0.802144 0.596469
320 -0.11783 -0.797781 0.591322 -0.463013 0.992985 -0.0887501 0.0781308 -0.192987 -0.00985141 0.59638 0.802642 0.596191
321 -0.12866 -0.798664 0.587863 -0.463435 0.991433 -0.0901286 0.0945387 -0.193093 -0.0225214 0.59499 0.803418 0.595915
322 -0.139735 -0.798009 0.586222 -0.464564 0.989582 -0.0918239 0.110885 -0.193397 -0.0346581 0.59561 0.802526 0.595588
323 -0.149698 -0.79919 0.582139 -0.464984 0.987764 -0.0948391 0.123805 -0.193426 -0.0437343 0.593549 0.803609 0.595255
324 -0.162068 -0.800127 0.577522 -0.465442 0.985402 -0.100314 0.13755 -0.193477 -0.0521243 0.591383 0.804704 0.594904
325 -0.182958 -0.806097 0.562791 -0.466472 0.980987 -0.111998 0.158493 -0.193509 -0.0647295 0.581089 0.811262 0.594256
326 -0.194408 -0.809817 0.553536 -0.466632 0.978472 -0.120247 0.16773 -0.193617 -0.0692694 0.574227 0.81576 0.594821
327 -0.200312 -0.815034 0.543686 -0.466842 0.97702 -0.124912 0.172713 -0.193572 -0.0728541 0.565788 0.821326 0.594647
328 -0.20341 -0.820096 0.534853 -0.466959 0.976021 -0.126599 0.177077 -0.193432 -0.0775081 0.558046 0.826182 0.594285
329 -0.209875 -0.82765 0.520526 -0.467642 0.973583 -0.127935 0.189127 -0.193435 -0.0899378 0.546468 0.832637 0.59351
330 -0.214157 -0.831458 0.512654 -0.467731 0.972593 -0.132855 0.190819 -0.193332 -0.0905494 0.539469 0.837122 0.593266
331 -0.218384 -0.832325 0.509454 -0.468014 0.971568 -0.13652 0.193435 -0.193299 -0.0914505 0.537213 0.838474 0.593269
332 -0.22224 -0.834172 0.504744 -0.468442 0.970392 -0.139017 0.197519 -0.193247 -0.0945969 0.533697 0.840369 0.592686
333 -0.228663 -0.838984 0.49378 -0.469003 0.968538 -0.144883 0.202346 -0.193261 -0.0982246 0.524513 0.845717 0.59191
334 -0.230887 -0.840513 0.490132 -0.469393 0.968012 -0.147589 0.202906 -0.193211 -0.0982067 0.521302 0.847703 0.591261
335 -0.233992 -0.842209 0.485728 -0.469845 0.967057 -0.150106 0.205593 -0.193311 -0.100241 0.517833 0.849588 0.590703
336 -0.237957 -0.844422 0.479926 -0.470513 0.966227 -0.155486 0.2055 -0.193354 -0.0989068 0.512617 0.852902 0.590371
337 -0.241055 -0.849092 0.470038 -0.47098 0.965672 -0.161537 0.20343 -0.193294 -0.0968024 0.502941 0.858883 0.589911
338 -0.253371 -0.857338 0.448079 -0.472168 0.962764 -0.17834 0.203176 -0.192787 -0.0942803 0.482873 0.8706 0.588728
339 -0.259417 -0.860627 0.438206 -0.472477 0.960731 -0.183698 0.207971 -0.192592 -0.0984875 0.474949 0.874485 0.588267
340 -0.265113 -0.86321 0.429631 -0.472825 0.958755 -0.188635 0.212616 -0.192524 -0.102488 0.468278 0.877617 0.587959
341 -0.266766 -0.866196 0.42254 -0.473079 0.957995 -0.190437 0.214428 -0.192642 -0.105269 0.461993 0.880614 0.58819
342 -0.269184 -0.86763 0.41804 -0.473411 0.957479 -0.19431 0.213254 -0.192499 -0.103796 0.457669 0.883043 0.588017
343 -0.271696 -0.867974 0.415695 -0.473917 0.956575 -0.196182 0.215584 -0.192422 -0.105569 0.456217 0.883584 0.587245
344 -0.270309 -0.873216 0.405495 -0.474631 0.955945 -0.193354 0.220867 -0.192288 -0.114461 0.447333 0.887013 0.586392
345 -0.270767 -0.875226 0.40083 -0.474739 0.955378 -0.193254 0.223397 -0.192234 -0.118061 0.443433 0.888498 0.586028
346 -0.271766 -0.874999 0.40065 -0.474866 0.954735 -0.192823 0.226494 -0.192184 -0.120927 0.444068 0.887795 0.585636
347 -0.273273 -0.874779 0.400104 -0.475423 0.953887 -0.192739 0.230109 -0.192268 -0.124179 0.444537 0.887111 0.584847
348 -0.276665 -0.876259 0.394495 -0.475578 0.952176 -0.19457 0.235594 -0.192261 -0.129685 0.440809 0.888183 0.584231
349 -0.285865 -0.876415 0.387528 -0.475983 0.948595 -0.201486 0.244073 -0.192434 -0.135828 0.437379 0.88896 0.583429
350 -0.29956 -0.877207 0.375196 -0.476161 0.943739 -0.214705 0.251512 -0.19248 -0.140071 0.42943 0.892171 0.583248
351 -0.331727 -0.877122 0.347295 -0.476317 0.932293 -0.248543 0.262785 -0.192466 -0.144177 0.410954 0.900183 0.582472
352 -0.347716 -0.874795 0.337383 -0.476046 0.925875 -0.26364 0.270645 -0.192423 -0.147811 0.406482 0.901623 0.582131
353 -0.360206 -0.869072 0.339066 -0.475696 0.920546 -0.272245 0.280139 -0.192329 -0.151152 0.413034 0.898085 0.582269
354 -0.370014 -0.861639 0.347371 -0.475892 0.916179 -0.276463 0.290144 -0.192427 -0.153964 0.425612 0.891712 0.581876
355 -0.376512 -0.855983 0.354304 -0.476085 0.912614 -0.276948 0.300723 -0.192613 -0.15929 0.436569 0.885457 0.581434
356 -0.380857 -0.851211 0.361094 -0.476212 0.909793 -0.275298 0.310624 -0.192821 -0.164998 0.446824 0.879275 0.581127
