11 0.999035 0.00815225 0.0431504 -0.0121276 -0.00642059 0.999174 -0.0401184 0.0564961 -0.0434418 0.0398027 0.998263 0.0178782
12 0.998802 0.0122282 0.0473853 -0.0131407 -0.0100024 0.998848 -0.0469262 0.0639226 -0.0479045 0.046396 0.997774 0.0210592
13 0.998475 0.0190475 0.0518147 -0.014491 -0.0161599 0.998323 -0.0555883 0.0733151 -0.0527866 0.0546662 0.997108 0.024172
14 0.99809 0.027828 0.0551493 -0.0135338 -0.0239293 0.99725 -0.0701361 0.0872092 -0.0569494 0.0686825 0.996012 0.0302707
15 0.997609 0.0326483 0.0609079 -0.0139899 -0.0276717 0.996343 -0.0808328 0.0961423 -0.0633242 0.0789541 0.994865 0.0351794
16 0.997125 0.0362127 0.0665646 -0.0157305 -0.030103 0.995432 -0.0906008 0.102826 -0.0695415 0.0883365 0.99366 0.0401323
17 0.996771 0.0412555 0.0688854 -0.0147796 -0.0339083 0.993935 -0.104615 0.111167 -0.0727835 0.101941 0.992124 0.0441209
18 0.996123 0.0503651 0.0721254 -0.0154276 -0.0411706 0.991461 -0.12373 0.125534 -0.0777412 0.120281 0.989691 0.0479463
19 0.995123 0.0608004 0.0776792 -0.0175104 -0.0491963 0.988438 -0.143425 0.143008 -0.0855013 0.138903 0.986608 0.0495655
20 0.994129 0.0720761 0.0807033 -0.0154751 -0.0588191 0.985998 -0.156042 0.155482 -0.0908202 0.150379 0.984448 0.0564167
21 0.993088 0.079468 0.0863811 -0.0151813 -0.0640262 0.983573 -0.168775 0.164917 -0.0983743 0.162078 0.981862 0.0621355
22 0.992238 0.0861218 0.0897022 -0.0136869 -0.0689621 0.981362 -0.179369 0.172327 -0.103478 0.171791 0.979684 0.068048
23 0.99119 0.0944469 0.092855 -0.0136757 -0.0753638 0.978694 -0.190994 0.179533 -0.108915 0.182313 0.977189 0.0736693
24 0.989943 0.103949 0.0959499 -0.0135616 -0.0824939 0.975198 -0.205388 0.189886 -0.11492 0.195407 0.973966 0.0775322
25 0.988695 0.112444 0.0991871 -0.0122451 -0.0883155 0.971312 -0.220801 0.201723 -0.121169 0.209546 0.970262 0.0838813
26 0.987499 0.119551 0.102731 -0.0121226 -0.0931026 0.968281 -0.23187 0.209355 -0.127193 0.219407 0.967307 0.0886469
27 0.986374 0.127647 0.103794 -0.0101778 -0.0987622 0.963981 -0.246955 0.220445 -0.131579 0.233339 0.963452 0.0949089
28 0.984422 0.140184 0.106125 -0.00863873 -0.108169 0.958711 -0.263006 0.232892 -0.138612 0.24743 0.95894 0.101627
29 0.982274 0.152482 0.109024 -0.00608634 -0.116968 0.953095 -0.279157 0.244835 -0.146477 0.261456 0.954036 0.109383
30 0.979855 0.163742 0.114336 -0.0057706 -0.124573 0.948602 -0.290924 0.253965 -0.156096 0.27082 0.94989 0.11531
31 0.976417 0.17858 0.121319 -0.00852345 -0.133413 0.940914 -0.31126 0.265486 -0.169735 0.287734 0.942549 0.129585
32 0.974868 0.188365 0.11896 -0.00633626 -0.140537 0.93428 -0.327674 0.276783 -0.172864 0.302721 0.937272 0.136829
33 0.972987 0.200079 0.115169 -0.00187237 -0.150163 0.927421 -0.342551 0.288883 -0.175347 0.316004 0.932413 0.144376
34 0.969874 0.214741 0.115029 0.00190093 -0.161686 0.920625 -0.355398 0.300512 -0.182217 0.326092 0.92761 0.152356
35 0.967327 0.22446 0.117879 0.0023356 -0.168421 0.91645 -0.36298 0.306294 -0.189505 0.331267 0.924311 0.160899
36 0.965912 0.230568 0.117699 0.00257987 -0.172892 0.912965 -0.369599 0.310701 -0.192673 0.336651 0.921707 0.1675
37 0.964423 0.238148 0.114774 0.00403298 -0.178712 0.907236 -0.380769 0.316636 -0.194807 0.346711 0.917519 0.176892
38 0.964279 0.240474 0.11108 0.00564586 -0.179157 0.900955 -0.395199 0.324426 -0.195113 0.361181 0.911855 0.184364
39 0.963665 0.245263 0.105814 0.00900895 -0.183053 0.894862 -0.40708 0.333833 -0.19453 0.372919 0.907243 0.191142
40 0.961508 0.25575 0.100472 0.014991 -0.19289 0.888637 -0.416073 0.341421 -0.195694 0.380677 0.903763 0.200896
41 0.959277 0.264517 0.0990892 0.0195911 -0.199544 0.882886 -0.425082 0.346254 -0.199926 0.387999 0.899715 0.210272
42 0.957297 0.270678 0.101562 0.0208319 -0.202347 0.878226 -0.433331 0.351764 -0.206487 0.394275 0.895494 0.216708
43 0.956356 0.273762 0.102169 0.0209979 -0.203492 0.874895 -0.439488 0.353334 -0.209702 0.399516 0.892419 0.223999
44 0.954945 0.279825 0.098879 0.0229594 -0.207444 0.867616 -0.451895 0.359178 -0.212241 0.411023 0.886574 0.233277
45 0.95292 0.287594 0.0960848 0.0241786 -0.213379 0.86116 -0.461382 0.364085 -0.215435 0.419158 0.881983 0.240316
46 0.951066 0.294703 0.0928636 0.025924 -0.219254 0.855431 -0.469219 0.368174 -0.217719 0.425897 0.878186 0.248391
47 0.949204 0.301933 0.0885871 0.0280606 -0.225444 0.84897 -0.477937 0.37149 -0.219513 0.433689 0.873915 0.258685
48 0.947224 0.308923 0.0856346 0.0279439 -0.231051 0.843073 -0.485638 0.374927 -0.222221 0.440222 0.869956 0.266002
49 0.943981 0.32072 0.0777038 0.0316724 -0.243057 0.835 -0.493659 0.376925 -0.223209 0.447118 0.866177 0.276718
50 0.939258 0.336065 0.0696711 0.0368353 -0.257045 0.823317 -0.50604 0.381278 -0.227424 0.457394 0.859691 0.288598
51 0.933777 0.351198 0.0687014 0.0390026 -0.267224 0.812008 -0.518879 0.386684 -0.238015 0.466158 0.852083 0.298935
52 0.929795 0.361425 0.0696647 0.0398327 -0.273356 0.804785 -0.526876 0.3894 -0.246491 0.470843 0.847083 0.307907
53 0.925342 0.37296 0.0681418 0.041829 -0.281592 0.796429 -0.535169 0.391193 -0.253867 0.476026 0.841992 0.318596
54 0.921689 0.382123 0.0668657 0.0424165 -0.287668 0.788887 -0.543052 0.390863 -0.260262 0.48129 0.837033 0.328203
55 0.9163 0.395657 0.0620485 0.0458763 -0.297488 0.776142 -0.555972 0.393961 -0.268133 0.490978 0.828882 0.338714
56 0.91051 0.409321 0.0585489 0.0498921 -0.306637 0.763412 -0.568486 0.395782 -0.27739 0.499659 0.820607 0.349231
57 0.906986 0.416686 0.0612308 0.050414 -0.307164 0.753931 -0.580723 0.396985 -0.288143 0.507899 0.811796 0.357736
58 0.905577 0.419307 0.0641266 0.0502076 -0.303929 0.746852 -0.591473 0.398871 -0.295902 0.516134 0.803771 0.365484
59 0.904383 0.421783 0.0647343 0.04848 -0.303735 0.742833 -0.59661 0.397736 -0.299727 0.519902 0.799916 0.371804
60 0.899968 0.432026 0.0584115 0.049601 -0.313017 0.733609 -0.60319 0.397733 -0.303445 0.524568 0.795456 0.380004
61 0.894348 0.444518 0.0504527 0.0534105 -0.323155 0.71989 -0.614271 0.399243 -0.309375 0.533068 0.78748 0.390554
62 0.88865 0.45615 0.0472025 0.0563403 -0.329667 0.706988 -0.625689 0.401469 -0.31878 0.540458 0.778643 0.40038
63 0.882138 0.468777 0.0456126 0.0582307 -0.337371 0.696483 -0.633318 0.401144 -0.328653 0.543286 0.772546 0.408183
64 0.87663 0.479035 0.0452218 0.0582664 -0.341576 0.685754 -0.642703 0.400827 -0.338888 0.547966 0.76478 0.416806
65 0.874191 0.483647 0.0433002 0.0566873 -0.342615 0.677541 -0.650809 0.400641 -0.3441 0.554097 0.758005 0.423335
66 0.873556 0.485251 0.0378219 0.0550768 -0.345541 0.673018 -0.653949 0.398741 -0.342784 0.558192 0.755593 0.427991
67 0.870766 0.490987 0.0264138 0.0567218 -0.352458 0.660737 -0.662722 0.398317 -0.34284 0.567766 0.7484 0.437489
68 0.867426 0.497325 0.0155141 0.0591867 -0.359669 0.648264 -0.671113 0.399511 -0.343818 0.576561 0.741193 0.445236
69 0.862985 0.50513 0.0100299 0.0595062 -0.367018 0.640426 -0.67465 0.399075 -0.347209 0.578532 0.73807 0.451169
70 0.856775 0.51567 0.00457696 0.0610911 -0.375523 0.629958 -0.679805 0.398485 -0.353439 0.580722 0.733378 0.460219
71 0.85122 0.524809 -0.000211111 0.0618024 -0.382375 0.619922 -0.68519 0.397348 -0.359463 0.583329 0.728364 0.468986
72 0.847539 0.53069 -0.00675209 0.0604766 -0.389423 0.613184 -0.687281 0.395128 -0.360593 0.585127 0.72636 0.474783
73 0.842946 0.53766 -0.0190561 0.0611945 -0.399245 0.601411 -0.692032 0.393546 -0.360618 0.590954 0.721615 0.483383
74 0.837087 0.546106 -0.0324465 0.0633423 -0.409964 0.586924 -0.698176 0.392169 -0.362235 0.597736 0.71519 0.492715
75 0.831724 0.55374 -0.0401017 0.0633342 -0.417904 0.57687 -0.701838 0.390616 -0.365502 0.600494 0.711207 0.499291
76 0.825146 0.562892 -0.0478313 0.0649115 -0.426098 0.56455 -0.706912 0.389735 -0.370912 0.603686 0.705682 0.506298
77 0.820047 0.569826 -0.0531078 0.0654665 -0.431644 0.554905 -0.711171 0.388383 -0.375774 0.606117 0.70101 0.513316
78 0.816036 0.57493 -0.0595006 0.0652551 -0.437355 0.546885 -0.713889 0.385504 -0.377896 0.608582 0.697726 0.519586
79 0.808575 0.5843 -0.0692816 0.0661822 -0.447311 0.533927 -0.71752 0.383629 -0.382256 0.61116 0.693083 0.526848
80 0.801616 0.592606 -0.0789222 0.0670881 -0.455204 0.519443 -0.723166 0.381911 -0.387557 0.615627 0.686151 0.534831
81 0.796451 0.598434 -0.0868495 0.0666439 -0.460596 0.507299 -0.728354 0.379712 -0.391813 0.620101 0.679675 0.540876
82 0.789055 0.606672 -0.0966493 0.0678524 -0.468745 0.492883 -0.733038 0.378569 -0.397077 0.623711 0.673286 0.547306
83 0.779234 0.617934 -0.104652 0.0692881 -0.478068 0.478073 -0.736815 0.37779 -0.405272 0.624183 0.667945 0.553759
84 0.770676 0.62769 -0.10984 0.0707292 -0.484823 0.465717 -0.740307 0.377436 -0.413529 0.62379 0.663235 0.55935
85 0.763926 0.635343 -0.112947 0.0709707 -0.48927 0.456144 -0.743335 0.375721 -0.420752 0.623115 0.659314 0.564728
86 0.758029 0.641488 -0.117836 0.0703085 -0.49455 0.447532 -0.745074 0.373359 -0.42522 0.623064 0.65649 0.569089
87 0.749388 0.649872 -0.126822 0.0695892 -0.504029 0.435679 -0.745747 0.371168 -0.429386 0.622776 0.654047 0.572457
88 0.74186 0.656341 -0.137334 0.0693263 -0.512793 0.423329 -0.746884 0.369077 -0.432073 0.624507 0.650618 0.576064
89 0.733451 0.66311 -0.149448 0.0699999 -0.522064 0.40873 -0.748591 0.36818 -0.435314 0.627077 0.645969 0.579597
90 0.724691 0.670323 -0.159655 0.0706683 -0.531081 0.395702 -0.749248 0.367595 -0.439062 0.627763 0.642758 0.583319
91 0.713895 0.678841 -0.171838 0.071302 -0.542487 0.380976 -0.748709 0.366307 -0.442788 0.62772 0.640239 0.587675
92 0.703027 0.68714 -0.183278 0.0718744 -0.553414 0.366748 -0.747816 0.364591 -0.446638 0.627164 0.638107 0.591993
93 0.695195 0.692415 -0.193042 0.0731199 -0.561809 0.355856 -0.746818 0.363719 -0.448413 0.627637 0.636394 0.595279
94 0.686503 0.699137 -0.199803 0.0732743 -0.569232 0.345768 -0.745935 0.361984 -0.452425 0.625821 0.635342 0.598831
95 0.680678 0.702652 -0.207261 0.0727068 -0.575151 0.337337 -0.745255 0.360037 -0.453738 0.626486 0.633749 0.601703
96 0.67662 0.703663 -0.216898 0.0729053 -0.580788 0.328938 -0.744638 0.358748 -0.452627 0.629808 0.631245 0.604693
97 0.670982 0.705908 -0.226884 0.0733168 -0.588124 0.320341 -0.742625 0.357571 -0.451545 0.631724 0.630105 0.607783
98 0.666718 0.707019 -0.23582 0.0739788 -0.595565 0.315164 -0.7389 0.356534 -0.448095 0.633084 0.631201 0.609663
99 0.661782 0.709471 -0.242272 0.0740208 -0.600313 0.307908 -0.738117 0.354307 -0.449075 0.633911 0.629673 0.612945
100 0.65848 0.71029 -0.248781 0.0741092 -0.604101 0.301693 -0.737593 0.352949 -0.448849 0.635979 0.627746 0.615623
101 0.653128 0.712406 -0.256715 0.0743671 -0.610441 0.294723 -0.735187 0.351472 -0.448092 0.63688 0.627373 0.618527
102 0.653248 0.712332 -0.256614 0.0743157 -0.610376 0.294909 -0.735166 0.351575 -0.448005 0.636877 0.627439 0.618403
103 0.646846 0.715517 -0.263867 0.0744814 -0.617147 0.28786 -0.732302 0.34966 -0.448018 0.636531 0.62778 0.621315
104 0.641941 0.717525 -0.270315 0.0745622 -0.622312 0.281607 -0.73036 0.347701 -0.447929 0.637068 0.627299 0.624042
105 0.642298 0.71537 -0.275135 0.0736875 -0.626025 0.282542 -0.726817 0.347072 -0.442206 0.639074 0.629316 0.623829
106 0.63787 0.717071 -0.280946 0.0735977 -0.631663 0.278422 -0.723521 0.345486 -0.440595 0.638976 0.630544 0.626043
107 0.631584 0.720145 -0.287216 0.0732128 -0.638151 0.272483 -0.720081 0.342976 -0.440301 0.638079 0.631657 0.628652
108 0.62794 0.721111 -0.29273 0.0732841 -0.64212 0.267521 -0.718411 0.341399 -0.439742 0.639087 0.631027 0.630952
109 0.624853 0.722092 -0.296889 0.0729329 -0.645829 0.264374 -0.716248 0.339479 -0.438707 0.639289 0.631542 0.632971
110 0.623186 0.721407 -0.302013 0.0727077 -0.649817 0.262754 -0.71323 0.338275 -0.435174 0.640728 0.632527 0.634371
111 0.620822 0.721646 -0.306281 0.0726161 -0.653322 0.260316 -0.710919 0.336088 -0.433302 0.641454 0.633077 0.637145
112 0.620926 0.720237 -0.309368 0.0724916 -0.655088 0.260052 -0.709389 0.333737 -0.430477 0.643142 0.633292 0.639603
113 0.621033 0.718944 -0.312148 0.0715015 -0.656345 0.259354 -0.708482 0.33106 -0.428403 0.644868 0.632943 0.642019
114 0.620027 0.717213 -0.318074 0.0706242 -0.658977 0.256028 -0.707248 0.329334 -0.425812 0.648116 0.631371 0.643305
115 0.616461 0.717729 -0.32379 0.0709637 -0.66196 0.249743 -0.706709 0.328117 -0.426361 0.649995 0.629065 0.645601
116 0.613319 0.718971 -0.326986 0.0705921 -0.663948 0.245077 -0.706478 0.325527 -0.427801 0.650398 0.627669 0.648268
117 0.613161 0.717274 -0.330987 0.0695806 -0.665017 0.242545 -0.706346 0.32344 -0.426364 0.653215 0.625718 0.649722
118 0.610874 0.715971 -0.337963 0.0693897 -0.668155 0.237199 -0.705199 0.321984 -0.424738 0.656599 0.623278 0.651625
119 0.605845 0.716722 -0.345342 0.0691083 -0.672706 0.229744 -0.703338 0.319664 -0.424758 0.658427 0.621332 0.653896
120 0.603018 0.715732 -0.352272 0.0688306 -0.674614 0.221856 -0.704043 0.316415 -0.425753 0.662199 0.616626 0.657256
121 0.607968 0.71199 -0.351348 0.0680543 -0.672928 0.227237 -0.70394 0.317479 -0.421359 0.664405 0.617271 0.656135
122 0.607778 0.708946 -0.357772 0.0676987 -0.673496 0.221492 -0.705226 0.315747 -0.420723 0.669579 0.612091 0.658335
123 0.608413 0.706332 -0.361841 0.0671626 -0.675393 0.221405 -0.703437 0.316675 -0.416747 0.672365 0.611758 0.658344
124 0.601983 0.709609 -0.366159 0.0668282 -0.680989 0.216776 -0.699473 0.313552 -0.416978 0.670421 0.613731 0.66161
125 0.592419 0.715651 -0.369978 0.06676 -0.68536 0.206299 -0.698371 0.309356 -0.423464 0.667296 0.612694 0.66628
126 0.584942 0.721478 -0.370556 0.066461 -0.686126 0.196533 -0.700433 0.306192 -0.432521 0.663961 0.609985 0.669196
127 0.582685 0.722764 -0.371605 0.0659987 -0.684165 0.189462 -0.704289 0.303667 -0.43863 0.664618 0.604886 0.672162
128 0.580472 0.722662 -0.375248 0.065565 -0.684175 0.182963 -0.705995 0.301838 -0.44154 0.666546 0.600632 0.675184
129 0.573582 0.725358 -0.380605 0.0649921 -0.689582 0.176786 -0.702299 0.299843 -0.442132 0.665284 0.601595 0.677386
130 0.563193 0.729636 -0.387872 0.0647063 -0.696091 0.165978 -0.698504 0.296316 -0.445276 0.663387 0.601371 0.680821
131 0.562784 0.730218 -0.38737 0.0644102 -0.695461 0.164992 -0.699365 0.296184 -0.446776 0.662992 0.600693 0.681579
132 0.553522 0.734244 -0.393064 0.0641748 -0.699296 0.153421 -0.698174 0.292647 -0.452326 0.661322 0.598376 0.685029
133 0.547067 0.737095 -0.396749 0.0634111 -0.700393 0.143483 -0.699187 0.290012 -0.45844 0.660382 0.594751 0.687799
134 0.545367 0.735603 -0.401824 0.0627061 -0.702065 0.138991 -0.698417 0.288991 -0.457908 0.663 0.592242 0.689882
135 0.541842 0.73384 -0.409738 0.0617875 -0.708854 0.137067 -0.69191 0.288364 -0.45159 0.66535 0.594454 0.691701
136 0.533953 0.73325 -0.420998 0.0613806 -0.721608 0.135699 -0.678873 0.286877 -0.440654 0.666281 0.601575 0.693561
137 0.52125 0.735415 -0.43297 0.061162 -0.734947 0.128964 -0.665749 0.281468 -0.433764 0.665232 0.607713 0.698298
138 0.509966 0.738162 -0.441646 0.0602735 -0.743131 0.119479 -0.658393 0.276702 -0.433234 0.663959 0.609481 0.702851
139 0.501727 0.739028 -0.449564 0.0600739 -0.748557 0.110475 -0.653803 0.273792 -0.433513 0.664554 0.608633 0.705923
140 0.492839 0.74091 -0.456248 0.0591643 -0.754587 0.102847 -0.64809 0.271314 -0.433253 0.663683 0.609768 0.709201
141 0.481906 0.741738 -0.466466 0.0584942 -0.764053 0.095112 -0.638103 0.268107 -0.428939 0.663911 0.612563 0.712768
142 0.468923 0.742933 -0.477663 0.0581767 -0.774899 0.0865306 -0.626134 0.265116 -0.423843 0.663749 0.616274 0.71578
143 0.458062 0.744617 -0.485514 0.0575988 -0.782928 0.0793013 -0.617038 0.263345 -0.420955 0.662764 0.619306 0.718288
144 0.444737 0.748097 -0.492505 0.0571239 -0.789909 0.0684012 -0.609397 0.259454 -0.4222 0.660055 0.621349 0.722248
145 0.432279 0.750709 -0.499571 0.0565659 -0.796696 0.0584506 -0.601547 0.255726 -0.422386 0.658043 0.623354 0.725968
146 0.419148 0.753449 -0.506586 0.0559946 -0.803859 0.0485978 -0.592831 0.25297 -0.422049 0.655708 0.626036 0.728985
147 0.410416 0.753649 -0.513393 0.0547398 -0.810628 0.0436663 -0.583931 0.250817 -0.417661 0.655825 0.62885 0.732431
148 0.399714 0.75529 -0.519391 0.0542901 -0.817792 0.0378851 -0.574266 0.248421 -0.41406 0.654295 0.632813 0.73505
149 0.387065 0.759498 -0.522822 0.0537911 -0.824962 0.031988 -0.564282 0.245777 -0.411847 0.649722 0.638939 0.737686
150 0.368777 0.766414 -0.52594 0.0532604 -0.831491 0.0190869 -0.55521 0.24085 -0.415482 0.642063 0.644306 0.742233
151 0.364215 0.766333 -0.529226 0.0522655 -0.834062 0.0155753 -0.551451 0.239389 -0.414352 0.642254 0.644842 0.745148
152 0.358508 0.768393 -0.530136 0.0517004 -0.837456 0.0138022 -0.54633 0.237647 -0.412479 0.63983 0.648443 0.747295
153 0.35015 0.771793 -0.530783 0.050881 -0.842801 0.0123088 -0.538085 0.235271 -0.408757 0.635755 0.654778 0.750142
154 0.333266 0.776483 -0.534798 0.0501144 -0.850864 0.00334144 -0.525375 0.230738 -0.406157 0.63013 0.661795 0.754775
155 0.318348 0.779057 -0.540116 0.0504213 -0.860528 -0.00152539 -0.509401 0.226802 -0.397676 0.626952 0.669914 0.757233
156 0.313262 0.77696 -0.546077 0.0488494 -0.865895 -0.00245367 -0.50022 0.226262 -0.389991 0.629545 0.671997 0.759349
157 0.305742 0.77888 -0.547602 0.0472008 -0.868301 -0.00785891 -0.495975 0.223732 -0.390608 0.627124 0.6739 0.76332
158 0.299042 0.780597 -0.548856 0.0465785 -0.869693 -0.0137479 -0.493401 0.220955 -0.392693 0.624884 0.674768 0.766299
159 0.296048 0.779705 -0.551739 0.0474403 -0.873781 -0.0122545 -0.486164 0.219385 -0.385826 0.626027 0.677664 0.766476
160 0.287488 0.778727 -0.557615 0.0481694 -0.882254 -0.0112974 -0.470638 0.216904 -0.372799 0.627261 0.683787 0.767476
161 0.282099 0.77338 -0.567718 0.0480414 -0.891624 -0.0071005 -0.452721 0.213806 -0.354157 0.633903 0.687561 0.77034
162 0.270914 0.771862 -0.575182 0.0470148 -0.897493 -0.0134868 -0.440823 0.209561 -0.348012 0.635647 0.689087 0.774964
163 0.263117 0.772423 -0.578042 0.0460421 -0.899811 -0.0196475 -0.435837 0.20734 -0.348008 0.634804 0.689865 0.777902
164 0.267812 0.767844 -0.581974 0.0445364 -0.900975 -0.0144176 -0.433632 0.207086 -0.341352 0.640475 0.687947 0.779749
165 0.269254 0.764245 -0.58603 0.0448459 -0.9038 -0.00965506 -0.427846 0.206377 -0.332638 0.644853 0.688125 0.77992
166 0.268775 0.761013 -0.590439 0.0452958 -0.908043 -0.0042701 -0.418856 0.205351 -0.321276 0.648722 0.689885 0.780418
167 0.26586 0.757555 -0.596178 0.0444796 -0.913264 -8.46822e-05 -0.407369 0.201559 -0.308655 0.652771 0.691825 0.783146
168 0.260123 0.751773 -0.605948 0.0433851 -0.916174 -0.00599618 -0.400737 0.198324 -0.304897 0.659394 0.687195 0.78695
169 0.256863 0.748141 -0.611806 0.043213 -0.915566 -0.0143258 -0.401913 0.197129 -0.309452 0.663385 0.681293 0.788783
170 0.256446 0.74569 -0.614965 0.042579 -0.913506 -0.0209032 -0.406287 0.195967 -0.315819 0.665965 0.675832 0.790158
171 0.254152 0.743589 -0.618451 0.0435715 -0.911431 -0.0297933 -0.410374 0.194977 -0.323575 0.667973 0.670158 0.790637
172 0.256096 0.742047 -0.6195 0.0442984 -0.909765 -0.0315842 -0.413921 0.193925 -0.326716 0.669603 0.667 0.790869
173 0.258392 0.74107 -0.619716 0.0446432 -0.90825 -0.0321873 -0.417188 0.193207 -0.329112 0.670655 0.66476 0.791196
174 0.266986 0.738537 -0.619097 0.0435227 -0.906849 -0.0248503 -0.420723 0.193753 -0.326105 0.673755 0.663107 0.7917
175 0.269915 0.737769 -0.618743 0.0423886 -0.906404 -0.0221646 -0.421829 0.192601 -0.324927 0.67469 0.662734 0.793169
176 0.269712 0.736682 -0.620125 0.0408664 -0.906322 -0.0233628 -0.421942 0.190434 -0.325325 0.675836 0.66137 0.795826
177 0.269063 0.735036 -0.622356 0.0397335 -0.904744 -0.0286546 -0.424991 0.188191 -0.330217 0.677422 0.65731 0.798865
178 0.271152 0.733805 -0.622902 0.0393112 -0.901533 -0.0331052 -0.431441 0.188182 -0.337215 0.678553 0.652573 0.80046
179 0.279826 0.734618 -0.618089 0.033035 -0.900109 -0.0231746 -0.435048 0.185158 -0.333918 0.678085 0.654752 0.800375
180 0.282125 0.73746 -0.613643 0.0290212 -0.900339 -0.0173964 -0.434841 0.18354 -0.331353 0.675167 0.659056 0.801865
181 0.280144 0.739654 -0.611908 0.0231548 -0.902167 -0.0149711 -0.431127 0.181069 -0.328045 0.672821 0.663097 0.804943
182 0.27979 0.744036 -0.606736 0.0191648 -0.903518 -0.00961714 -0.428442 0.178672 -0.324611 0.668071 0.669559 0.808114
183 0.28183 0.747904 -0.601009 0.0120238 -0.904927 -0.000980153 -0.425566 0.175605 -0.318872 0.663806 0.676522 0.811491
184 0.274223 0.754594 -0.596146 0.00641392 -0.906589 -0.00392818 -0.421997 0.172379 -0.320778 0.65618 0.683029 0.815963
185 0.263026 0.760662 -0.593474 0.00331761 -0.906929 -0.0148795 -0.42102 0.169394 -0.329084 0.648978 0.685953 0.822026
186 0.263656 0.76661 -0.585486 -0.0102853 -0.904144 -0.0151263 -0.42696 0.163382 -0.336168 0.641934 0.689138 0.829696
187 0.250082 0.767131 -0.590736 -0.0212123 -0.910293 -0.0215907 -0.413401 0.155607 -0.329887 0.641127 0.692914 0.837618
188 0.231498 0.767347 -0.597985 -0.0272363 -0.919536 -0.0280707 -0.392001 0.151573 -0.317587 0.640617 0.699106 0.839292
189 0.210473 0.769768 -0.602626 -0.0303843 -0.924683 -0.0433024 -0.378267 0.149485 -0.317273 0.636853 0.702678 0.843628
190 0.194498 0.769672 -0.608091 -0.034223 -0.925481 -0.0614374 -0.373778 0.148318 -0.325046 0.635476 0.700368 0.849784
191 0.185261 0.766349 -0.615133 -0.0293183 -0.919568 -0.0855342 -0.383509 0.148868 -0.346516 0.636705 0.688863 0.853431
192 0.18657 0.764264 -0.617327 -0.0340238 -0.911163 -0.100369 -0.399634 0.146922 -0.367386 0.637045 0.677643 0.855349
193 0.189347 0.755895 -0.626715 -0.0556042 -0.914303 -0.0970103 -0.393241 0.141588 -0.358047 0.647466 0.672748 0.853554
194 0.173853 0.75008 -0.638087 -0.0636491 -0.922373 -0.102951 -0.37233 0.138344 -0.344969 0.653284 0.673955 0.855398
195 0.1597 0.743973 -0.648845 -0.0642459 -0.929354 -0.10832 -0.352942 0.138527 -0.332863 0.659371 0.674116 0.855851
196 0.152824 0.738765 -0.656408 -0.0625888 -0.931352 -0.114464 -0.345662 0.139588 -0.330497 0.664172 0.670557 0.856812
197 0.150739 0.735981 -0.660007 -0.0638552 -0.930222 -0.120382 -0.346693 0.13813 -0.334612 0.666213 0.66648 0.859717
198 0.138165 0.739545 -0.658774 -0.0735079 -0.930197 -0.131489 -0.342702 0.13469 -0.340065 0.660139 0.669755 0.862685
199 0.132244 0.741431 -0.657868 -0.0791528 -0.931408 -0.134104 -0.33837 0.132367 -0.339101 0.657492 0.672841 0.865333
200 0.121592 0.746557 -0.654116 -0.0886769 -0.933869 -0.137243 -0.330233 0.128256 -0.336311 0.651012 0.680499 0.867889
201 0.109969 0.749852 -0.652402 -0.0941575 -0.937487 -0.139801 -0.318706 0.12635 -0.330188 0.646666 0.687603 0.869642
202 0.0948665 0.754213 -0.649741 -0.0992872 -0.941517 -0.144015 -0.304639 0.123779 -0.323335 0.640642 0.696442 0.872223
203 0.0591809 0.757947 -0.649626 -0.101664 -0.9447 -0.16775 -0.281784 0.120742 -0.322552 0.630378 0.706104 0.878426
204 0.0462763 0.760293 -0.64793 -0.107952 -0.941544 -0.183478 -0.282543 0.11738 -0.333696 0.62313 0.707359 0.881154
205 0.0333144 0.761146 -0.647724 -0.114516 -0.938677 -0.198707 -0.281781 0.114706 -0.343184 0.617391 0.707851 0.883288
206 0.0202912 0.762349 -0.646848 -0.121193 -0.94003 -0.205788 -0.272021 0.112519 -0.340488 0.613576 0.712455 0.884165
207 0.00359042 0.762838 -0.64658 -0.124861 -0.941971 -0.214464 -0.258256 0.110655 -0.335675 0.609987 0.717801 0.884943
208 -0.0326466 0.759947 -0.649164 -0.126441 -0.937984 -0.247586 -0.242667 0.10756 -0.345138 0.600984 0.720901 0.889475
209 -0.0448444 0.758318 -0.65034 -0.12888 -0.932473 -0.265355 -0.245114 0.106019 -0.358445 0.595433 0.719011 0.891085
210 -0.0603665 0.762092 -0.644648 -0.140825 -0.929645 -0.278097 -0.241707 0.105394 -0.363478 0.584703 0.725263 0.891694
211 -0.067293 0.771747 -0.632359 -0.156195 -0.934636 -0.270571 -0.230752 0.100011 -0.34918 0.575498 0.73951 0.890298
212 -0.0818788 0.775344 -0.626209 -0.159881 -0.935353 -0.276719 -0.22032 0.0981722 -0.344107 0.567687 0.747878 0.892965
213 -0.108981 0.784103 -0.610987 -0.168279 -0.930427 -0.296817 -0.214957 0.0942563 -0.349899 0.545052 0.761898 0.899677
214 -0.124341 0.789775 -0.600662 -0.175313 -0.928416 -0.306209 -0.210429 0.0928673 -0.350119 0.531499 0.771314 0.902014
215 -0.137226 0.799915 -0.584213 -0.184467 -0.929363 -0.308035 -0.203468 0.0896288 -0.342714 0.515025 0.785682 0.901006
216 -0.162352 0.822077 -0.545739 -0.203784 -0.928879 -0.313927 -0.196554 0.0847267 -0.332905 0.475014 0.814577 0.910484
217 -0.178455 0.828583 -0.530664 -0.215996 -0.931777 -0.315592 -0.179424 0.0777073 -0.316141 0.462441 0.828373 0.914811
218 -0.194158 0.832833 -0.518355 -0.218221 -0.92928 -0.325416 -0.174764 0.0790118 -0.31423 0.447766 0.837117 0.918115
219 -0.225123 0.838832 -0.495662 -0.236697 -0.926132 -0.34225 -0.158568 0.0687022 -0.302652 0.423352 0.853917 0.935898
220 -0.238179 0.838887 -0.489428 -0.249204 -0.925776 -0.348444 -0.146713 0.0626216 -0.293614 0.418157 0.859614 0.941306
221 -0.249209 0.838805 -0.484046 -0.25966 -0.926248 -0.352379 -0.133764 0.0594784 -0.28277 0.415011 0.864758 0.945733
222 -0.2715 0.82938 -0.488279 -0.275213 -0.925932 -0.363495 -0.102573 0.051757 -0.262559 0.424265 0.866638 0.960124
223 -0.28308 0.822063 -0.494043 -0.282444 -0.922662 -0.374046 -0.0937204 0.0489723 -0.261839 0.429304 0.864371 0.96738
224 -0.284744 0.817397 -0.500782 -0.28738 -0.922086 -0.376368 -0.0900257 0.0489558 -0.262065 0.43613 0.860879 0.971003
225 -0.284018 0.816814 -0.502144 -0.294506 -0.924515 -0.37213 -0.0824105 0.0483401 -0.254177 0.440833 0.860849 0.973701
226 -0.290031 0.81732 -0.497866 -0.303537 -0.928175 -0.366985 -0.0617532 0.0471686 -0.233182 0.444196 0.865053 0.982431
227 -0.299513 0.815336 -0.495499 -0.308857 -0.925533 -0.374408 -0.0566271 0.0435016 -0.231689 0.44164 0.866761 0.992017
228 -0.299365 0.816776 -0.493212 -0.324088 -0.927266 -0.370867 -0.0513443 0.0390456 -0.224853 0.441968 0.868393 1.00233
229 -0.298769 0.818857 -0.490113 -0.334427 -0.929072 -0.366938 -0.0467069 0.0363501 -0.218087 0.441395 0.870407 1.00924
230 -0.299185 0.819865 -0.488169 -0.34332 -0.930446 -0.364099 -0.041249 0.0347384 -0.211561 0.441874 0.871774 1.01458
231 -0.316255 0.811446 -0.491465 -0.357171 -0.924247 -0.380346 -0.033232 0.0320597 -0.213893 0.443725 0.870263 1.0259
232 -0.317918 0.809306 -0.493915 -0.365296 -0.923727 -0.381795 -0.0310152 0.0313703 -0.213675 0.446382 0.868957 1.03315
233 -0.319051 0.810513 -0.491198 -0.37218 -0.924796 -0.379596 -0.0256736 0.0360379 -0.207266 0.446066 0.87067 1.03374
234 -0.337124 0.803013 -0.491445 -0.388664 -0.920801 -0.389993 -0.00558629 0.0348306 -0.196146 0.45064 0.870891 1.05079
235 -0.340779 0.801081 -0.492076 -0.393202 -0.919465 -0.393158 -0.00328716 0.0363329 -0.196097 0.451327 0.870546 1.05619
236 -0.34267 0.802942 -0.487711 -0.404284 -0.920456 -0.390833 0.00327327 0.0386795 -0.187985 0.450039 0.872999 1.06082
237 -0.363693 0.795401 -0.484834 -0.41792 -0.916003 -0.399977 0.0309425 0.0382555 -0.169311 0.455363 0.874059 1.07651
238 -0.365414 0.797164 -0.480627 -0.427772 -0.916063 -0.399618 0.0336671 0.0400613 -0.165229 0.452587 0.876279 1.08193
239 -0.372329 0.793404 -0.481541 -0.442063 -0.913058 -0.40617 0.0367581 0.0406188 -0.166424 0.453361 0.875652 1.09432
240 -0.375084 0.792578 -0.480763 -0.448994 -0.912172 -0.407933 0.0391507 0.0414333 -0.165089 0.453223 0.875976 1.09984
241 -0.3777 0.79096 -0.481378 -0.454966 -0.91125 -0.409731 0.0417504 0.0419818 -0.164213 0.454425 0.875518 1.10604
242 -0.379359 0.790101 -0.481485 -0.459417 -0.910314 -0.411841 0.0414122 0.042721 -0.165576 0.454012 0.875476 1.11192
243 -0.382293 0.792323 -0.475474 -0.472832 -0.908624 -0.415932 0.0374538 0.0442012 -0.168089 0.446346 0.878932 1.12306
244 -0.377635 0.797718 -0.470146 -0.486334 -0.910553 -0.412146 0.032075 0.0506197 -0.168182 0.440206 0.882005 1.12786
245 -0.37953 0.794831 -0.473498 -0.501689 -0.909924 -0.413237 0.0356703 0.0508045 -0.167315 0.444385 0.880073 1.13833
246 -0.380545 0.790619 -0.479695 -0.50787 -0.908659 -0.416059 0.0351093 0.0514278 -0.171824 0.44924 0.876732 1.14346
247 -0.380663 0.786631 -0.486115 -0.51317 -0.907562 -0.418594 0.0333185 0.0533641 -0.177275 0.453863 0.87326 1.14738
248 -0.384512 0.780893 -0.492297 -0.519547 -0.905828 -0.421915 0.0382522 0.0635426 -0.177836 0.460645 0.869586 1.15428
249 -0.389307 0.779674 -0.490458 -0.524986 -0.904043 -0.425443 0.0412754 0.0703244 -0.176481 0.459464 0.870487 1.15693
250 -0.394123 0.776856 -0.491082 -0.529884 -0.90222 -0.428849 0.0456786 0.0702739 -0.175114 0.461067 0.869915 1.16251
251 -0.401151 0.77535 -0.487761 -0.540688 -0.899583 -0.433858 0.0501812 0.074214 -0.172711 0.458912 0.871534 1.17252
252 -0.406472 0.773171 -0.486814 -0.548068 -0.897792 -0.436876 0.0557658 0.0738282 -0.169561 0.459724 0.871724 1.17857
253 -0.409571 0.770189 -0.488939 -0.55586 -0.896587 -0.438807 0.0598273 0.0733344 -0.168472 0.46288 0.870264 1.18404
254 -0.416272 0.762289 -0.495614 -0.565622 -0.893323 -0.444431 0.0667467 0.0757832 -0.169386 0.470528 0.865974 1.19237
255 -0.422495 0.758776 -0.495738 -0.573376 -0.889988 -0.450812 0.0684834 0.080904 -0.171521 0.470135 0.865768 1.19518
256 -0.428303 0.752922 -0.499665 -0.578552 -0.886353 -0.457669 0.0701241 0.0802143 -0.175883 0.472914 0.863376 1.20016
257 -0.43426 0.747346 -0.502884 -0.586397 -0.881876 -0.466518 0.0682339 0.0845378 -0.18361 0.473112 0.861657 1.20918
258 -0.439622 0.746066 -0.500118 -0.593779 -0.879687 -0.470064 0.0720443 0.0856311 -0.181338 0.47162 0.862955 1.21404
259 -0.452613 0.739734 -0.497931 -0.607679 -0.873071 -0.481194 0.0787397 0.083789 -0.181355 0.470367 0.863635 1.22437
260 -0.457633 0.736879 -0.497576 -0.615969 -0.869901 -0.486845 0.0790816 0.0872538 -0.183969 0.469032 0.863808 1.22746
261 -0.461236 0.732625 -0.500523 -0.620362 -0.86782 -0.489981 0.0825075 0.088342 -0.1848 0.472419 0.861783 1.23168
262 -0.465696 0.730211 -0.49992 -0.62493 -0.865749 -0.492958 0.0864382 0.0900004 -0.183321 0.473059 0.861747 1.23539
263 -0.474493 0.725418 -0.498623 -0.638694 -0.863014 -0.494944 0.101184 0.0869034 -0.173389 0.47833 0.860893 1.24474
264 -0.478564 0.722439 -0.499058 -0.645114 -0.860989 -0.497604 0.105298 0.085079 -0.172262 0.480075 0.860148 1.24921
265 -0.483028 0.717699 -0.501589 -0.65631 -0.85753 -0.503541 0.105306 0.0856126 -0.176993 0.480993 0.858673 1.25781
266 -0.484633 0.716983 -0.501065 -0.660413 -0.856164 -0.506172 0.103795 0.0870068 -0.179206 0.479296 0.859163 1.26211
267 -0.486331 0.717825 -0.498206 -0.666105 -0.855633 -0.50682 0.105003 0.0894865 -0.177127 0.477348 0.860677 1.26578
268 -0.494089 0.716184 -0.492907 -0.677936 -0.852739 -0.5097 0.1142 0.0877795 -0.169446 0.476746 0.862555 1.27574
269 -0.497065 0.714977 -0.491666 -0.684064 -0.851105 -0.512063 0.115813 0.0873882 -0.16896 0.476026 0.863048 1.28013
270 -0.501613 0.712629 -0.490454 -0.69428 -0.848261 -0.51646 0.117145 0.0914027 -0.169819 0.474794 0.863558 1.2878
271 -0.504366 0.712252 -0.488172 -0.700777 -0.847383 -0.516955 0.121247 0.0930146 -0.166004 0.474821 0.864284 1.29168
272 -0.507181 0.711826 -0.485871 -0.707089 -0.846473 -0.517416 0.125557 0.0942314 -0.162023 0.474957 0.864965 1.29553
273 -0.514041 0.70632 -0.486697 -0.719885 -0.843084 -0.520569 0.134974 0.0958446 -0.158025 0.479709 0.86308 1.30403
274 -0.517925 0.701903 -0.488964 -0.724241 -0.840451 -0.524019 0.138008 0.097366 -0.159358 0.482428 0.861318 1.30813
275 -0.518893 0.700431 -0.490048 -0.729003 -0.839916 -0.524391 0.139837 0.0996912 -0.159031 0.48416 0.860406 1.31209
276 -0.522313 0.699998 -0.487023 -0.73999 -0.838731 -0.524847 0.145142 0.104741 -0.154013 0.484291 0.861244 1.32084
277 -0.525395 0.699346 -0.484639 -0.747538 -0.837478 -0.525663 0.14936 0.107167 -0.150303 0.484348 0.861868 1.32509
278 -0.52856 0.696462 -0.485351 -0.753636 -0.835636 -0.527535 0.153034 0.10885 -0.149458 0.486464 0.860822 1.32999
279 -0.535945 0.691151 -0.484843 -0.764672 -0.830549 -0.534685 0.155886 0.11514 -0.151498 0.486233 0.860596 1.33886
280 -0.539784 0.688962 -0.4837 -0.771535 -0.828354 -0.537023 0.159487 0.117762 -0.149877 0.486763 0.86058 1.34337
281 -0.54376 0.684551 -0.485505 -0.783675 -0.826299 -0.537896 0.167025 0.12293 -0.146814 0.491994 0.85813 1.35214
282 -0.543273 0.684164 -0.486594 -0.788952 -0.827296 -0.534943 0.171518 0.125871 -0.142954 0.495738 0.856626 1.35649
283 -0.546739 0.685806 -0.480361 -0.799188 -0.826471 -0.534004 0.178284 0.129906 -0.134246 0.494479 0.85876 1.36667
284 -0.550577 0.687098 -0.47409 -0.805478 -0.824545 -0.536291 0.180328 0.132303 -0.130347 0.490193 0.861812 1.37172
285 -0.553449 0.688977 -0.467979 -0.813692 -0.823254 -0.537723 0.181954 0.135129 -0.126281 0.485967 0.864806 1.37579
286 -0.551381 0.691137 -0.467236 -0.824274 -0.825764 -0.531839 0.187779 0.136955 -0.118714 0.489364 0.863962 1.38478
287 -0.546463 0.696565 -0.464947 -0.831067 -0.829682 -0.525879 0.187295 0.138929 -0.114043 0.488108 0.8653 1.38881
288 -0.541712 0.700953 -0.463911 -0.836363 -0.833314 -0.520171 0.187107 0.14132 -0.11016 0.487942 0.865897 1.39315
289 -0.536101 0.709438 -0.457486 -0.846121 -0.838209 -0.511577 0.188931 0.147227 -0.100004 0.484755 0.868914 1.40112
290 -0.535848 0.711163 -0.455098 -0.853596 -0.839165 -0.508033 0.19418 0.146878 -0.0931112 0.485953 0.869011 1.40661
291 -0.533221 0.711782 -0.457211 -0.858618 -0.840897 -0.50508 0.194388 0.14651 -0.0925665 0.488119 0.867855 1.4109
292 -0.526704 0.717078 -0.456488 -0.863464 -0.844692 -0.501707 0.186511 0.158192 -0.0952804 0.483828 0.869961 1.41612
293 -0.527117 0.719276 -0.452536 -0.8705 -0.845282 -0.498585 0.192121 0.162714 -0.0874398 0.483791 0.870804 1.42211
294 -0.530873 0.718218 -0.449819 -0.87506 -0.843529 -0.498846 0.199027 0.163617 -0.0814452 0.485093 0.870661 1.42632
295 -0.53629 0.715656 -0.447469 -0.882943 -0.840247 -0.502841 0.202818 0.169083 -0.0798578 0.484754 0.870997 1.43521
296 -0.537799 0.715501 -0.445904 -0.886221 -0.839412 -0.503675 0.204203 0.174106 -0.0784834 0.484117 0.871476 1.43923
297 -0.540076 0.715363 -0.443367 -0.890347 -0.838396 -0.50334 0.209142 0.177984 -0.0735519 0.484669 0.871599 1.44404
298 -0.545819 0.715288 -0.436401 -0.898288 -0.835628 -0.503036 0.220637 0.185068 -0.0617063 0.485096 0.872281 1.45345
299 -0.548433 0.716351 -0.431349 -0.905964 -0.834505 -0.501659 0.227903 0.188274 -0.0531315 0.484953 0.872925 1.46002
300 -0.552764 0.714728 -0.428504 -0.911591 -0.831976 -0.502693 0.234766 0.190628 -0.0476127 0.486276 0.872507 1.4657
301 -0.56013 0.71134 -0.424559 -0.920753 -0.827452 -0.505 0.245558 0.199187 -0.039727 0.488847 0.871465 1.47655
302 -0.563203 0.710736 -0.421493 -0.924649 -0.825654 -0.504496 0.252547 0.202492 -0.0331467 0.490242 0.870956 1.48152
303 -0.567039 0.710853 -0.416119 -0.929997 -0.823268 -0.5053 0.258654 0.206528 -0.0263994 0.489244 0.871747 1.48744
304 -0.570449 0.711133 -0.410947 -0.940503 -0.821181 -0.503443 0.268715 0.208769 -0.0157963 0.49075 0.871157 1.49616
305 -0.573343 0.708526 -0.411422 -0.950921 -0.819293 -0.499508 0.281516 0.213084 -0.0060473 0.498481 0.86688 1.50815
306 -0.57376 0.70925 -0.40959 -0.955577 -0.819019 -0.498549 0.284001 0.218594 -0.00277342 0.49841 0.866937 1.51273
307 -0.57606 0.709188 -0.406457 -0.961697 -0.817397 -0.497302 0.290778 0.222779 0.00408432 0.499743 0.866164 1.51865
308 -0.580551 0.706667 -0.404453 -0.967608 -0.814173 -0.498283 0.298054 0.225103 0.00909325 0.50233 0.864628 1.52508
309 -0.584642 0.703753 -0.40364 -0.978613 -0.811194 -0.499357 0.304315 0.233644 0.012602 0.505346 0.862825 1.53605
310 -0.585162 0.704723 -0.401187 -0.982322 -0.810776 -0.499232 0.305631 0.239166 0.0151004 0.504116 0.863504 1.53965
311 -0.587123 0.706259 -0.395581 -0.987238 -0.80924 -0.499754 0.308831 0.243699 0.0204215 0.501442 0.86495 1.5447
312 -0.590994 0.705668 -0.390843 -0.994902 -0.806223 -0.500473 0.315486 0.246317 0.0270217 0.501557 0.864702 1.55376
313 -0.598913 0.698703 -0.391302 -1.00563 -0.800294 -0.504598 0.323899 0.254261 0.028859 0.507144 0.861378 1.56542
314 -0.601808 0.696048 -0.391591 -1.00822 -0.798139 -0.506792 0.325786 0.261993 0.0283078 0.508605 0.860535 1.56806
315 -0.605997 0.693943 -0.388858 -1.01098 -0.794821 -0.508531 0.331142 0.26766 0.0320476 0.509744 0.859729 1.57246
316 -0.610226 0.693193 -0.383545 -1.0145 -0.791235 -0.509057 0.338834 0.272094 0.0396314 0.510239 0.859119 1.57581
317 -0.619286 0.693547 -0.368072 -1.02261 -0.78349 -0.515245 0.347371 0.279788 0.0512701 0.503503 0.862471 1.58316
318 -0.621925 0.694912 -0.360979 -1.0267 -0.78104 -0.517245 0.349905 0.283709 0.0564384 0.499554 0.864442 1.5868
319 -0.624556 0.696361 -0.353568 -1.03014 -0.778672 -0.520463 0.350411 0.291025 0.0599939 0.494165 0.867295 1.59059
320 -0.631301 0.693238 -0.347678 -1.03433 -0.772873 -0.525234 0.356084 0.295492 0.0642388 0.493507 0.867366 1.60034
321 -0.636186 0.690469 -0.344268 -1.03832 -0.768566 -0.528036 0.361227 0.299315 0.0676302 0.4944 0.8666 1.60601
322 -0.638895 0.68927 -0.341643 -1.03942 -0.766223 -0.530507 0.362582 0.305695 0.0686726 0.493427 0.867072 1.60752
323 -0.648719 0.684917 -0.331742 -1.04339 -0.75717 -0.537045 0.371854 0.318172 0.0765287 0.492415 0.86699 1.6181
324 -0.652929 0.683486 -0.326391 -1.04773 -0.752961 -0.539039 0.377474 0.32247 0.0820604 0.492224 0.866592 1.62101
325 -0.657233 0.681739 -0.321366 -1.04977 -0.748861 -0.542513 0.38064 0.327592 0.0851524 0.490828 0.867086 1.62319
326 -0.66138 0.680201 -0.316074 -1.0518 -0.744772 -0.54566 0.384148 0.332865 0.0888287 0.489472 0.867483 1.62758
327 -0.665307 0.679332 -0.309637 -1.05353 -0.740788 -0.549179 0.386828 0.33885 0.0927381 0.486734 0.868613 1.62964
328 -0.67001 0.677706 -0.302987 -1.05518 -0.735959 -0.552947 0.390658 0.344352 0.0972156 0.48473 0.869244 1.6349
329 -0.673513 0.67684 -0.297099 -1.05716 -0.732099 -0.555329 0.394513 0.348928 0.102035 0.483216 0.869535 1.63958
330 -0.674858 0.677833 -0.291734 -1.05918 -0.730097 -0.555779 0.397579 0.353262 0.107352 0.481303 0.869956 1.643
331 -0.67616 0.678901 -0.286186 -1.0604 -0.728214 -0.556865 0.399506 0.358877 0.111858 0.478535 0.870915 1.64652
332 -0.676743 0.680401 -0.2812 -1.06174 -0.726643 -0.555891 0.403702 0.363845 0.118362 0.477535 0.870604 1.65211
333 -0.678058 0.682347 -0.273203 -1.06471 -0.723428 -0.553838 0.412207 0.372113 0.129958 0.477143 0.869163 1.66343
334 -0.677944 0.683572 -0.270409 -1.06752 -0.723115 -0.55393 0.412634 0.375452 0.132277 0.475279 0.869835 1.66623
335 -0.675966 0.685543 -0.27037 -1.0674 -0.725304 -0.553986 0.408698 0.381285 0.130399 0.472366 0.871703 1.66989
336 -0.674413 0.687541 -0.269173 -1.06771 -0.726334 -0.552264 0.409199 0.386938 0.132687 0.471479 0.871838 1.6752
337 -0.673448 0.689404 -0.266814 -1.07077 -0.726224 -0.549581 0.412989 0.390997 0.13808 0.471894 0.870776 1.68139
338 -0.670511 0.691708 -0.268243 -1.07334 -0.728768 -0.546358 0.412784 0.3947 0.13897 0.472263 0.870434 1.68377
339 -0.66701 0.693488 -0.272346 -1.07324 -0.732905 -0.545 0.407217 0.399971 0.133972 0.471221 0.871781 1.68649
340 -0.664384 0.69515 -0.274519 -1.07217 -0.735951 -0.544465 0.40241 0.407266 0.130269 0.469387 0.87333 1.68789
341 -0.662776 0.697248 -0.273082 -1.07283 -0.736754 -0.54199 0.404279 0.413508 0.133875 0.469141 0.872917 1.69226
342 -0.661989 0.699112 -0.270209 -1.07433 -0.73647 -0.539762 0.40776 0.417995 0.139221 0.468934 0.872192 1.69515
343 -0.66215 0.699359 -0.269172 -1.07597 -0.736114 -0.539762 0.408403 0.421991 0.140331 0.468565 0.872212 1.69988
344 -0.660955 0.700285 -0.269703 -1.07684 -0.737609 -0.540119 0.405221 0.427335 0.138099 0.466768 0.873531 1.70245
345 -0.659501 0.700913 -0.271624 -1.07659 -0.739647 -0.54062 0.400814 0.433564 0.134091 0.465244 0.874967 1.70667
346 -0.660196 0.699466 -0.273657 -1.07646 -0.739713 -0.54232 0.398389 0.440424 0.13025 0.465442 0.875442 1.71241
347 -0.65808 0.698976 -0.279935 -1.07524 -0.742481 -0.540638 0.395516 0.451881 0.125112 0.468128 0.874759 1.72033
348 -0.656364 0.699251 -0.283256 -1.07546 -0.74416 -0.53827 0.39559 0.458014 0.124149 0.470439 0.873656 1.72407
349 -0.653634 0.700247 -0.287083 -1.07551 -0.746728 -0.53501 0.395173 0.463019 0.123126 0.472672 0.872595 1.72579
350 -0.65123 0.701176 -0.290262 -1.07448 -0.749528 -0.534433 0.390626 0.468129 0.118772 0.471947 0.87359 1.72647
351 -0.651434 0.699661 -0.293444 -1.07485 -0.750016 -0.535488 0.388237 0.47367 0.114499 0.472998 0.873592 1.73144
352 -0.651909 0.69665 -0.299488 -1.07491 -0.750466 -0.536113 0.386502 0.481033 0.108698 0.47672 0.872309 1.73503
353 -0.650077 0.695856 -0.305261 -1.07388 -0.753053 -0.536288 0.381191 0.487343 0.101546 0.477681 0.872645 1.73307
