17 0.999601 0.0266579 0.00938279 -0.0287332 -0.026703 0.999632 0.00471161 -0.00924724 -0.00925373 -0.00496028 0.999945 -0.00409124
18 0.999475 0.0301064 0.0119815 -0.0321197 -0.0301579 0.999537 0.00414505 -0.0106839 -0.0118512 -0.00450421 0.99992 -0.00513632
19 0.999311 0.0337776 0.015365 -0.0357804 -0.0338368 0.999421 0.00360953 -0.0114691 -0.0152342 -0.00412695 0.999875 -0.0064776
20 0.999195 0.0349341 0.0197356 -0.0397657 -0.0350373 0.999374 0.00490878 -0.0119081 -0.0195518 -0.00559631 0.999793 -0.0076959
21 0.999063 0.0352813 0.025067 -0.0446841 -0.0355078 0.999332 0.00864929 -0.0129893 -0.0247451 -0.00953126 0.999648 -0.00843829
22 0.999062 0.0352902 0.0250816 -0.0446953 -0.0355171 0.999332 0.00865601 -0.0129926 -0.0247593 -0.00953872 0.999648 -0.0084267
23 0.998884 0.0368795 0.0294999 -0.0502086 -0.0372721 0.999222 0.0128687 -0.015076 -0.0290024 -0.0139538 0.999482 -0.00865909
24 0.998548 0.0381304 0.0380612 -0.0562999 -0.03889 0.999055 0.0194217 -0.0200714 -0.0372846 -0.0208736 0.999087 -0.0114278
25 0.99827 0.0398693 0.043218 -0.0618459 -0.0407777 0.998961 0.0203451 -0.0221924 -0.0423619 -0.0220722 0.998858 -0.0123639
26 0.997988 0.0409601 0.0483994 -0.0679035 -0.0420175 0.998895 0.0210337 -0.0254197 -0.0474844 -0.023025 0.998607 -0.0128844
27 0.997657 0.0437504 0.0525945 -0.0734353 -0.0448042 0.998815 0.0190264 -0.0275562 -0.0516998 -0.0213383 0.998435 -0.0140219
28 0.997149 0.0472434 0.0588326 -0.0793252 -0.0483595 0.998673 0.0176928 -0.0301604 -0.0579187 -0.0204875 0.998111 -0.0142013
29 0.997153 0.0472232 0.0587942 -0.0792919 -0.0483386 0.998674 0.0176949 -0.0301699 -0.0578807 -0.0204866 0.998113 -0.0142404
30 0.996974 0.0471997 0.0617615 -0.0859148 -0.0481809 0.998733 0.0144949 -0.0312101 -0.0609991 -0.0174268 0.997986 -0.0152044
31 0.997126 0.0433065 0.0621711 -0.0914214 -0.0441978 0.998938 0.0130333 -0.0326246 -0.0615406 -0.0157437 0.99798 -0.0167114
32 0.997423 0.0348074 0.0627372 -0.0944731 -0.0356485 0.999288 0.0123388 -0.0335745 -0.0622631 -0.0145435 0.997954 -0.0193901
33 0.997251 0.0278537 0.0686652 -0.100042 -0.028915 0.999477 0.0145106 -0.0352606 -0.0682251 -0.0164562 0.997534 -0.0214038
34 0.996722 0.0219692 0.0778619 -0.109649 -0.0235489 0.999534 0.0194292 -0.0397663 -0.0773987 -0.0211991 0.996775 -0.0214488
35 0.996664 0.0166411 0.079901 -0.115162 -0.0181945 0.999659 0.0187531 -0.0437773 -0.0795617 -0.0201443 0.996626 -0.0224049
36 0.996659 0.0111888 0.0808996 -0.120117 -0.0123059 0.999836 0.0133241 -0.0425464 -0.0807372 -0.0142752 0.996633 -0.0257277
37 0.996605 0.00583918 0.0821288 -0.122783 -0.00714649 0.999852 0.0156329 -0.042941 -0.0820254 -0.0161668 0.996499 -0.029088
38 0.995966 -0.00107851 0.0897305 -0.125199 -0.00091818 0.999753 0.0222078 -0.0452513 -0.0897323 -0.0222006 0.995718 -0.0323799
39 0.995413 -0.00206315 0.0956491 -0.128265 -0.000327526 0.999688 0.0249718 -0.0467009 -0.0956708 -0.0248886 0.995102 -0.0315505
40 0.993889 -0.00955364 0.10997 -0.134061 0.00611624 0.999483 0.0315527 -0.0502701 -0.110214 -0.0306873 0.993434 -0.03304
41 0.992139 -0.0127758 0.124489 -0.143127 0.0085761 0.999378 0.0342133 -0.053347 -0.124849 -0.0328767 0.991631 -0.0331322
42 0.991553 -0.0136194 0.128982 -0.148402 0.0092569 0.999367 0.0343623 -0.0538162 -0.129368 -0.0328781 0.991051 -0.0361252
43 0.990989 -0.0187484 0.132628 -0.151328 0.0136873 0.999147 0.038969 -0.0543809 -0.133245 -0.0368025 0.9904 -0.0396709
44 0.989738 -0.0265145 0.140414 -0.151771 0.0199679 0.998656 0.0478294 -0.0550899 -0.141494 -0.0445348 0.988937 -0.0437685
45 0.987129 -0.0323296 0.156623 -0.157248 0.023092 0.997904 0.0604451 -0.0597849 -0.158249 -0.0560504 0.985807 -0.0457886
46 0.984853 -0.0353767 0.169743 -0.163873 0.0243801 0.997493 0.066437 -0.0634255 -0.171667 -0.0612924 0.983246 -0.0476857
47 0.983304 -0.0359174 0.17839 -0.169342 0.023661 0.997241 0.0703643 -0.0679266 -0.180425 -0.0649686 0.981441 -0.0501832
48 0.982264 -0.0320823 0.184738 -0.173688 0.0196825 0.997452 0.0685679 -0.0699852 -0.186467 -0.0637157 0.980393 -0.0525642
49 0.982286 -0.0321642 0.184607 -0.173647 0.0197132 0.997429 0.0688901 -0.070285 -0.186348 -0.0640305 0.980395 -0.0528814
50 0.981421 -0.0295605 0.189574 -0.176608 0.0170674 0.997594 0.0671983 -0.0721038 -0.191104 -0.0627143 0.979564 -0.0577314
51 0.98029 -0.0283385 0.19552 -0.18135 0.0156932 0.997701 0.0659243 -0.074987 -0.196939 -0.0615566 0.978481 -0.0598168
52 0.979884 -0.0261628 0.197845 -0.185437 0.014359 0.998043 0.0608632 -0.0757427 -0.19905 -0.0567981 0.978342 -0.0638037
53 0.979869 -0.021481 0.198485 -0.189493 0.0103008 0.99831 0.0571898 -0.0770732 -0.199378 -0.0539939 0.978434 -0.0667989
54 0.980506 -0.0158394 0.195852 -0.192991 0.0057408 0.998629 0.0520228 -0.0776956 -0.196408 -0.0498843 0.979253 -0.0706514
55 0.981491 -0.0137728 0.191014 -0.195708 0.00427394 0.998737 0.0500516 -0.0780585 -0.191462 -0.0483088 0.98031 -0.0759643
56 0.982207 -0.0144152 0.187247 -0.19805 0.00493523 0.998687 0.0509962 -0.0801421 -0.187736 -0.0491647 0.980988 -0.0802382
57 0.982536 -0.0178936 0.185211 -0.198987 0.00860002 0.998669 0.0508608 -0.0807231 -0.185875 -0.0483797 0.981382 -0.0866446
58 0.981982 -0.0212004 0.187781 -0.202181 0.0112323 0.998478 0.0539895 -0.0819518 -0.188639 -0.0509075 0.980726 -0.090125
59 0.981876 -0.0259487 0.18774 -0.205792 0.015753 0.998329 0.0555974 -0.0847818 -0.188869 -0.0516323 0.980644 -0.0923243
60 0.982333 -0.0330498 0.184199 -0.208 0.0237883 0.99835 0.0522653 -0.0855019 -0.185622 -0.0469602 0.981498 -0.0973997
61 0.982732 -0.0365715 0.181383 -0.209951 0.027833 0.998337 0.0504908 -0.0869804 -0.182928 -0.0445705 0.982115 -0.101761
62 0.983067 -0.0374129 0.179388 -0.213674 0.0292771 0.998428 0.0477887 -0.0882163 -0.180894 -0.0417275 0.982617 -0.104622
63 0.984383 -0.0380045 0.171892 -0.216334 0.0309587 0.998574 0.0434872 -0.088494 -0.173299 -0.0374865 0.984156 -0.108509
64 0.986203 -0.0383402 0.161039 -0.217533 0.0321293 0.998643 0.0409974 -0.0873785 -0.162392 -0.0352578 0.986096 -0.115706
65 0.987861 -0.0340914 0.151554 -0.220144 0.0274791 0.998586 0.0455128 -0.0871838 -0.152891 -0.0407957 0.987401 -0.120661
66 0.989657 -0.029398 0.140412 -0.221343 0.02215 0.998354 0.0529065 -0.0877099 -0.141736 -0.0492492 0.988679 -0.125639
67 0.991026 -0.0289938 0.130485 -0.222192 0.0211292 0.997898 0.0612579 -0.0890787 -0.131987 -0.0579512 0.989556 -0.128901
68 0.99196 -0.0316434 0.12253 -0.224599 0.0234779 0.997442 0.0675203 -0.0912084 -0.124353 -0.0641007 0.990165 -0.131474
69 0.993221 -0.0336557 0.11126 -0.224344 0.0258026 0.997122 0.0712843 -0.0955774 -0.113339 -0.0679303 0.991231 -0.135435
70 0.993762 -0.0399466 0.104122 -0.221276 0.032738 0.997006 0.0700448 -0.0971843 -0.106608 -0.0661992 0.992095 -0.141714
71 0.993587 -0.0419208 0.105013 -0.219204 0.0348181 0.997038 0.0685798 -0.0978529 -0.107577 -0.0644836 0.992103 -0.147347
72 0.993588 -0.0418992 0.105011 -0.219197 0.0348048 0.997043 0.0685048 -0.0977784 -0.107571 -0.0644107 0.992109 -0.147325
73 0.993157 -0.041595 0.109125 -0.219899 0.0342888 0.997096 0.0679962 -0.0947632 -0.111636 -0.0637892 0.9917 -0.152512
74 0.992665 -0.0371686 0.115041 -0.223809 0.0282624 0.996545 0.0781034 -0.0968426 -0.117547 -0.0742792 0.990285 -0.154117
75 0.992724 -0.0326858 0.115889 -0.22577 0.0228727 0.996117 0.0850177 -0.101445 -0.118218 -0.0817485 0.989617 -0.156871
76 0.992586 -0.0314256 0.117416 -0.228662 0.0212534 0.99599 0.086903 -0.101078 -0.119676 -0.0837632 0.989273 -0.159356
77 0.992729 -0.0319209 0.116063 -0.234988 0.0212543 0.995532 0.0920063 -0.106875 -0.118481 -0.0888704 0.988971 -0.156695
78 0.993851 -0.0327077 0.105788 -0.230073 0.0233424 0.995795 0.0885857 -0.109498 -0.108241 -0.0855716 0.990435 -0.163778
79 0.993616 -0.0322697 0.108105 -0.229074 0.022847 0.995921 0.0872943 -0.108101 -0.110481 -0.0842671 0.990299 -0.168202
80 0.992892 -0.0310239 0.114905 -0.235819 0.0206246 0.995673 0.0906106 -0.108632 -0.117219 -0.0875967 0.989235 -0.167447
81 0.992882 -0.0309641 0.115003 -0.23598 0.0205364 0.99566 0.0907758 -0.108782 -0.117315 -0.0877679 0.989209 -0.167519
82 0.993237 -0.0283811 0.112585 -0.24127 0.0175824 0.995248 0.0957743 -0.112309 -0.114768 -0.093147 0.989016 -0.165503
83 0.994516 -0.0226629 0.102102 -0.244168 0.0127589 0.995239 0.0966297 -0.11726 -0.103806 -0.0947971 0.99007 -0.164293
84 0.995809 -0.0214566 0.0889027 -0.24401 0.0132409 0.995672 0.0919923 -0.116771 -0.0904917 -0.0904296 0.991783 -0.168243
85 0.996526 -0.0214835 0.0804662 -0.24462 0.0139053 0.995515 0.0935815 -0.12034 -0.0821157 -0.0921375 0.992355 -0.168049
86 0.997245 -0.0164255 0.0723434 -0.242829 0.00950584 0.995434 0.0949754 -0.127502 -0.0735731 -0.094026 0.992847 -0.169143
87 0.997505 -0.0088225 0.07004 -0.24152 0.00243519 0.99587 0.0907616 -0.130241 -0.0705514 -0.0903646 0.993407 -0.171271
88 0.997314 -0.00258437 0.0731976 -0.243432 -0.00383999 0.996158 0.0874907 -0.1342 -0.0731425 -0.0875368 0.993472 -0.17195
89 0.996998 0.00269948 0.0773837 -0.246939 -0.00912498 0.996524 0.0828015 -0.13731 -0.0768912 -0.083259 0.993557 -0.171312
90 0.996898 0.0100296 0.0780579 -0.254307 -0.0160984 0.996862 0.0775107 -0.138287 -0.0770356 -0.0785269 0.993931 -0.169982
91 0.997513 0.0159478 0.068653 -0.258516 -0.0212128 0.996832 0.0766571 -0.140709 -0.067213 -0.0779228 0.994691 -0.170587
92 0.998209 0.0210419 0.0560018 -0.26004 -0.0254151 0.996585 0.0785594 -0.144103 -0.0541575 -0.079842 0.995335 -0.169234
93 0.998207 0.0211161 0.0560017 -0.259986 -0.0254917 0.99658 0.0786078 -0.144146 -0.0541502 -0.0798945 0.995331 -0.169225
94 0.998709 0.0286223 0.041966 -0.261785 -0.0319824 0.996142 0.0817157 -0.149558 -0.0394653 -0.0829523 0.995772 -0.166875
95 0.999148 0.0312236 0.0269795 -0.259888 -0.0333438 0.996068 0.0820836 -0.154967 -0.0243105 -0.0829133 0.99626 -0.16614
96 0.999382 0.0296917 0.0188173 -0.260055 -0.0310996 0.996344 0.0795688 -0.160135 -0.016386 -0.0801048 0.996652 -0.165586
97 0.999404 0.0322848 0.0121906 -0.26158 -0.0331269 0.996502 0.0767284 -0.163115 -0.00967076 -0.0770865 0.996978 -0.164474
98 0.999281 0.0376335 0.00451147 -0.262557 -0.0378689 0.996334 0.0767046 -0.166973 -0.00160827 -0.0768203 0.997044 -0.161713
99 0.999199 0.0397784 -0.00427381 -0.263749 -0.0393343 0.996281 0.0766611 -0.172426 0.00730737 -0.0764316 0.997048 -0.159427
100 0.999129 0.0391202 -0.0145487 -0.262996 -0.0379283 0.996482 0.074732 -0.176808 0.0174211 -0.0741151 0.997098 -0.157454
101 0.99885 0.042047 -0.0230478 -0.260702 -0.0402441 0.996462 0.0737788 -0.180662 0.0260684 -0.0727664 0.997008 -0.156744
102 0.99836 0.0497048 -0.0284114 -0.259407 -0.047501 0.996157 0.0735864 -0.182257 0.0319598 -0.0721161 0.996884 -0.155693
103 0.997923 0.0559478 -0.0319456 -0.261916 -0.0533039 0.9955 0.0783467 -0.185001 0.0361852 -0.0764811 0.996414 -0.151609
104 0.997195 0.0639438 -0.0388945 -0.266158 -0.0603611 0.994361 0.0871942 -0.193889 0.0442507 -0.0846019 0.995432 -0.14717
105 0.995588 0.0761129 -0.05488 -0.26832 -0.0710255 0.993465 0.089348 -0.194401 0.0613219 -0.0850559 0.994487 -0.14471
106 0.993255 0.0872611 -0.0763549 -0.269667 -0.0794605 0.991826 0.0998397 -0.199745 0.0844429 -0.093099 0.99207 -0.143029
107 0.989298 0.103509 -0.102833 -0.26599 -0.0920868 0.989632 0.110222 -0.206231 0.113175 -0.0995725 0.988573 -0.136967
108 0.984 0.122715 -0.129168 -0.258704 -0.107831 0.987316 0.116536 -0.211253 0.14183 -0.100743 0.984751 -0.131832
109 0.979577 0.136795 -0.147364 -0.253914 -0.119526 0.985516 0.120302 -0.214071 0.161686 -0.100231 0.981739 -0.130559
110 0.975128 0.15239 -0.160944 -0.250814 -0.132587 0.982951 0.12739 -0.218299 0.177613 -0.102882 0.978708 -0.123686
111 0.970244 0.166881 -0.175433 -0.252692 -0.145059 0.980754 0.130688 -0.221267 0.193866 -0.101351 0.975779 -0.118316
112 0.963559 0.178888 -0.198882 -0.250879 -0.153811 0.978806 0.135211 -0.225596 0.218854 -0.0996934 0.970651 -0.115473
113 0.955659 0.186919 -0.227546 -0.245197 -0.158749 0.977834 0.136528 -0.225966 0.248022 -0.0943513 0.964149 -0.111844
114 0.947955 0.190253 -0.255315 -0.233209 -0.158437 0.977385 0.14006 -0.227182 0.276187 -0.0923189 0.95666 -0.107271
115 0.941278 0.192426 -0.27743 -0.209619 -0.15684 0.97686 0.145418 -0.231302 0.298993 -0.0933665 0.949677 -0.101865
116 0.941964 0.193121 -0.274605 -0.194158 -0.157591 0.976615 0.146244 -0.231633 0.296427 -0.0944813 0.950371 -0.0982665
117 0.947324 0.194108 -0.254752 -0.193797 -0.159441 0.975666 0.150511 -0.233731 0.277768 -0.101965 0.955221 -0.0944478
118 0.951797 0.192502 -0.2388 -0.197964 -0.158875 0.975367 0.15303 -0.235196 0.262376 -0.107714 0.958935 -0.0892078
119 0.953314 0.189683 -0.234976 -0.197769 -0.155976 0.975569 0.154717 -0.235839 0.258582 -0.110843 0.959609 -0.0846245
120 0.95278 0.189211 -0.237509 -0.195552 -0.15406 0.975205 0.158874 -0.240403 0.26168 -0.114781 0.958305 -0.0791247
121 0.950637 0.185986 -0.248393 -0.184807 -0.149977 0.976157 0.156923 -0.24436 0.271656 -0.111923 0.955864 -0.0731794
122 0.949852 0.181952 -0.254311 -0.171067 -0.146857 0.977577 0.150916 -0.245989 0.276068 -0.106001 0.955275 -0.0678601
123 0.950916 0.180432 -0.251401 -0.161385 -0.147324 0.978408 0.144962 -0.24749 0.272128 -0.100809 0.956966 -0.064715
124 0.951279 0.186143 -0.245802 -0.158922 -0.154489 0.977666 0.142489 -0.248617 0.266836 -0.097573 0.95879 -0.0618795
125 0.94927 0.19579 -0.246074 -0.158129 -0.164413 0.976064 0.142361 -0.25246 0.268057 -0.0946815 0.958739 -0.0575317
126 0.943983 0.208604 -0.255696 -0.151878 -0.178244 0.974415 0.136908 -0.250416 0.277714 -0.0836621 0.957014 -0.0558224
127 0.939481 0.217296 -0.264873 -0.138272 -0.186034 0.972776 0.138197 -0.25023 0.287692 -0.0805587 0.954329 -0.0535234
128 0.9378 0.22542 -0.264039 -0.130156 -0.192826 0.970639 0.1438 -0.25506 0.288702 -0.0839419 0.953732 -0.0473582
129 0.937406 0.234321 -0.257611 -0.130806 -0.203039 0.968767 0.142356 -0.260208 0.282922 -0.08114 0.955705 -0.0434011
130 0.934749 0.242219 -0.259952 -0.13043 -0.213711 0.967763 0.133273 -0.254763 0.283853 -0.0690223 0.95638 -0.04229
131 0.930267 0.248053 -0.270319 -0.125249 -0.218539 0.966474 0.134792 -0.255106 0.294692 -0.0663169 0.953288 -0.0374694
132 0.925371 0.251896 -0.28326 -0.114974 -0.221885 0.96582 0.13401 -0.253573 0.307335 -0.0611582 0.949634 -0.0340025
133 0.918404 0.261416 -0.296978 -0.100429 -0.229425 0.963414 0.138553 -0.254719 0.322333 -0.0591135 0.944779 -0.0263709
134 0.918555 0.257029 -0.300321 -0.0935771 -0.224462 0.964525 0.138951 -0.250667 0.325381 -0.0602237 0.943663 -0.0215666
135 0.91916 0.252616 -0.302207 -0.0927789 -0.217358 0.965158 0.145687 -0.252647 0.32848 -0.0682222 0.942044 -0.0162059
136 0.916432 0.250024 -0.312474 -0.0841816 -0.212558 0.965678 0.149284 -0.252289 0.339074 -0.0703897 0.938123 -0.0121508
137 0.913481 0.2526 -0.318975 -0.0739303 -0.211698 0.964548 0.157577 -0.255985 0.347471 -0.0764171 0.934572 -0.00684614
138 0.915633 0.248354 -0.316126 -0.0650023 -0.208212 0.965636 0.155549 -0.259342 0.343894 -0.0766049 0.935878 0.00349162
139 0.9158 0.246101 -0.317404 -0.0634213 -0.207294 0.96651 0.151288 -0.259009 0.344006 -0.0727537 0.936145 0.00696215
140 0.914618 0.24044 -0.325057 -0.0581533 -0.202408 0.968253 0.146687 -0.256561 0.350006 -0.0683685 0.934249 0.00980857
141 0.911932 0.235544 -0.336006 -0.0453686 -0.196049 0.969437 0.147502 -0.256631 0.36048 -0.0686383 0.930238 0.0154162
142 0.910664 0.236363 -0.338858 -0.0343488 -0.196059 0.969185 0.149134 -0.256677 0.363666 -0.0693747 0.928943 0.022187
143 0.914816 0.238086 -0.326232 -0.0247805 -0.198355 0.968493 0.150586 -0.260235 0.351806 -0.0730483 0.933218 0.0298814
144 0.917617 0.234834 -0.320673 -0.0254983 -0.195556 0.969134 0.150121 -0.263433 0.346029 -0.075044 0.935218 0.0338609
145 0.916737 0.230942 -0.325975 -0.0213819 -0.19308 0.970476 0.144554 -0.264659 0.349735 -0.0695786 0.934261 0.0373495
146 0.913885 0.226078 -0.337199 -0.00965524 -0.189683 0.972142 0.137696 -0.263028 0.358935 -0.0618771 0.931309 0.0419469
147 0.913419 0.220692 -0.341996 0.00386131 -0.184382 0.97344 0.135711 -0.263822 0.362863 -0.0609032 0.92985 0.0485498
148 0.915832 0.218591 -0.336853 0.0187602 -0.183882 0.974027 0.132129 -0.261364 0.356986 -0.0590666 0.93224 0.0532374
149 0.921341 0.224334 -0.317498 0.0208295 -0.189705 0.972307 0.136498 -0.2645 0.339326 -0.0655304 0.938383 0.0587426
150 0.926595 0.233593 -0.294713 0.0134663 -0.202453 0.970282 0.132534 -0.27236 0.316914 -0.0631395 0.94635 0.0588743
151 0.924138 0.22992 -0.305131 0.021478 -0.199569 0.971535 0.127637 -0.273024 0.325792 -0.0570599 0.943718 0.0622008
152 0.921325 0.227512 -0.315275 0.0352212 -0.197083 0.972295 0.125704 -0.276816 0.33514 -0.0536793 0.940638 0.069473
153 0.92139 0.229991 -0.313279 0.0456536 -0.202559 0.972142 0.117939 -0.278741 0.331677 -0.0452108 0.942309 0.0742614
154 0.924865 0.231959 -0.301362 0.0456795 -0.20861 0.972022 0.107955 -0.278747 0.317972 -0.0369763 0.947379 0.0740409
155 0.927717 0.226562 -0.296667 0.0458667 -0.206031 0.973507 0.0991732 -0.27543 0.311276 -0.030882 0.949818 0.0736249
156 0.927418 0.221548 -0.301351 0.0519101 -0.200936 0.974673 0.0981747 -0.274997 0.315469 -0.0304969 0.948446 0.0763612
157 0.926195 0.21851 -0.307273 0.0615502 -0.197222 0.975336 0.0991111 -0.27636 0.321351 -0.0311951 0.946446 0.0809604
158 0.926973 0.213147 -0.308688 0.0725644 -0.191416 0.97646 0.0994287 -0.275861 0.322615 -0.0330799 0.945952 0.085364
159 0.930274 0.208293 -0.301999 0.0803816 -0.18545 0.977264 0.102776 -0.277276 0.316541 -0.0396037 0.947752 0.0905862
160 0.935074 0.203134 -0.29047 0.0869468 -0.180233 0.978128 0.103831 -0.279586 0.305208 -0.0447372 0.951234 0.0942025
161 0.940828 0.195715 -0.276654 0.0895849 -0.17418 0.979558 0.100635 -0.278309 0.290695 -0.0464931 0.955686 0.0948706
162 0.944893 0.188117 -0.267934 0.0918563 -0.166821 0.980866 0.100359 -0.276881 0.281687 -0.0501317 0.958196 0.0938805
163 0.946238 0.181898 -0.267484 0.0990461 -0.159635 0.981795 0.102935 -0.275881 0.281338 -0.0547012 0.958048 0.0963889
164 0.950842 0.172064 -0.257475 0.118136 -0.147193 0.982622 0.113083 -0.274819 0.272458 -0.0696259 0.959645 0.104719
165 0.954605 0.169624 -0.244861 0.122701 -0.144604 0.982559 0.116908 -0.275156 0.260421 -0.0761926 0.962484 0.105717
166 0.957453 0.166789 -0.235512 0.124486 -0.141781 0.982656 0.119517 -0.2746 0.251362 -0.0810405 0.964495 0.10571
167 0.957837 0.165733 -0.234693 0.129524 -0.140077 0.982574 0.122176 -0.272877 0.250851 -0.0841502 0.964361 0.105757
168 0.957374 0.165256 -0.236909 0.137698 -0.13817 0.982256 0.126812 -0.273976 0.253662 -0.0886725 0.96322 0.108584
169 0.958052 0.162616 -0.235992 0.146481 -0.135339 0.982547 0.127614 -0.271174 0.252626 -0.0903219 0.963339 0.110402
170 0.958909 0.163557 -0.231826 0.154343 -0.135297 0.981829 0.133064 -0.271757 0.249377 -0.0962305 0.963613 0.110658
171 0.959949 0.163587 -0.227457 0.160149 -0.13462 0.981296 0.137605 -0.271867 0.245713 -0.101473 0.964017 0.11115
172 0.961112 0.160035 -0.22506 0.167347 -0.130701 0.981519 0.13978 -0.270542 0.24327 -0.104929 0.964266 0.111036
173 0.961826 0.157683 -0.223668 0.176371 -0.127447 0.981366 0.143798 -0.268673 0.242175 -0.109802 0.963999 0.111682
174 0.962106 0.157976 -0.222252 0.187005 -0.126359 0.980579 0.149996 -0.270297 0.241632 -0.116228 0.963382 0.112234
175 0.962973 0.158806 -0.21786 0.195931 -0.12734 0.980199 0.15164 -0.267309 0.237628 -0.118283 0.964128 0.111442
176 0.964024 0.160366 -0.21199 0.204321 -0.128027 0.979037 0.158416 -0.265819 0.23295 -0.125577 0.964347 0.11101
177 0.965458 0.157814 -0.207332 0.213456 -0.124373 0.978332 0.165521 -0.265929 0.228961 -0.134017 0.964166 0.110473
178 0.96696 0.155158 -0.202273 0.222182 -0.121137 0.977804 0.170954 -0.265415 0.224308 -0.140803 0.964293 0.10985
179 0.968191 0.153698 -0.197442 0.230159 -0.11941 0.977264 0.175201 -0.266114 0.219881 -0.146052 0.964532 0.10922
180 0.970208 0.147364 -0.192303 0.236183 -0.114356 0.978307 0.172737 -0.26069 0.213587 -0.1456 0.966013 0.108011
181 0.97128 0.144675 -0.188901 0.245728 -0.11109 0.977798 0.177679 -0.258303 0.210413 -0.151591 0.965788 0.1074
182 0.971748 0.14819 -0.183698 0.253406 -0.114249 0.976396 0.183295 -0.257641 0.206524 -0.15713 0.965742 0.106744
183 0.971974 0.150616 -0.180506 0.261908 -0.116263 0.975309 0.187764 -0.254309 0.204329 -0.161515 0.965486 0.105887
184 0.972673 0.152518 -0.175057 0.268258 -0.1173 0.973484 0.19639 -0.255828 0.200369 -0.170489 0.964772 0.1058
185 0.973591 0.149822 -0.172264 0.273708 -0.114605 0.973317 0.198796 -0.257349 0.197451 -0.173804 0.964783 0.105051
186 0.974012 0.144775 -0.174184 0.281674 -0.109944 0.974574 0.195238 -0.254632 0.198021 -0.171014 0.965164 0.103692
187 0.974011 0.14129 -0.177028 0.291531 -0.105912 0.974983 0.195427 -0.254345 0.200211 -0.171598 0.964608 0.103229
188 0.975088 0.133157 -0.177403 0.299012 -0.0984081 0.976446 0.192014 -0.252594 0.198792 -0.169773 0.965225 0.102013
189 0.975875 0.124281 -0.179503 0.307125 -0.0894278 0.977574 0.190659 -0.24898 0.199173 -0.170007 0.965105 0.101328
190 0.976976 0.114038 -0.180313 0.31409 -0.0789887 0.97844 0.19083 -0.247664 0.198187 -0.172193 0.96492 0.101465
191 0.977712 0.106222 -0.181098 0.323441 -0.0713297 0.979321 0.189322 -0.245565 0.197464 -0.172184 0.96507 0.100389
192 0.978446 0.102631 -0.179196 0.331934 -0.0679725 0.979463 0.189823 -0.242386 0.194997 -0.173551 0.965327 0.100333
193 0.979878 0.0975967 -0.17411 0.337858 -0.0636097 0.979513 0.191072 -0.239928 0.189191 -0.176152 0.966011 0.102036
194 0.981418 0.0923193 -0.168215 0.344099 -0.0593786 0.979741 0.191265 -0.238163 0.182465 -0.177723 0.967017 0.101978
195 0.982712 0.0862194 -0.163839 0.348775 -0.0540407 0.979989 0.191575 -0.235937 0.177078 -0.179409 0.967706 0.101881
196 0.983007 0.0808278 -0.164815 0.355029 -0.048261 0.980053 0.19279 -0.233371 0.17711 -0.181559 0.967299 0.102139
197 0.983144 0.0745441 -0.166947 0.362736 -0.0408999 0.979638 0.196564 -0.231802 0.1782 -0.186422 0.966174 0.103218
198 0.983701 0.0692103 -0.165958 0.371425 -0.0351435 0.979159 0.200034 -0.230083 0.176343 -0.190941 0.965632 0.104494
199 0.984527 0.0662726 -0.16222 0.378174 -0.0320826 0.978249 0.204937 -0.230819 0.172273 -0.196562 0.965239 0.106802
200 0.985057 0.0609063 -0.161101 0.384417 -0.0271036 0.978548 0.204227 -0.229006 0.170083 -0.196809 0.965576 0.108986
201 0.985042 0.0559458 -0.162981 0.391327 -0.0219907 0.978908 0.203115 -0.227088 0.170907 -0.196493 0.965495 0.11051
202 0.984666 0.0520523 -0.166502 0.399559 -0.0175293 0.979139 0.202435 -0.225213 0.173566 -0.196412 0.965037 0.112325
203 0.984436 0.0486808 -0.168866 0.409667 -0.0137636 0.979275 0.202069 -0.221129 0.175203 -0.196599 0.964703 0.113318
204 0.984833 0.0496138 -0.166262 0.41971 -0.0139583 0.977794 0.209101 -0.218629 0.172944 -0.203609 0.963656 0.115085
205 0.986352 0.0523925 -0.156091 0.426619 -0.0169095 0.975242 0.220491 -0.218642 0.163779 -0.214843 0.962818 0.118652
206 0.987471 0.0554227 -0.147749 0.431755 -0.0207871 0.973821 0.226365 -0.217795 0.156427 -0.220457 0.962772 0.124323
207 0.987883 0.0581621 -0.143893 0.431523 -0.024239 0.973568 0.227109 -0.218399 0.153299 -0.220869 0.96318 0.127379
208 0.986447 0.0563757 -0.154093 0.435541 -0.0210314 0.974818 0.222006 -0.217273 0.162729 -0.215757 0.962792 0.129545
209 0.983717 0.0539762 -0.171427 0.445019 -0.0158204 0.976139 0.216568 -0.214254 0.179026 -0.210329 0.961099 0.131935
210 0.981492 0.0562386 -0.183057 0.45539 -0.0157319 0.976354 0.215606 -0.213362 0.190853 -0.208735 0.959169 0.135013
211 0.980235 0.0582901 -0.189056 0.466476 -0.0164194 0.976283 0.215877 -0.213405 0.197156 -0.208506 0.957943 0.13699
212 0.98002 0.0583702 -0.190143 0.472957 -0.0161231 0.976137 0.216554 -0.212094 0.198246 -0.209162 0.957575 0.140788
213 0.979568 0.0582779 -0.192484 0.477833 -0.0158729 0.976512 0.214877 -0.21276 0.200486 -0.207431 0.957485 0.144332
214 0.977754 0.0561993 -0.202085 0.483412 -0.0139571 0.978735 0.204654 -0.210276 0.20929 -0.197281 0.957746 0.149956
215 0.975039 0.0531578 -0.215574 0.489272 -0.0111248 0.981394 0.191682 -0.206438 0.221753 -0.184499 0.957489 0.150868
216 0.971715 0.0504297 -0.230711 0.497295 -0.00708289 0.982718 0.184975 -0.202197 0.236052 -0.178109 0.955279 0.152703
217 0.969125 0.0522212 -0.240975 0.507572 -0.00654877 0.982421 0.186562 -0.200815 0.246481 -0.179224 0.952432 0.155978
218 0.968803 0.0555127 -0.241534 0.515767 -0.00959873 0.982264 0.187256 -0.200427 0.247646 -0.179096 0.952153 0.160098
219 0.969808 0.062046 -0.235843 0.519368 -0.0180834 0.982727 0.184177 -0.199547 0.243196 -0.174352 0.954179 0.16156
220 0.969613 0.0621242 -0.236624 0.519785 -0.017998 0.982714 0.184255 -0.199481 0.243981 -0.174398 0.95397 0.162195
221 0.969482 0.0632164 -0.23687 0.521304 -0.0203847 0.983623 0.179079 -0.197329 0.244312 -0.168786 0.954894 0.16364
222 0.966605 0.0664971 -0.247492 0.526922 -0.0225668 0.984083 0.17627 -0.194767 0.255274 -0.164798 0.952721 0.164863
223 0.963301 0.0733981 -0.258194 0.53331 -0.0276996 0.983935 0.176363 -0.19372 0.266991 -0.162739 0.949859 0.167772
224 0.961113 0.0804317 -0.264183 0.540959 -0.0338955 0.983771 0.1762 -0.191844 0.274067 -0.160393 0.948241 0.170278
225 0.96003 0.0903185 -0.264924 0.549777 -0.0430853 0.982912 0.178964 -0.190163 0.276561 -0.160396 0.947516 0.172312
226 0.959961 0.10174 -0.261007 0.553257 -0.0546343 0.981822 0.181773 -0.188118 0.274756 -0.160235 0.948069 0.174643
227 0.958992 0.110641 -0.260946 0.557079 -0.0628042 0.980726 0.18502 -0.185967 0.276388 -0.161044 0.947457 0.176976
228 0.957291 0.120118 -0.262994 0.562094 -0.0711012 0.979485 0.188558 -0.183613 0.280248 -0.161805 0.946192 0.179525
229 0.954786 0.134205 -0.265278 0.569627 -0.0833307 0.977352 0.194521 -0.181704 0.285376 -0.16362 0.944346 0.181094
230 0.953559 0.146325 -0.263276 0.57605 -0.0938441 0.974892 0.201938 -0.180542 0.286214 -0.167853 0.943349 0.184194
231 0.953611 0.156623 -0.25709 0.581012 -0.103512 0.972524 0.208523 -0.178269 0.282686 -0.172238 0.943622 0.186714
232 0.95372 0.167082 -0.250002 0.585006 -0.11334 0.96984 0.215789 -0.175431 0.278517 -0.177467 0.943893 0.189745
233 0.954261 0.16616 -0.248549 0.583742 -0.112688 0.969921 0.215766 -0.17505 0.276925 -0.177889 0.944282 0.188754
234 0.953869 0.175054 -0.243907 0.586718 -0.12008 0.967057 0.224459 -0.172752 0.275165 -0.184816 0.943466 0.192334
235 0.952483 0.184356 -0.242463 0.587788 -0.128681 0.965056 0.228273 -0.170223 0.276074 -0.186226 0.942923 0.195559
236 0.949118 0.192563 -0.24919 0.591699 -0.135821 0.964195 0.227771 -0.167804 0.284128 -0.182337 0.941289 0.198487
237 0.944144 0.206131 -0.257103 0.596764 -0.147867 0.962254 0.22848 -0.166224 0.294495 -0.177701 0.938986 0.20076
238 0.939768 0.220761 -0.260961 0.601132 -0.161417 0.959595 0.230481 -0.1662 0.301299 -0.174475 0.937431 0.203999
239 0.937957 0.226148 -0.262856 0.606509 -0.166969 0.958946 0.229225 -0.164899 0.303903 -0.171114 0.93721 0.205331
240 0.937005 0.2306 -0.262382 0.610507 -0.171872 0.958272 0.228416 -0.163617 0.304107 -0.168931 0.93754 0.20774
241 0.936913 0.232873 -0.2607 0.615197 -0.175022 0.958083 0.226815 -0.162565 0.302591 -0.166878 0.938398 0.209389
242 0.938812 0.230471 -0.255957 0.620211 -0.173712 0.958529 0.225935 -0.160393 0.297414 -0.167648 0.939914 0.211139
243 0.941211 0.22921 -0.248162 0.623991 -0.173631 0.958375 0.226647 -0.158619 0.289782 -0.170234 0.941831 0.213534
244 0.94387 0.227711 -0.239286 0.627597 -0.174211 0.958638 0.225085 -0.156263 0.280643 -0.170765 0.944499 0.215333
245 0.947177 0.224868 -0.228672 0.630543 -0.173267 0.958792 0.22516 -0.153999 0.26988 -0.173645 0.947107 0.218644
246 0.951846 0.215545 -0.218015 0.632526 -0.166316 0.960429 0.223416 -0.151407 0.257544 -0.176398 0.950029 0.222528
247 0.955089 0.20914 -0.209917 0.634903 -0.161935 0.961661 0.221324 -0.148167 0.248157 -0.177391 0.95234 0.225568
248 0.957898 0.204842 -0.201176 0.636103 -0.15929 0.962131 0.221203 -0.146343 0.23887 -0.179845 0.954252 0.229465
249 0.961098 0.195773 -0.194841 0.638452 -0.152123 0.963974 0.218201 -0.143502 0.23054 -0.180073 0.956256 0.232364
250 0.964252 0.18693 -0.187817 0.639936 -0.144604 0.965135 0.218184 -0.140864 0.222054 -0.183226 0.957664 0.236482
251 0.96724 0.178199 -0.18081 0.641538 -0.137217 0.966206 0.218215 -0.139194 0.213585 -0.186256 0.959005 0.240372
252 0.97046 0.170161 -0.171037 0.643122 -0.131095 0.967045 0.218262 -0.137921 0.20254 -0.189392 0.960785 0.244533
253 0.974781 0.158828 -0.156767 0.642126 -0.123109 0.968629 0.215874 -0.136415 0.186136 -0.19113 0.963754 0.24786
254 0.978274 0.146417 -0.146775 0.643026 -0.11353 0.970726 0.211664 -0.134211 0.173469 -0.190402 0.966259 0.252181
255 0.981482 0.134426 -0.136466 0.643799 -0.104198 0.972454 0.20851 -0.132387 0.160736 -0.19043 0.968453 0.256872
256 0.984279 0.123893 -0.125881 0.643599 -0.096494 0.974148 0.204268 -0.130832 0.147934 -0.18891 0.970788 0.262186
257 0.986686 0.112862 -0.117106 0.643643 -0.0882741 0.976375 0.197227 -0.129071 0.136599 -0.184264 0.973338 0.26687
258 0.989235 0.0996333 -0.107182 0.641532 -0.077698 0.978264 0.192255 -0.127863 0.124007 -0.181857 0.975474 0.269477
259 0.991018 0.0876589 -0.100988 0.642039 -0.0674203 0.979702 0.188784 -0.126598 0.115486 -0.180279 0.976812 0.273505
260 0.992443 0.0795637 -0.0934148 0.642206 -0.0612106 0.980815 0.18508 -0.126209 0.106348 -0.177964 0.978273 0.278791
261 0.993871 0.0712134 -0.0845537 0.64313 -0.055353 0.982656 0.176983 -0.124803 0.0956908 -0.171218 0.980575 0.282001
262 0.995356 0.0591719 -0.0759346 0.643381 -0.0452328 0.983763 0.173681 -0.122292 0.0849786 -0.169439 0.98187 0.285986
263 0.996373 0.0469142 -0.070986 0.643226 -0.034097 0.984497 0.172055 -0.120342 0.0779573 -0.169011 0.982526 0.291342
264 0.997064 0.0402074 -0.0651641 0.642449 -0.0284045 0.984536 0.172864 -0.121242 0.0711068 -0.170505 0.982788 0.294218
265 0.997914 0.0268139 -0.0587175 0.642478 -0.016451 0.985249 0.170335 -0.119985 0.0624186 -0.169014 0.983635 0.299024
266 0.998369 0.0166216 -0.0546255 0.642635 -0.00716734 0.985606 0.168907 -0.119409 0.0566468 -0.16824 0.984117 0.303232
267 0.998713 0.0101187 -0.0497082 0.643408 -0.00169134 0.986001 0.16673 -0.120349 0.0506995 -0.166432 0.984749 0.307479
268 0.999156 -0.00432147 -0.0408452 0.64517 0.0108815 0.986767 0.161782 -0.119115 0.0396056 -0.16209 0.985981 0.310418
269 0.999465 -0.011636 -0.0305766 0.645961 0.0164941 0.986358 0.163785 -0.118503 0.0282537 -0.164202 0.986022 0.314336
270 0.999654 -0.0155008 -0.0212377 0.646676 0.0187377 0.986636 0.161861 -0.11919 0.0184449 -0.162203 0.986585 0.317978
271 0.999639 -0.0164858 -0.0212155 0.646057 0.01971 0.986583 0.162064 -0.119524 0.0182591 -0.162423 0.986552 0.3171
272 0.99959 -0.0259745 -0.0120445 0.647366 0.0275213 0.987678 0.15406 -0.119052 0.00789446 -0.154328 0.987988 0.320098
273 0.999349 -0.035467 -0.00656864 0.649279 0.0360497 0.988216 0.148757 -0.11769 0.00121528 -0.148897 0.988852 0.324794
274 0.998888 -0.0470112 -0.00358615 0.650103 0.0470403 0.988594 0.14307 -0.118868 -0.00318064 -0.14308 0.989706 0.328432
275 0.998198 -0.0598985 -0.00367979 0.652325 0.0598626 0.989531 0.131319 -0.118065 -0.00422456 -0.131303 0.991333 0.330969
276 0.997464 -0.0709694 -0.00541765 0.65454 0.071082 0.989348 0.127033 -0.116855 -0.0036555 -0.127096 0.991884 0.333496
277 0.99724 -0.0739436 -0.00675729 0.656303 0.0742064 0.989316 0.12549 -0.117089 -0.00259411 -0.125645 0.992072 0.338165
278 0.997307 -0.0731367 -0.0055237 0.658433 0.0732626 0.989786 0.122292 -0.118144 -0.00347676 -0.122367 0.992479 0.342111
279 0.997411 -0.0718397 -0.00321147 0.661602 0.0717233 0.990579 0.116656 -0.119925 -0.00519928 -0.116584 0.993167 0.345041
280 0.997108 -0.0758975 0.00381526 0.663636 0.0750851 0.991688 0.104485 -0.120988 -0.0117137 -0.103896 0.994519 0.34959
281 0.996373 -0.0847647 0.00749777 0.66593 0.0838009 0.992708 0.0866485 -0.120926 -0.0147878 -0.0857059 0.996211 0.351872
282 0.996159 -0.0875251 0.00260331 0.668663 0.0871487 0.993889 0.0677443 -0.121013 -0.00851673 -0.0672572 0.997699 0.351709
283 0.9961 -0.0879275 -0.00731782 0.671857 0.0881752 0.994997 0.0469668 -0.12063 0.00315154 -0.0474288 0.99887 0.358004
284 0.996733 -0.0795866 -0.0137278 0.67417 0.0799622 0.996364 0.0294159 -0.120122 0.0113368 -0.0304175 0.999473 0.361798
285 0.996733 -0.0795971 -0.013669 0.674126 0.0799725 0.996359 0.0295543 -0.120231 0.0112668 -0.0305509 0.99947 0.361864
286 0.997472 -0.0686469 -0.0183698 0.676401 0.068983 0.997449 0.0183311 -0.120344 0.0170645 -0.019552 0.999663 0.365639
287 0.997478 -0.0669052 -0.0237005 0.679175 0.0671916 0.997674 0.0115036 -0.121103 0.0228758 -0.0130671 0.999653 0.368924
288 0.996875 -0.0709088 -0.0348143 0.680969 0.0710479 0.997469 0.00277321 -0.121595 0.0345295 -0.00523803 0.99939 0.371731
289 0.996592 -0.0635615 -0.0525677 0.682905 0.0632616 0.99797 -0.0073496 -0.122256 0.0529281 0.00399904 0.99859 0.376746
290 0.996898 -0.0517002 -0.0593371 0.684277 0.0507056 0.998549 -0.0181483 -0.124204 0.0601892 0.0150833 0.998073 0.379613
291 0.995984 -0.0629311 -0.0636787 0.687293 0.0610283 0.997642 -0.0313986 -0.125366 0.0655045 0.0273863 0.997476 0.381296
292 0.994688 -0.0712516 -0.0742869 0.688798 0.0680515 0.996677 -0.0447574 -0.125816 0.0772291 0.0394643 0.996232 0.382935
293 0.993446 -0.0721406 -0.0886655 0.690123 0.06749 0.996237 -0.0543793 -0.126366 0.0922548 0.0480388 0.994576 0.385296
294 0.992257 -0.0717189 -0.101399 0.691207 0.0655918 0.995886 -0.062524 -0.126511 0.105466 0.0553889 0.992879 0.387724
295 0.990563 -0.0747047 -0.114908 0.693408 0.0672417 0.99545 -0.0675123 -0.127912 0.119429 0.0591486 0.991079 0.389829
296 0.989124 -0.0745137 -0.126809 0.693669 0.0652218 0.994979 -0.0759177 -0.129481 0.131829 0.0668213 0.989018 0.392415
297 0.987712 -0.0752472 -0.136977 0.693916 0.0638425 0.994262 -0.0858349 -0.129805 0.14265 0.0760352 0.986848 0.394076
298 0.986141 -0.0753878 -0.147793 0.693767 0.0620706 0.993754 -0.0927417 -0.130957 0.153862 0.0822827 0.98466 0.395474
299 0.98399 -0.074759 -0.161787 0.693628 0.0587751 0.993105 -0.101426 -0.132901 0.168254 0.0902934 0.9816 0.397177
300 0.981074 -0.0728375 -0.179409 0.69421 0.0537792 0.992597 -0.108896 -0.135671 0.186013 0.0971869 0.977729 0.398152
301 0.978027 -0.0671922 -0.197354 0.692588 0.044349 0.992026 -0.11797 -0.138028 0.203707 0.106626 0.973208 0.400122
302 0.974539 -0.0641024 -0.214858 0.691688 0.0365278 0.990849 -0.129937 -0.138583 0.221221 0.118781 0.967963 0.400029
303 0.970748 -0.0594022 -0.232637 0.690513 0.0280931 0.990358 -0.135654 -0.138828 0.238452 0.125151 0.963057 0.400018
304 0.966741 -0.0553088 -0.249706 0.690223 0.0204812 0.989943 -0.139975 -0.141637 0.254936 0.130205 0.958151 0.402347
305 0.963087 -0.0507433 -0.264363 0.68896 0.0123514 0.989368 -0.144908 -0.142145 0.268905 0.136294 0.953475 0.401859
306 0.95961 -0.0449786 -0.277714 0.686857 0.00384089 0.98914 -0.146929 -0.143418 0.281306 0.139928 0.949361 0.402305
307 0.955154 -0.0440006 -0.292823 0.686217 0.000792964 0.989275 -0.146065 -0.144817 0.296109 0.139283 0.944944 0.400476
308 0.949261 -0.041741 -0.311707 0.686033 -0.00341788 0.989725 -0.142944 -0.147729 0.314471 0.136756 0.939365 0.40327
309 0.944733 -0.0374704 -0.325693 0.68417 -0.0104534 0.989499 -0.144162 -0.1472 0.327675 0.139599 0.93442 0.403669
310 0.941984 -0.0337372 -0.333959 0.682018 -0.0163492 0.989144 -0.14604 -0.146744 0.33526 0.143028 0.931205 0.404399
311 0.939616 -0.0305935 -0.340861 0.680614 -0.0209639 0.988981 -0.146553 -0.147734 0.341589 0.14485 0.92862 0.404458
312 0.936862 -0.0271829 -0.348642 0.680101 -0.0273058 0.988244 -0.150427 -0.145739 0.348632 0.150449 0.925106 0.405242
313 0.933583 -0.0265113 -0.35738 0.679979 -0.0300038 0.987976 -0.151669 -0.146247 0.357104 0.152318 0.921562 0.405357
314 0.931098 -0.0247131 -0.363931 0.678111 -0.0329429 0.987928 -0.151369 -0.147858 0.363279 0.152928 0.919044 0.407272
315 0.927503 -0.0241974 -0.373032 0.677808 -0.0353015 0.987773 -0.151847 -0.148898 0.372146 0.154007 0.915308 0.407066
316 0.923479 -0.02396 -0.382901 0.677177 -0.0365122 0.988029 -0.149886 -0.149938 0.381909 0.152397 0.911549 0.406423
317 0.919372 -0.0228626 -0.392725 0.676389 -0.0390916 0.988059 -0.149034 -0.150023 0.391443 0.15237 0.9075 0.406747
318 0.915325 -0.0205063 -0.402192 0.675929 -0.0435756 0.987796 -0.149535 -0.149302 0.40035 0.154399 0.903261 0.407241
319 0.912162 -0.0171629 -0.40947 0.674535 -0.0480519 0.987753 -0.148445 -0.149594 0.407003 0.155082 0.900166 0.404832
320 0.908476 -0.0136119 -0.417716 0.673917 -0.0518035 0.988095 -0.144864 -0.150653 0.414715 0.153245 0.896955 0.40365
321 0.904193 -0.00621181 -0.427078 0.671441 -0.0589066 0.988526 -0.139093 -0.151211 0.423042 0.150925 0.893453 0.403578
322 0.897349 -0.000785965 -0.441321 0.670128 -0.0660249 0.988505 -0.136011 -0.151466 0.436355 0.151187 0.886982 0.405072
323 0.890824 0.00163946 -0.454346 0.668907 -0.070877 0.988253 -0.1354 -0.152045 0.448787 0.152821 0.880475 0.404124
324 0.884802 0.0053042 -0.465936 0.668738 -0.0759516 0.988204 -0.132981 -0.151677 0.459735 0.15305 0.874768 0.402093
325 0.87754 0.0100582 -0.479398 0.669491 -0.0811589 0.988471 -0.127823 -0.151789 0.472586 0.151077 0.868239 0.399982
326 0.87087 0.0151895 -0.491279 0.667528 -0.0861282 0.988773 -0.122104 -0.151169 0.483909 0.14865 0.862401 0.39687
327 0.862904 0.0198886 -0.504976 0.667771 -0.0897566 0.989371 -0.11441 -0.150195 0.497333 0.144049 0.855517 0.393105
328 0.854297 0.0275977 -0.519053 0.667244 -0.0952985 0.989979 -0.104213 -0.149612 0.510975 0.138494 0.848365 0.3922
329 0.845816 0.034028 -0.532388 0.666516 -0.100261 0.99032 -0.0959889 -0.148785 0.523968 0.134567 0.841041 0.391162
330 0.836717 0.0409381 -0.546104 0.665734 -0.104691 0.990768 -0.086131 -0.147126 0.537536 0.129239 0.833278 0.387063
331 0.8262 0.0517985 -0.56099 0.665429 -0.111635 0.991072 -0.0729011 -0.146088 0.552205 0.122857 0.824606 0.38543
332 0.815085 0.0646333 -0.575725 0.664877 -0.119507 0.991142 -0.0579228 -0.145378 0.566881 0.116015 0.815589 0.383498
333 0.802506 0.0758977 -0.591798 0.664099 -0.126422 0.990985 -0.0443408 -0.144047 0.583097 0.1104 0.804866 0.381384
334 0.787979 0.0906046 -0.608999 0.664032 -0.135483 0.990385 -0.0279543 -0.143142 0.600611 0.104536 0.792678 0.380148
335 0.773425 0.105507 -0.625046 0.664429 -0.144843 0.989379 -0.012221 -0.142596 0.617118 0.0999856 0.780493 0.37909
336 0.75993 0.1216 -0.638529 0.664503 -0.154982 0.98791 0.00368688 -0.140765 0.631258 0.0961591 0.769589 0.378574
337 0.746974 0.142219 -0.649464 0.664489 -0.165646 0.985859 0.0253659 -0.138742 0.643887 0.0886336 0.759969 0.377367
338 0.731842 0.16356 -0.661555 0.664351 -0.172576 0.983608 0.0522723 -0.13883 0.659261 0.0759135 0.748072 0.37666
339 0.715311 0.180932 -0.674977 0.665119 -0.18017 0.980995 0.0720265 -0.139176 0.675181 0.0700892 0.734315 0.376783
340 0.701437 0.191997 -0.686385 0.666618 -0.183672 0.9792 0.0862035 -0.139035 0.688659 0.0656036 0.722112 0.376365
341 0.69047 0.203626 -0.69411 0.668112 -0.189104 0.977004 0.0985044 -0.13804 0.698206 0.0632448 0.713098 0.375639
342 0.680398 0.219545 -0.699184 0.668859 -0.197895 0.97367 0.113157 -0.137621 0.705617 0.0613733 0.70593 0.376585
343 0.672396 0.230512 -0.703383 0.670356 -0.202808 0.97128 0.124433 -0.137036 0.711866 0.0589835 0.699834 0.376011
344 0.664817 0.242157 -0.706667 0.671819 -0.206798 0.968688 0.137394 -0.136338 0.717811 0.0547952 0.694079 0.375482
345 0.657148 0.25417 -0.709616 0.673647 -0.211387 0.965797 0.150172 -0.136229 0.723514 0.0513181 0.6884 0.375174
346 0.651264 0.266528 -0.710506 0.675397 -0.217824 0.962548 0.161413 -0.13576 0.726917 0.0496425 0.684929 0.376227
347 0.647059 0.276661 -0.710474 0.677198 -0.222721 0.959785 0.170902 -0.135329 0.729184 0.0476539 0.682656 0.375811
348 0.641229 0.28718 -0.711585 0.679068 -0.227607 0.956777 0.181031 -0.134859 0.732817 0.0458792 0.678877 0.375574
349 0.635409 0.295192 -0.713525 0.681611 -0.230042 0.954451 0.190009 -0.134608 0.737114 0.0434072 0.674373 0.375576
350 0.629266 0.311135 -0.712194 0.68666 -0.234203 0.949686 0.207955 -0.133745 0.741062 0.0359391 0.670474 0.376082
351 0.627186 0.314034 -0.712755 0.689536 -0.233955 0.948814 0.212172 -0.133531 0.742901 0.0336811 0.668553 0.376189
352 0.626165 0.316251 -0.712673 0.692573 -0.233447 0.948157 0.215639 -0.133175 0.743922 0.0313457 0.667531 0.376077
