18 0.999998 -0.00209881 0.00050904 -0.0123621 0.00210107 0.999988 -0.00448709 -0.00510152 -0.000499617 0.00448815 0.99999 0.0252321
19 0.99999 -0.00440561 0.000884946 -0.0130885 0.00440926 0.999982 -0.00416185 -0.00537175 -0.000866594 0.00416571 0.999991 0.0278338
20 0.999979 -0.00651216 -0.000182895 -0.0145334 0.00651093 0.99996 -0.00606337 -0.00578777 0.000222373 0.00606205 0.999982 0.0308439
21 0.999959 -0.00826186 -0.00359042 -0.0154229 0.00822173 0.999905 -0.0110507 -0.00672976 0.00368138 0.0110208 0.999932 0.0339899
22 0.999957 -0.00838331 -0.00393016 -0.016813 0.00833622 0.999895 -0.0118503 -0.00640538 0.0040291 0.0118171 0.999922 0.0367295
23 0.99993 -0.0102651 -0.00594241 -0.0188975 0.0101882 0.999866 -0.0128299 -0.00657921 0.00607331 0.0127685 0.9999 0.0397904
24 0.999888 -0.00936254 -0.0116848 -0.0208609 0.00916625 0.999818 -0.0167406 -0.00763253 0.0118394 0.0166316 0.999792 0.0437712
25 0.999908 -0.00678758 -0.0117707 -0.021795 0.00657622 0.999818 -0.0179025 -0.00823211 0.0118901 0.0178234 0.99977 0.0462193
26 0.999897 -0.00848176 -0.0115817 -0.0229766 0.00823438 0.99974 -0.0212429 -0.00834766 0.0117589 0.0211454 0.999707 0.0489645
27 0.999615 -0.0222726 -0.0165572 -0.0233379 0.0218049 0.999372 -0.0279155 -0.00746873 0.0171686 0.0275438 0.999473 0.0523426
28 0.999483 -0.0275215 -0.0166025 -0.0237403 0.0271033 0.999322 -0.0249094 -0.00935444 0.0172768 0.0244466 0.999552 0.0539518
29 0.999403 -0.0307462 -0.0157788 -0.022982 0.0303683 0.999259 -0.0236568 -0.0101314 0.0164944 0.0231635 0.999596 0.056293
30 0.999327 -0.0343203 -0.0129258 -0.0228969 0.0340251 0.99917 -0.0224059 -0.0112632 0.0136841 0.021951 0.999665 0.0615205
31 0.999352 -0.0343944 -0.0105665 -0.0223358 0.0341646 0.999191 -0.0212051 -0.0118316 0.0112873 0.0208303 0.999719 0.0638658
32 0.999383 -0.0339602 -0.0089688 -0.0203604 0.0337645 0.999206 -0.0211381 -0.0117415 0.00967954 0.0208222 0.999736 0.0654717
33 0.999318 -0.0356901 -0.00944859 -0.0170942 0.0355007 0.999179 -0.0195056 -0.0114029 0.010137 0.0191569 0.999765 0.0687603
34 0.999323 -0.0355323 -0.00952971 -0.0140577 0.035352 0.999204 -0.0184594 -0.0111494 0.010178 0.01811 0.999784 0.0687911
35 0.99942 -0.0335978 -0.0054891 -0.0155115 0.0335036 0.999303 -0.0164459 -0.0116776 0.00603782 0.0162524 0.99985 0.073523
36 0.999497 -0.0311903 -0.00572579 -0.016108 0.03109 0.999375 -0.0168422 -0.0113221 0.00624752 0.0166557 0.999842 0.0775229
37 0.999734 -0.0217325 -0.00768588 -0.0114228 0.0215982 0.99962 -0.0171536 -0.0122384 0.00805575 0.0169831 0.999823 0.079042
38 0.999779 -0.020139 -0.00606013 -0.0127087 0.0200135 0.999598 -0.0201046 -0.0122221 0.00646258 0.0199789 0.99978 0.0845614
39 0.999715 -0.021368 -0.0106481 -0.0116806 0.0211042 0.999482 -0.0242966 -0.0128574 0.0111618 0.024065 0.999648 0.0862593
40 0.999626 -0.0227867 -0.0151039 -0.00890568 0.0223681 0.999376 -0.02733 -0.0131229 0.0157172 0.026982 0.999512 0.0875088
41 0.99966 -0.019869 -0.016874 -0.00748673 0.0194299 0.999478 -0.0257976 -0.0129367 0.0173777 0.025461 0.999525 0.0902776
42 0.999621 -0.0214593 -0.0172656 -0.00382256 0.0209474 0.999351 -0.0293044 -0.0142922 0.0178832 0.0289316 0.999421 0.0961081
43 0.999496 -0.027155 -0.0164723 -0.00395474 0.0265952 0.999091 -0.033301 -0.0140741 0.0173616 0.0328461 0.99931 0.101
44 0.999286 -0.0305918 -0.0221733 -0.0028513 0.0297132 0.9988 -0.0389242 -0.0137556 0.0233375 0.0382375 0.998996 0.104787
45 0.999117 -0.0313955 -0.0279091 0.000625068 0.0302223 0.998681 -0.0415085 -0.0152818 0.0291754 0.0406284 0.998748 0.106527
46 0.999079 -0.0307804 -0.0299112 0.00485748 0.0295006 0.998668 -0.0423248 -0.0160808 0.0311741 0.0414034 0.998656 0.108125
47 0.99899 -0.0336617 -0.0297523 0.00546306 0.0323979 0.998593 -0.0419852 -0.0153774 0.0311237 0.0409789 0.998675 0.111007
48 0.998835 -0.0360827 -0.0320437 0.00516363 0.0347094 0.998497 -0.0424243 -0.0154494 0.0335263 0.0412626 0.998586 0.117143
49 0.9986 -0.0358861 -0.0388715 0.0112061 0.0342917 0.998573 -0.040936 -0.0168972 0.0402851 0.0395457 0.998405 0.12129
50 0.99875 -0.0325518 -0.0379205 0.0121772 0.0310582 0.998743 -0.0393329 -0.0174939 0.0391532 0.038106 0.998506 0.125946
51 0.998532 -0.0374835 -0.0391068 0.0132732 0.0358714 0.998509 -0.0411404 -0.0164154 0.0405906 0.0396772 0.998388 0.130617
52 0.998046 -0.0431754 -0.0451568 0.0152787 0.0413365 0.998308 -0.040894 -0.0161695 0.046846 0.0389475 0.998143 0.134458
53 0.997706 -0.0458155 -0.0498384 0.017817 0.0439289 0.9983 -0.0383142 -0.0181916 0.051509 0.0360369 0.998022 0.137372
54 0.997652 -0.044573 -0.0520023 0.0205482 0.0426575 0.99839 -0.0373818 -0.0187034 0.0535848 0.0350757 0.997947 0.140759
55 0.997745 -0.0420775 -0.0522926 0.0216044 0.0400958 0.998458 -0.0383852 -0.0185042 0.0538272 0.036202 0.997894 0.145442
56 0.997647 -0.0421736 -0.0540462 0.022455 0.0400501 0.998405 -0.0397889 -0.0183771 0.055638 0.0375307 0.997745 0.149848
57 0.997392 -0.0426211 -0.0582449 0.0233446 0.040251 0.998337 -0.041277 -0.0188085 0.0599073 0.0388249 0.997449 0.154235
58 0.997075 -0.0432229 -0.06303 0.0258937 0.0405927 0.998274 -0.0424297 -0.0194687 0.0647552 0.039747 0.997109 0.15668
59 0.996851 -0.0436687 -0.0661904 0.0280719 0.0409439 0.998279 -0.0419789 -0.0197479 0.0679096 0.0391366 0.996924 0.160002
60 0.996604 -0.0453171 -0.0687534 0.027521 0.0424027 0.998163 -0.0432723 -0.0199297 0.0705881 0.04021 0.996695 0.165589
61 0.995992 -0.0469082 -0.0761583 0.0292236 0.0435318 0.99802 -0.0454051 -0.0206085 0.0781373 0.0419078 0.996061 0.168874
62 0.995525 -0.0437392 -0.0837659 0.0323793 0.0399818 0.99814 -0.0460201 -0.0213287 0.0856229 0.042465 0.995422 0.17105
63 0.995612 -0.0350634 -0.0867618 0.0351644 0.0313265 0.998537 -0.0440643 -0.0226663 0.0881799 0.041153 0.995254 0.173853
64 0.995919 -0.0277218 -0.0858933 0.0360402 0.0239078 0.998696 -0.0451181 -0.0232896 0.087032 0.0428804 0.995282 0.177064
65 0.996019 -0.0225677 -0.0862373 0.0399995 0.0188217 0.998854 -0.0440066 -0.024155 0.0871316 0.0422083 0.995302 0.177536
66 0.996268 -0.0215534 -0.0835842 0.0410705 0.0182348 0.999023 -0.0402662 -0.0236246 0.0843704 0.0385917 0.995687 0.179772
67 0.99622 -0.0262139 -0.082816 0.0401431 0.0230509 0.998976 -0.0389207 -0.0226407 0.0837515 0.0368646 0.995805 0.185111
68 0.995958 -0.0301198 -0.084624 0.0421976 0.0270716 0.998951 -0.0369409 -0.0234869 0.0856479 0.0345007 0.995728 0.187189
69 0.995974 -0.0286262 -0.0849486 0.0459967 0.0257898 0.999079 -0.034301 -0.023626 0.0858522 0.0319721 0.995795 0.187978
70 0.996185 -0.0276313 -0.0827722 0.0472046 0.0251839 0.999218 -0.0304682 -0.0226048 0.0835494 0.0282674 0.996103 0.190091
71 0.996414 -0.0283815 -0.0797151 0.0469393 0.0263691 0.999309 -0.0261862 -0.0228868 0.0804032 0.0239903 0.996474 0.193862
72 0.996557 -0.0285212 -0.0778492 0.0481258 0.0269099 0.999403 -0.021669 -0.0233819 0.0784208 0.0194995 0.99673 0.196708
73 0.996623 -0.030211 -0.0763531 0.0497474 0.0289272 0.999422 -0.0178647 -0.022424 0.0768486 0.0155957 0.996921 0.198987
74 0.996836 -0.0312208 -0.0730968 0.0494351 0.0303199 0.99945 -0.0134027 -0.023217 0.073475 0.011144 0.997235 0.203241
75 0.997059 -0.0332555 -0.0690408 0.0500865 0.032471 0.999395 -0.0124547 -0.0235796 0.0694132 0.0101763 0.997536 0.206202
76 0.997184 -0.0336625 -0.0670144 0.0522667 0.0330605 0.999403 -0.010073 -0.0224779 0.0673135 0.00782907 0.997701 0.207822
77 0.997513 -0.0326392 -0.0624682 0.0518072 0.0324074 0.999464 -0.00472114 -0.0239534 0.0625888 0.00268497 0.998036 0.212237
78 0.997713 -0.0336257 -0.0586378 0.0528679 0.0334927 0.999434 -0.003251 -0.024035 0.0587139 0.00127962 0.998274 0.21515
79 0.997956 -0.0347779 -0.0536057 0.0531847 0.034812 0.999394 -0.000298216 -0.0242914 0.0535836 -0.00156852 0.998562 0.218483
80 0.998136 -0.0363021 -0.0490542 0.0535342 0.0364212 0.999335 0.00153669 -0.0255427 0.0489658 -0.00332044 0.998795 0.222207
81 0.998304 -0.0374155 -0.0445969 0.054544 0.0375313 0.999294 0.0017623 -0.0249827 0.0444995 -0.00343309 0.999004 0.225051
82 0.998629 -0.0357056 -0.0382823 0.0546945 0.0359407 0.999339 0.00546933 -0.0262695 0.0380617 -0.00683772 0.999252 0.228779
83 0.999045 -0.0332401 -0.0283558 0.0526554 0.033384 0.999432 0.00461675 -0.0268929 0.0281862 -0.00555897 0.999587 0.2341
84 0.999236 -0.0335707 -0.0200282 0.0526441 0.0336136 0.999433 0.00180999 -0.0270853 0.0199561 -0.00248182 0.999798 0.237829
85 0.999307 -0.0349473 -0.0128111 0.0523068 0.0349554 0.999389 0.000410153 -0.0279607 0.0127889 -0.000857686 0.999918 0.242138
86 0.999291 -0.0372596 -0.00533856 0.0517616 0.0372454 0.999302 -0.00274166 -0.0288771 0.00543699 0.00254088 0.999982 0.246692
87 0.999117 -0.0419779 -0.00169562 0.0536492 0.0419662 0.999098 -0.00645498 -0.0281 0.00196506 0.00637812 0.999978 0.249115
88 0.998947 -0.0457906 0.00284011 0.0516051 0.0458019 0.998942 -0.00403414 -0.0279114 -0.00265238 0.00415997 0.999988 0.254095
89 0.999066 -0.0429705 0.00447249 0.0528163 0.0429761 0.999075 -0.00117308 -0.0298132 -0.00441795 0.00136419 0.999989 0.258443
90 0.999089 -0.0410924 0.0114854 0.0525224 0.0410717 0.999154 0.00203115 -0.0306 -0.0115592 -0.00155757 0.999932 0.262755
91 0.998964 -0.0414441 0.0188131 0.0483299 0.0413801 0.999136 0.0037776 -0.0312153 -0.0189534 -0.0029952 0.999816 0.269428
92 0.998775 -0.0450533 0.0204499 0.0461053 0.0450439 0.998985 0.000916314 -0.0323739 -0.0204704 5.9528e-06 0.99979 0.275348
93 0.99874 -0.046214 0.0195544 0.0470669 0.0462964 0.998921 -0.00378488 -0.0332507 -0.0193584 0.00468541 0.999802 0.27858
94 0.998875 -0.0422951 0.0214455 0.048089 0.0423941 0.999092 -0.00418406 -0.03399 -0.021249 0.00508851 0.999761 0.281378
95 0.998824 -0.0405591 0.0265673 0.0455497 0.0406576 0.999168 -0.00317646 -0.0348568 -0.0264163 0.00425289 0.999642 0.287235
96 0.998806 -0.0403202 0.0275809 0.0454169 0.0404673 0.999169 -0.00479477 -0.0356904 -0.0273646 0.00590516 0.999608 0.291245
97 0.998749 -0.04015 0.0298028 0.0449505 0.0402929 0.999179 -0.00420943 -0.0361574 -0.0296093 0.00540501 0.999547 0.294275
98 0.998629 -0.0407397 0.0328598 0.0423436 0.0408985 0.999155 -0.00417375 -0.0368808 -0.032662 0.00551195 0.999451 0.300441
99 0.998629 -0.0410264 0.0325256 0.0432373 0.0412518 0.999129 -0.00628894 -0.0377984 -0.0322393 0.00762206 0.999451 0.303372
100 0.998533 -0.0403968 0.0360619 0.0426933 0.0406306 0.999158 -0.00577573 -0.0384598 -0.0357982 0.00723247 0.999333 0.307062
101 0.998333 -0.0414414 0.0401614 0.0412421 0.0417533 0.999104 -0.00695832 -0.0385867 -0.039837 0.0086236 0.999169 0.310979
102 0.998154 -0.0435497 0.0423222 0.0401942 0.0438937 0.99901 -0.00723299 -0.0388712 -0.0419653 0.00907732 0.999078 0.314391
103 0.997998 -0.0463794 0.0429952 0.0395043 0.0467668 0.998873 -0.00804931 -0.0386246 -0.0425734 0.010044 0.999043 0.317695
104 0.997997 -0.0468413 0.0425082 0.0397495 0.0471752 0.998863 -0.00688599 -0.0389664 -0.0421373 0.00887754 0.999072 0.320454
105 0.997787 -0.0489915 0.0449482 0.0380361 0.0493311 0.998761 -0.00647875 -0.0392951 -0.0445752 0.00868176 0.998968 0.324958
106 0.997791 -0.0497014 0.0440731 0.0372502 0.0500475 0.998724 -0.00678462 -0.0392856 -0.0436796 0.00897538 0.999005 0.326149
107 0.997948 -0.0492451 0.0409322 0.0367962 0.0494842 0.998763 -0.00484829 -0.0395679 -0.0406428 0.00686384 0.99915 0.329812
108 0.998182 -0.0461722 0.0387311 0.0378067 0.0463478 0.998919 -0.0036483 -0.0400549 -0.0385208 0.00543677 0.999243 0.332533
109 0.998293 -0.0429834 0.0395531 0.0369339 0.0430232 0.999074 -0.000156707 -0.0404637 -0.0395097 0.00185814 0.999217 0.334323
110 0.998214 -0.0444652 0.0398845 0.0342086 0.044404 0.999011 0.00241941 -0.0409797 -0.0399526 -0.000644054 0.999201 0.338675
111 0.998241 -0.0479093 0.0349176 0.0339408 0.0479019 0.998851 0.00104945 -0.0412617 -0.0349278 0.000625014 0.99939 0.342395
112 0.998448 -0.0472324 0.0295091 0.0367372 0.0472432 0.998883 0.000332136 -0.0416468 -0.0294918 0.00106248 0.999564 0.343657
113 0.998536 -0.0445799 0.0306443 0.0370358 0.0445292 0.999005 0.00233498 -0.0422072 -0.0307179 -0.000966998 0.999528 0.346215
114 0.998499 -0.0444556 0.0319874 0.0349756 0.0443715 0.99901 0.00333376 -0.042481 -0.0321039 -0.00190943 0.999483 0.34927
115 0.998638 -0.0447104 0.0268761 0.0358997 0.0446596 0.998999 0.00248982 -0.0424605 -0.0269606 -0.00128615 0.999636 0.351402
116 0.998802 -0.0428 0.0237182 0.037783 0.0427003 0.999077 0.00469052 -0.0431061 -0.0238971 -0.00367212 0.999708 0.353027
117 0.998944 -0.0397126 0.0231043 0.0381436 0.0395449 0.999188 0.00766948 -0.0430467 -0.0233901 -0.00674772 0.999704 0.355299
118 0.998954 -0.0395259 0.0230094 0.0367063 0.0392964 0.999174 0.010343 -0.043232 -0.0233992 -0.00942797 0.999682 0.359454
119 0.999027 -0.0391496 0.0203153 0.0363637 0.0389601 0.999194 0.00964025 -0.043072 -0.0206764 -0.00883939 0.999747 0.363033
120 0.999159 -0.0373364 0.0169675 0.0382785 0.0371736 0.999261 0.00980744 -0.0432303 -0.0173212 -0.00916845 0.999808 0.365292
121 0.999247 -0.0348033 0.0171656 0.03794 0.0346292 0.999347 0.0103378 -0.0434105 -0.0175142 -0.0097356 0.999799 0.368895
122 0.999302 -0.0341598 0.0151336 0.0377572 0.0340318 0.999383 0.00863701 -0.043353 -0.0154193 -0.00811596 0.999848 0.372346
123 0.99939 -0.0335056 0.00988693 0.0390374 0.0334353 0.999415 0.00719042 -0.0430038 -0.0101221 -0.00685546 0.999925 0.374696
124 0.999511 -0.0307937 0.005438 0.040411 0.0307498 0.999495 0.0079813 -0.0433318 -0.00568103 -0.00781018 0.999953 0.378174
125 0.999601 -0.0280485 0.00340882 0.0423246 0.0280167 0.999566 0.00905394 -0.0439589 -0.00366129 -0.00895482 0.999953 0.381359
126 0.999604 -0.0279534 0.00333523 0.0424849 0.0279215 0.999567 0.00925408 -0.0434835 -0.00359247 -0.00915728 0.999952 0.384903
127 0.999579 -0.0290159 -0.000161503 0.0434375 0.0290159 0.999518 0.0110499 -0.0433215 -0.000159197 -0.0110499 0.999939 0.388387
128 0.999495 -0.0317273 -0.00184361 0.0436972 0.0317477 0.99942 0.0123363 -0.0459029 0.00145114 -0.0123886 0.999922 0.395121
129 0.999411 -0.0341814 -0.00317319 0.0475386 0.0341972 0.999402 0.00507408 -0.0469268 0.00299786 -0.00517961 0.999982 0.398284
130 0.999324 -0.0367588 0.000748978 0.0513716 0.0367583 0.999324 0.000711179 -0.0458808 -0.000774614 -0.000683167 0.999999 0.399753
131 0.999088 -0.0421886 0.00651925 0.0497728 0.0421915 0.999109 -0.00030538 -0.045066 -0.00650056 0.000580159 0.999979 0.405416
132 0.998714 -0.0506325 0.00244666 0.0516974 0.0506379 0.998715 -0.00219289 -0.0448791 -0.00233248 0.00231396 0.999995 0.409095
133 0.998458 -0.0554701 -0.0021608 0.0549736 0.055466 0.998459 -0.00190018 -0.0457385 0.00226287 0.00177739 0.999996 0.413187
134 0.998485 -0.0549233 -0.00330194 0.0587402 0.0549169 0.998489 -0.00201584 -0.0466436 0.00340767 0.00183146 0.999993 0.41633
135 0.998416 -0.0562637 0.000633437 0.0585621 0.0562649 0.998414 -0.00200797 -0.0471581 -0.000519456 0.00204043 0.999998 0.420715
136 0.998222 -0.0595924 -0.000929312 0.0589883 0.0595868 0.99821 -0.00520679 -0.0467481 0.00123793 0.00514216 0.999986 0.424628
137 0.998074 -0.0617678 -0.00581101 0.0609088 0.0617329 0.998075 -0.00600867 -0.0472162 0.00617096 0.00563836 0.999965 0.42822
138 0.997931 -0.0635798 -0.00958055 0.0625052 0.0635166 0.997958 -0.00675637 -0.047706 0.00999055 0.00613386 0.999931 0.432292
139 0.997893 -0.0636677 -0.0125116 0.0640302 0.0635688 0.997944 -0.00815565 -0.0478426 0.0130051 0.00734311 0.999888 0.435478
140 0.997927 -0.0625314 -0.0151869 0.0641916 0.0624146 0.998018 -0.00804294 -0.0482677 0.0156598 0.00707839 0.999852 0.439226
141 0.997786 -0.0632712 -0.0204863 0.0660896 0.0631055 0.997969 -0.00863714 -0.0489702 0.0209912 0.00732522 0.999753 0.442534
142 0.997701 -0.0638676 -0.0226657 0.0669125 0.0636816 0.997931 -0.00883334 -0.0490912 0.023183 0.00736964 0.999704 0.445691
143 0.997503 -0.0659639 -0.0252191 0.0667008 0.065781 0.997802 -0.00801854 -0.0490955 0.0256926 0.00633958 0.99965 0.448707
144 0.997107 -0.06944 -0.0309086 0.0672994 0.0692628 0.997575 -0.00676766 -0.0491574 0.0313036 0.00460726 0.999499 0.452186
145 0.996903 -0.0700171 -0.0358059 0.068197 0.069873 0.997542 -0.0052626 -0.0500566 0.0360864 0.00274444 0.999345 0.455729
146 0.997002 -0.0663833 -0.039757 0.0697985 0.0662114 0.99779 -0.00562415 -0.0504154 0.0400425 0.00297492 0.999194 0.458267
147 0.997153 -0.0634599 -0.0407268 0.0696909 0.063348 0.997983 -0.00403378 -0.050642 0.0409007 0.00144233 0.999162 0.461095
148 0.997104 -0.0623902 -0.0434928 0.0696051 0.0623271 0.998052 -0.00280628 -0.0509741 0.0435832 8.73737e-05 0.99905 0.464249
149 0.997015 -0.0613957 -0.0468173 0.0700518 0.0613832 0.998113 -0.00170435 -0.0517325 0.0468336 -0.00117454 0.998902 0.467563
150 0.996957 -0.0598462 -0.0499508 0.0717063 0.0598524 0.998206 -0.00137195 -0.0523609 0.0499433 -0.0016219 0.998751 0.470143
151 0.997085 -0.0584604 -0.0490334 0.0719721 0.0585278 0.998286 -6.09302e-05 -0.0526009 0.0489529 -0.00280906 0.998797 0.473313
152 0.997201 -0.0573535 -0.0479647 0.0713748 0.0574625 0.998347 0.000896023 -0.0527505 0.0478341 -0.00364969 0.998849 0.476204
153 0.997169 -0.0575938 -0.0483521 0.0714399 0.0577497 0.998329 0.00183211 -0.0536059 0.0481659 -0.00461924 0.998829 0.479468
154 0.997173 -0.0574284 -0.0484466 0.071486 0.0575948 0.998338 0.00204602 -0.0537444 0.0482486 -0.00483051 0.998824 0.479539
155 0.997156 -0.056891 -0.0494356 0.073297 0.0570521 0.998369 0.00185342 -0.0544313 0.0492496 -0.00466856 0.998776 0.482228
156 0.997342 -0.056167 -0.0464231 0.0738643 0.0563951 0.998402 0.00361775 -0.0549805 0.0461457 -0.00622616 0.998915 0.485359
157 0.99754 -0.0556657 -0.0425951 0.0733218 0.0559339 0.998421 0.0051293 -0.0554552 0.0422424 -0.00749919 0.999079 0.48924
158 0.99771 -0.0546698 -0.0398332 0.073441 0.0548878 0.998483 0.0044005 -0.0562055 0.0395322 -0.00657678 0.999197 0.492908
159 0.997944 -0.053192 -0.0357452 0.074578 0.0534039 0.99856 0.00499738 -0.0573563 0.0354279 -0.00689604 0.999348 0.496051
160 0.998238 -0.0524439 -0.0277757 0.0742642 0.0525891 0.998606 0.00452411 -0.0581989 0.0274997 -0.00597684 0.999604 0.500005
161 0.998436 -0.0520017 -0.0205123 0.0742947 0.0520777 0.998638 0.00318857 -0.0588575 0.0203186 -0.00425182 0.999785 0.503309
162 0.998529 -0.0527061 -0.0127619 0.0744681 0.0527536 0.998602 0.00341349 -0.0601014 0.0125642 -0.00408171 0.999913 0.507056
163 0.998581 -0.0531111 -0.00379624 0.0751565 0.0531193 0.998586 0.00210081 -0.0608974 0.00367929 -0.00229949 0.999991 0.511343
164 0.998582 -0.0530985 -0.003791 0.0751545 0.0531068 0.998587 0.00210361 -0.0609008 0.00367394 -0.00230195 0.999991 0.511338
165 0.998573 -0.0527076 0.00858428 0.0749968 0.0527028 0.99861 0.000785606 -0.0618165 -0.00861376 -0.00033207 0.999963 0.515599
166 0.998433 -0.0520901 0.0204643 0.074494 0.0521091 0.998641 -0.000398805 -0.0628486 -0.0204158 0.00146456 0.999791 0.51883
167 0.997982 -0.055424 0.0309707 0.0733032 0.055462 0.998461 -0.000368312 -0.0635001 -0.0309026 0.00208527 0.99952 0.522959
168 0.997447 -0.060646 0.0376943 0.074078 0.0606859 0.998157 8.80462e-05 -0.0642402 -0.0376301 0.00219969 0.999289 0.526763
169 0.997117 -0.06026 0.046123 0.074892 0.0602112 0.998183 0.00244816 -0.0653189 -0.0461867 0.000336016 0.998933 0.530465
170 0.996615 -0.057948 0.058319 0.0744709 0.0577626 0.998319 0.00486138 -0.0668325 -0.0585027 -0.00147627 0.998286 0.535002
171 0.996611 -0.057959 0.0583648 0.0744409 0.0577744 0.998318 0.00484725 -0.0668158 -0.0585476 -0.00145884 0.998284 0.535029
172 0.995904 -0.058132 0.0692468 0.0743138 0.057805 0.998305 0.00671889 -0.0678723 -0.06952 -0.00268856 0.997577 0.537485
173 0.995147 -0.0593461 0.0784882 0.0735966 0.0586888 0.998219 0.0106577 -0.0685721 -0.078981 -0.00599963 0.996858 0.541603
174 0.994638 -0.0583646 0.0853746 0.0748364 0.0572004 0.998234 0.016022 -0.0710242 -0.086159 -0.0110526 0.99622 0.54467
175 0.993825 -0.0541843 0.0968251 0.075515 0.0527058 0.998452 0.017765 -0.0713989 -0.0976378 -0.012552 0.995143 0.547533
176 0.992496 -0.0494337 0.111835 0.0746442 0.0471062 0.998617 0.0233605 -0.0724908 -0.112836 -0.0179171 0.993452 0.550142
177 0.99088 -0.0524711 0.124111 0.072723 0.0492651 0.998371 0.0287636 -0.0728592 -0.125418 -0.0223869 0.991851 0.554348
178 0.990886 -0.0524236 0.124083 0.0727407 0.0492041 0.998371 0.0288721 -0.0729309 -0.125395 -0.0225035 0.991852 0.554306
179 0.989854 -0.055192 0.13093 0.072395 0.0514981 0.998178 0.0314348 -0.0730744 -0.132426 -0.0243732 0.990893 0.558339
180 0.989078 -0.054256 0.137045 0.0741556 0.0496471 0.998088 0.0368304 -0.0738457 -0.138781 -0.0296242 0.98988 0.560699
181 0.987279 -0.0523073 0.150147 0.0731056 0.0463815 0.998011 0.0427034 -0.0749485 -0.152082 -0.0351961 0.987741 0.565278
182 0.98493 -0.0537648 0.164387 0.0693795 0.0476082 0.998017 0.0411682 -0.0744901 -0.166275 -0.0327216 0.985536 0.570674
183 0.983694 -0.0579758 0.170248 0.0689215 0.0521429 0.997896 0.0385388 -0.0745049 -0.172124 -0.0290332 0.984647 0.573316
184 0.982748 -0.0615724 0.174402 0.0698932 0.0556943 0.997709 0.0384047 -0.0750104 -0.176367 -0.0280289 0.983925 0.575466
185 0.981467 -0.0618585 0.181375 0.0699798 0.0556991 0.997691 0.0388632 -0.0752759 -0.18336 -0.0280404 0.982646 0.578248
186 0.981463 -0.0618388 0.181402 0.0699647 0.0556791 0.997692 0.0388589 -0.0752727 -0.183386 -0.0280383 0.982641 0.57826
187 0.979979 -0.0617934 0.189269 0.0689637 0.0553009 0.997692 0.0393991 -0.0751128 -0.191267 -0.0281436 0.981135 0.580623
188 0.978469 -0.0666977 0.195321 0.0660651 0.0590954 0.99726 0.044501 -0.0751803 -0.197754 -0.0320003 0.979729 0.583806
189 0.978496 -0.0722391 0.193203 0.0657832 0.0640096 0.996769 0.0485116 -0.0757536 -0.196083 -0.0351016 0.979959 0.587197
190 0.979037 -0.0738189 0.189837 0.068406 0.0652014 0.996555 0.0512544 -0.0756559 -0.192967 -0.0378023 0.980477 0.58839
191 0.97833 -0.0708774 0.194542 0.0684891 0.0608048 0.996505 0.0572755 -0.0756426 -0.197922 -0.0442053 0.979221 0.590067
192 0.978329 -0.0708746 0.194551 0.0685154 0.0607872 0.996502 0.0573468 -0.0756969 -0.197935 -0.0442779 0.979215 0.589967
193 0.977063 -0.0671945 0.202072 0.0643367 0.0551752 0.996388 0.0645422 -0.0762367 -0.205679 -0.0519124 0.977242 0.596152
194 0.977106 -0.0662863 0.202165 0.0624236 0.0541058 0.996404 0.0651988 -0.0766797 -0.20576 -0.0527678 0.977179 0.600588
195 0.977815 -0.0638985 0.199488 0.0638262 0.0517369 0.996504 0.0655977 -0.0774212 -0.202983 -0.0538215 0.977702 0.601665
196 0.977679 -0.0599285 0.201378 0.0635925 0.0471404 0.996591 0.0677137 -0.0780184 -0.204749 -0.0567092 0.97717 0.604066
197 0.977426 -0.0565511 0.203571 0.0624735 0.0432658 0.996669 0.0691337 -0.0784263 -0.206803 -0.0587654 0.976616 0.606453
198 0.977996 -0.0560281 0.20096 0.0619358 0.0425816 0.996594 0.0706242 -0.078016 -0.204233 -0.0605129 0.97705 0.607914
199 0.977997 -0.0559997 0.200962 0.0619323 0.0425392 0.996591 0.0706878 -0.0780533 -0.204236 -0.0605837 0.977045 0.607914
200 0.979089 -0.052675 0.196495 0.0628633 0.038443 0.9964 0.0755552 -0.0789946 -0.199768 -0.0664213 0.977589 0.610544
201 0.979435 -0.045544 0.196552 0.063797 0.0305768 0.996443 0.078524 -0.080094 -0.199429 -0.0708992 0.977344 0.612644
202 0.979024 -0.0403213 0.199717 0.0628151 0.0244672 0.996395 0.0812245 -0.0802177 -0.202273 -0.0746342 0.976481 0.615021
203 0.978948 -0.0394104 0.200267 0.0619333 0.0231418 0.996286 0.082936 -0.0807113 -0.202792 -0.0765555 0.976225 0.618335
204 0.979463 -0.0394829 0.197722 0.0627916 0.0235308 0.996322 0.0823891 -0.081083 -0.200248 -0.0760444 0.97679 0.620508
205 0.979985 -0.0382655 0.195359 0.0649779 0.0224698 0.996343 0.0824402 -0.0812766 -0.1978 -0.0764004 0.977261 0.621498
206 0.979983 -0.0381573 0.195391 0.0649631 0.0222317 0.996296 0.0830608 -0.081586 -0.197837 -0.0770543 0.977202 0.621588
207 0.979785 -0.0371519 0.196573 0.0658367 0.0207214 0.996166 0.0849915 -0.0809168 -0.198977 -0.0792001 0.976799 0.623468
208 0.979669 -0.0361593 0.197336 0.0662076 0.0187761 0.995831 0.0892596 -0.0811628 -0.199741 -0.0837396 0.976264 0.626556
209 0.979405 -0.0350141 0.198849 0.0655224 0.0173856 0.995816 0.0897167 -0.0813379 -0.201158 -0.0844119 0.975915 0.630625
210 0.979484 -0.0365426 0.198179 0.0673754 0.0191431 0.995847 0.0890127 -0.0811515 -0.200609 -0.0833928 0.976116 0.63219
211 0.979313 -0.037643 0.198817 0.0685268 0.0196659 0.995599 0.0916334 -0.0809154 -0.201391 -0.0858279 0.975743 0.634416
212 0.979014 -0.0395777 0.199913 0.0692368 0.0213184 0.995468 0.092677 -0.0813785 -0.202675 -0.0864702 0.975421 0.638679
213 0.979044 -0.0421684 0.199236 0.0722922 0.0243991 0.995569 0.0908158 -0.0821774 -0.202182 -0.0840515 0.975734 0.640528
214 0.979116 -0.0422906 0.198854 0.0725645 0.0245348 0.995556 0.0909221 -0.0822715 -0.201815 -0.0841445 0.975802 0.640474
215 0.978074 -0.0460765 0.203095 0.0741273 0.028424 0.995627 0.0889938 -0.082106 -0.206308 -0.0812698 0.975106 0.642934
216 0.977101 -0.0508961 0.206599 0.0745431 0.0335234 0.995667 0.0867369 -0.0818644 -0.210118 -0.0778248 0.974574 0.64666
217 0.977249 -0.0554917 0.204708 0.0772376 0.0388624 0.995675 0.0843809 -0.0822358 -0.208506 -0.0745057 0.975179 0.648913
218 0.977352 -0.0546913 0.204432 0.0817972 0.0384635 0.995846 0.0825295 -0.0829637 -0.208097 -0.0727972 0.975395 0.650824
219 0.977522 -0.0546633 0.203624 0.0821193 0.0382585 0.995761 0.0836492 -0.083703 -0.207333 -0.0739785 0.975469 0.65
220 0.975933 -0.0528978 0.211556 0.0846684 0.0357924 0.995832 0.0838845 -0.084208 -0.215112 -0.0742936 0.973759 0.651501
221 0.973853 -0.0563887 0.220071 0.084295 0.0387516 0.995741 0.0836557 -0.083989 -0.223851 -0.0729402 0.97189 0.654255
222 0.973108 -0.0603814 0.222296 0.0854444 0.0434474 0.995823 0.0802996 -0.084038 -0.226216 -0.068482 0.971667 0.657861
223 0.972897 -0.0592913 0.223509 0.0888693 0.0427344 0.996021 0.0782035 -0.0845702 -0.227256 -0.0665325 0.97156 0.66012
224 0.970799 -0.0597698 0.232329 0.0908994 0.042837 0.99609 0.0772611 -0.085152 -0.236038 -0.0650528 0.969564 0.662304
225 0.970766 -0.05973 0.232476 0.0908043 0.0427793 0.996091 0.0772889 -0.0851637 -0.236184 -0.0650843 0.969526 0.662346
226 0.968761 -0.0623371 0.240035 0.0906124 0.0454456 0.996126 0.0752794 -0.0847724 -0.243798 -0.0620192 0.967841 0.664738
227 0.968504 -0.0633898 0.240792 0.0917765 0.0467244 0.99614 0.0743062 -0.0844537 -0.244573 -0.060715 0.967728 0.667238
228 0.968404 -0.0635453 0.241153 0.0949766 0.046058 0.99593 0.0774771 -0.0853388 -0.245095 -0.0639221 0.967389 0.669031
229 0.967307 -0.0597938 0.246458 0.0964617 0.041069 0.995914 0.080432 -0.0864152 -0.25026 -0.0676807 0.96581 0.671686
230 0.966133 -0.0568115 0.251712 0.0974119 0.0379469 0.996138 0.0791793 -0.0864157 -0.255238 -0.066946 0.964558 0.673981
231 0.96502 -0.057102 0.255881 0.0983574 0.0379089 0.996128 0.0793261 -0.0868046 -0.25942 -0.0668511 0.963448 0.675475
232 0.963698 -0.0595958 0.260259 0.0989451 0.039886 0.995967 0.0803715 -0.0865456 -0.263999 -0.0670731 0.962188 0.676567
233 0.963672 -0.0596222 0.26035 0.0988957 0.0398866 0.995961 0.0804449 -0.0865943 -0.264094 -0.067138 0.962157 0.676615
234 0.96268 -0.0612214 0.263627 0.0990589 0.0401878 0.995616 0.0844566 -0.0867891 -0.267642 -0.0707101 0.96092 0.678312
235 0.962112 -0.0621974 0.265466 0.100002 0.0400617 0.995314 0.0880045 -0.0870401 -0.269695 -0.0740352 0.960095 0.681112
236 0.961671 -0.0606016 0.267427 0.101756 0.0371823 0.995084 0.0917879 -0.0871857 -0.271675 -0.0783262 0.959196 0.682442
237 0.962044 -0.0607043 0.266056 0.102653 0.0374431 0.995087 0.0916504 -0.0871166 -0.270313 -0.0782098 0.959591 0.682019
238 0.960648 -0.0587139 0.271493 0.102909 0.0328443 0.994558 0.0988704 -0.0881298 -0.27582 -0.0860627 0.957349 0.685071
239 0.95895 -0.0593657 0.277292 0.103943 0.0324255 0.994383 0.100752 -0.0892803 -0.281716 -0.0876247 0.955488 0.689704
240 0.957265 -0.060847 0.28274 0.104449 0.0334878 0.994362 0.100613 -0.0893317 -0.287268 -0.0868449 0.953905 0.690928
241 0.956129 -0.062408 0.286222 0.105367 0.034084 0.994108 0.102898 -0.0898948 -0.290957 -0.0886282 0.952622 0.693675
242 0.956435 -0.0626299 0.28515 0.106183 0.0343789 0.994084 0.103027 -0.0899792 -0.289916 -0.0887357 0.95293 0.693616
243 0.954666 -0.0617515 0.291205 0.107253 0.0333361 0.994271 0.101554 -0.0900918 -0.295808 -0.0872424 0.951255 0.696714
244 0.95166 -0.0606847 0.3011 0.107982 0.0310536 0.994275 0.102241 -0.0902261 -0.305581 -0.0879482 0.948096 0.697433
245 0.948809 -0.0620605 0.309693 0.107869 0.0305196 0.993932 0.105675 -0.0908469 -0.314372 -0.0908133 0.944946 0.699861
246 0.946885 -0.0680851 0.314282 0.107935 0.035792 0.993571 0.107408 -0.0915224 -0.319574 -0.0904545 0.943234 0.702921
247 0.946877 -0.0680985 0.314303 0.107928 0.0357924 0.993567 0.107442 -0.0915442 -0.319598 -0.0904849 0.943223 0.702947
248 0.946439 -0.0707591 0.315034 0.109618 0.0385345 0.993472 0.107374 -0.0912131 -0.320575 -0.0894837 0.942987 0.704967
249 0.946103 -0.0686728 0.316503 0.112578 0.0354566 0.99335 0.109543 -0.0917865 -0.32192 -0.0924163 0.942245 0.706977
250 0.942825 -0.0691967 0.326026 0.11276 0.0344282 0.993197 0.111237 -0.0926565 -0.331506 -0.0936526 0.938793 0.710963
251 0.942961 -0.0692898 0.325613 0.11303 0.0345655 0.993191 0.111249 -0.0926711 -0.331105 -0.0936483 0.938935 0.710838
252 0.941006 -0.0712425 0.330805 0.112509 0.0362359 0.99318 0.110816 -0.0928679 -0.336444 -0.0922912 0.93717 0.712958
253 0.941543 -0.0733513 0.32881 0.114501 0.0384055 0.993016 0.11155 -0.0930145 -0.334696 -0.0924009 0.937785 0.714484
254 0.94111 -0.0725321 0.330228 0.116439 0.0366397 0.992845 0.113652 -0.0933388 -0.336109 -0.0948598 0.937034 0.716703
255 0.941151 -0.0725949 0.330097 0.116537 0.0366991 0.992836 0.11371 -0.093377 -0.335987 -0.0949043 0.937073 0.716697
256 0.938989 -0.0698239 0.336786 0.116163 0.0319974 0.992664 0.116592 -0.0936406 -0.342457 -0.0987019 0.934335 0.718758
257 0.937256 -0.0697691 0.341591 0.1159 0.0300933 0.992305 0.120106 -0.0942205 -0.347342 -0.10229 0.932143 0.721409
258 0.936353 -0.0705555 0.343897 0.116623 0.0303864 0.992208 0.120831 -0.094489 -0.349743 -0.10269 0.931201 0.724458
259 0.935247 -0.0706752 0.34687 0.1181 0.0303654 0.992273 0.120304 -0.0945106 -0.352692 -0.101981 0.930166 0.725882
260 0.93544 -0.070787 0.346325 0.118444 0.0305376 0.992264 0.12033 -0.0945294 -0.352164 -0.101986 0.930365 0.725726
261 0.933592 -0.0705519 0.351323 0.118761 0.0290575 0.992103 0.122016 -0.0950312 -0.357157 -0.103704 0.92827 0.727515
262 0.931688 -0.0713296 0.356186 0.119272 0.0291944 0.992063 0.122305 -0.0955319 -0.362083 -0.103551 0.926376 0.730692
263 0.931652 -0.071699 0.356208 0.11918 0.0297128 0.992088 0.121979 -0.0953139 -0.362135 -0.103058 0.926411 0.730722
264 0.930013 -0.0720417 0.360397 0.120433 0.0303345 0.992301 0.120078 -0.0953161 -0.366273 -0.100741 0.925038 0.732083
265 0.927864 -0.0725621 0.365791 0.121244 0.03026 0.992302 0.120086 -0.0955058 -0.371689 -0.100354 0.922917 0.733527
266 0.925377 -0.0700814 0.372514 0.122355 0.0272165 0.992508 0.119112 -0.0956616 -0.378071 -0.100085 0.920351 0.735337
267 0.921114 -0.0708933 0.382783 0.122962 0.0268288 0.992501 0.119256 -0.0957828 -0.388367 -0.0995792 0.916109 0.736341
268 0.921248 -0.0709964 0.382441 0.123183 0.0269697 0.992494 0.11928 -0.0957994 -0.388039 -0.0995726 0.916248 0.736238
269 0.917533 -0.0753001 0.390464 0.123588 0.0298708 0.992185 0.121148 -0.0962709 -0.396535 -0.0994942 0.912612 0.738358
270 0.915052 -0.0802572 0.39527 0.124528 0.034411 0.991964 0.12175 -0.0972901 -0.401865 -0.0978064 0.91046 0.74113
271 0.914885 -0.0798273 0.395743 0.124266 0.0344465 0.992117 0.120491 -0.0965689 -0.402242 -0.0966031 0.910423 0.741237
272 0.911544 -0.0833438 0.402667 0.125073 0.0380822 0.992146 0.119145 -0.096428 -0.409435 -0.0932711 0.907559 0.741494
273 0.908317 -0.0875044 0.409027 0.127317 0.0404102 0.991657 0.12241 -0.0965873 -0.416326 -0.0946584 0.904275 0.742627
274 0.908594 -0.0875976 0.408391 0.127796 0.0405792 0.991648 0.122422 -0.0965712 -0.415704 -0.0946595 0.90456 0.742481
275 0.905064 -0.0920939 0.415184 0.129728 0.0446271 0.991448 0.122635 -0.0969047 -0.422927 -0.0924638 0.901434 0.744664
276 0.899873 -0.0970813 0.425209 0.129478 0.0488219 0.991207 0.122985 -0.09757 -0.43341 -0.089911 0.8967 0.747019
277 0.899956 -0.0970741 0.425037 0.129586 0.0488504 0.99121 0.122949 -0.097548 -0.433236 -0.089885 0.896787 0.746952
278 0.896091 -0.0993283 0.432613 0.131268 0.0504138 0.991109 0.123135 -0.0976618 -0.440998 -0.0885305 0.893131 0.747919
279 0.890891 -0.101334 0.442769 0.132657 0.0509548 0.99094 0.124264 -0.0977831 -0.45135 -0.0881447 0.887983 0.748976
280 0.885724 -0.104604 0.452274 0.133396 0.0534094 0.990774 0.124555 -0.0981638 -0.46113 -0.0861652 0.883139 0.751455
281 0.88583 -0.10463 0.45206 0.133547 0.0534621 0.990772 0.124554 -0.098164 -0.46092 -0.0861652 0.883249 0.751403
282 0.88269 -0.108826 0.457182 0.134756 0.0585444 0.990704 0.12279 -0.0981985 -0.466295 -0.0816202 0.880856 0.752351
283 0.880854 -0.110826 0.460231 0.137017 0.0606897 0.990625 0.122392 -0.0981267 -0.469481 -0.0798781 0.879322 0.752537
284 0.87794 -0.11018 0.465921 0.139403 0.0585407 0.990562 0.123937 -0.0981384 -0.475179 -0.0815336 0.876104 0.753112
285 0.87867 -0.109262 0.464759 0.14029 0.0576945 0.990627 0.123814 -0.098111 -0.473931 -0.0819777 0.876738 0.753163
286 0.873801 -0.109714 0.473745 0.141222 0.0565223 0.990527 0.125142 -0.0979206 -0.482988 -0.0825724 0.871725 0.754442
287 0.871803 -0.111258 0.477054 0.143261 0.0572084 0.990326 0.126416 -0.0967511 -0.486504 -0.0829183 0.869735 0.755063
288 0.871823 -0.111229 0.477025 0.143282 0.0571958 0.990331 0.126386 -0.0967286 -0.486471 -0.0829021 0.869755 0.755053
289 0.869888 -0.114167 0.479856 0.145227 0.0569626 0.989588 0.132181 -0.0970404 -0.48995 -0.0876486 0.867333 0.756463
290 0.866917 -0.114167 0.485201 0.147191 0.0542739 0.989249 0.135797 -0.0970165 -0.495488 -0.0913906 0.863793 0.75805
291 0.866976 -0.1142 0.485089 0.147298 0.0543024 0.989242 0.135835 -0.0970314 -0.495383 -0.0914246 0.86385 0.758054
292 0.863148 -0.115562 0.49155 0.149502 0.0533484 0.988882 0.138805 -0.0973328 -0.502125 -0.0935856 0.859716 0.760135
293 0.859889 -0.116986 0.496896 0.151505 0.053887 0.98875 0.139533 -0.0973427 -0.507629 -0.0932065 0.856519 0.762074
294 0.85981 -0.117039 0.497021 0.151416 0.0538517 0.988733 0.139668 -0.0974245 -0.507767 -0.0933223 0.856425 0.762136
295 0.856828 -0.119019 0.501678 0.153803 0.054885 0.988518 0.140779 -0.0969588 -0.512673 -0.0930891 0.853523 0.762067
296 0.853581 -0.121136 0.506681 0.156649 0.0551252 0.988132 0.143372 -0.0971546 -0.518035 -0.0944491 0.850129 0.76312
297 0.854235 -0.120869 0.505641 0.157475 0.0554108 0.988226 0.142616 -0.0964859 -0.516925 -0.0938093 0.850875 0.762681
298 0.851151 -0.125291 0.509749 0.159878 0.0591864 0.987811 0.143967 -0.0960674 -0.521574 -0.0923673 0.848192 0.763681
299 0.851141 -0.124816 0.509882 0.159855 0.058667 0.987853 0.143889 -0.0960886 -0.521648 -0.0925562 0.848125 0.763775
300 0.850486 -0.127824 0.510231 0.163165 0.0612537 0.987492 0.145286 -0.096081 -0.522419 -0.0923101 0.847677 0.765569
301 0.848573 -0.128396 0.513263 0.1662 0.0615009 0.987468 0.145342 -0.0961363 -0.525492 -0.091767 0.845835 0.766864
302 0.84852 -0.128446 0.513337 0.166179 0.0612944 0.98742 0.145753 -0.0963699 -0.525601 -0.09221 0.845719 0.766883
303 0.84425 -0.128757 0.520254 0.168755 0.0606493 0.98743 0.145958 -0.0962103 -0.532507 -0.0916719 0.841447 0.767729
304 0.8417 -0.132229 0.523504 0.170901 0.0635207 0.987067 0.147189 -0.0963204 -0.536196 -0.0906354 0.839214 0.768818
305 0.841615 -0.13223 0.523641 0.17081 0.0634989 0.987067 0.147197 -0.0963273 -0.536332 -0.0906328 0.839127 0.768884
306 0.840482 -0.136307 0.524414 0.173371 0.067606 0.986659 0.148102 -0.0965323 -0.537605 -0.0890236 0.838484 0.771557
307 0.839284 -0.13534 0.526579 0.175556 0.0676465 0.98699 0.145856 -0.0961072 -0.539469 -0.0867936 0.83752 0.771914
308 0.83943 -0.135346 0.526344 0.175698 0.067689 0.986989 0.145845 -0.0961008 -0.539235 -0.0867993 0.83767 0.771798
309 0.837263 -0.136839 0.529402 0.177932 0.0671064 0.986576 0.148878 -0.0958191 -0.542668 -0.0891238 0.835206 0.76977
310 0.835713 -0.13967 0.531109 0.181296 0.0667956 0.985789 0.154137 -0.0958409 -0.54509 -0.0933386 0.833166 0.772202
311 0.835766 -0.140693 0.530754 0.181587 0.0679828 0.985692 0.154238 -0.0956937 -0.544861 -0.0928244 0.833373 0.772464
312 0.83575 -0.141991 0.530434 0.184123 0.0689572 0.985481 0.155153 -0.0951445 -0.544763 -0.0930921 0.833407 0.773279
313 0.83618 -0.142866 0.529521 0.184535 0.0694284 0.985283 0.156196 -0.0956596 -0.544043 -0.0938444 0.833793 0.772826
314 0.835619 -0.142325 0.530552 0.187032 0.0663701 0.984934 0.159684 -0.0957781 -0.545286 -0.0982224 0.832476 0.772482
315 0.831745 -0.141574 0.536803 0.188516 0.0614974 0.984482 0.164356 -0.0960057 -0.551742 -0.10369 0.827544 0.774261
316 0.831738 -0.141559 0.536817 0.18851 0.0615051 0.984489 0.164315 -0.0959821 -0.55175 -0.10365 0.827543 0.774264
317 0.82808 -0.144051 0.541787 0.190052 0.0615516 0.983943 0.167534 -0.0961297 -0.557221 -0.105384 0.82365 0.776019
318 0.825703 -0.14777 0.544407 0.19096 0.0652921 0.983629 0.167961 -0.0958772 -0.560314 -0.10314 0.821833 0.778856
319 0.825656 -0.147704 0.544495 0.190926 0.0653201 0.983657 0.167785 -0.0957728 -0.560379 -0.102966 0.821811 0.778891
320 0.825185 -0.150569 0.544425 0.192618 0.0684033 0.983362 0.168285 -0.0958484 -0.560706 -0.101626 0.821755 0.779116
321 0.82445 -0.149143 0.545929 0.195623 0.065438 0.983303 0.169806 -0.0959082 -0.562139 -0.104272 0.820443 0.778765
322 0.825104 -0.149506 0.544841 0.196219 0.0655852 0.983179 0.170465 -0.096287 -0.561161 -0.104918 0.82103 0.77828
323 0.820536 -0.14573 0.552706 0.197158 0.0594874 0.983474 0.170995 -0.0961344 -0.568491 -0.107428 0.815645 0.78068
324 0.817515 -0.144281 0.557541 0.198811 0.0573945 0.983701 0.170406 -0.0965748 -0.57304 -0.10731 0.812471 0.782361
325 0.814939 -0.145942 0.56087 0.199882 0.0590198 0.983642 0.170194 -0.0965715 -0.576533 -0.105595 0.810221 0.78347
326 0.816337 -0.14615 0.558779 0.201356 0.0600276 0.983685 0.169589 -0.0961671 -0.574448 -0.104899 0.811792 0.782555
327 0.813702 -0.147638 0.562221 0.203102 0.0607384 0.983508 0.17036 -0.0964519 -0.578101 -0.104474 0.809249 0.784351
328 0.81081 -0.148494 0.56616 0.205262 0.0618254 0.983599 0.16944 -0.0963338 -0.582036 -0.10238 0.806693 0.785653
329 0.810753 -0.148467 0.566248 0.205213 0.0617975 0.983606 0.169413 -0.0963202 -0.582117 -0.10236 0.806636 0.785693
330 0.808502 -0.148696 0.569398 0.207029 0.0623226 0.983745 0.168407 -0.0964734 -0.585184 -0.100671 0.804627 0.786611
331 0.805806 -0.149268 0.573058 0.208959 0.0613276 0.983542 0.169954 -0.0969021 -0.588995 -0.101806 0.801699 0.787363
332 0.805836 -0.149237 0.573024 0.208978 0.0613458 0.983553 0.169884 -0.096867 -0.588953 -0.101746 0.801737 0.787338
333 0.800927 -0.149024 0.57992 0.210857 0.0585553 0.983384 0.171834 -0.0971629 -0.595891 -0.103669 0.796346 0.78958
334 0.795155 -0.149313 0.587737 0.212367 0.0574849 0.983408 0.172061 -0.0972202 -0.603676 -0.103029 0.790544 0.792366
335 0.794981 -0.149438 0.58794 0.212243 0.0574758 0.983378 0.172231 -0.0973187 -0.603905 -0.103128 0.790356 0.792456
336 0.790303 -0.151143 0.593782 0.213499 0.0586897 0.983315 0.172183 -0.0976427 -0.609899 -0.101227 0.785987 0.795167
337 0.785512 -0.152482 0.599766 0.215576 0.059748 0.983328 0.171745 -0.0980037 -0.615955 -0.0990732 0.781527 0.797381
338 0.785947 -0.152218 0.599264 0.216415 0.0598235 0.983396 0.171331 -0.0977343 -0.615393 -0.0988067 0.782003 0.797468
339 0.779475 -0.152122 0.607683 0.218393 0.0586447 0.983527 0.170983 -0.0977613 -0.623683 -0.0976399 0.775556 0.798335
340 0.780361 -0.151848 0.606613 0.219371 0.058575 0.983554 0.170852 -0.0978554 -0.62258 -0.0977942 0.776422 0.797874
341 0.772327 -0.154958 0.616035 0.220237 0.0582349 0.982978 0.17425 -0.0986906 -0.63255 -0.0987032 0.768204 0.801428
342 0.767926 -0.158996 0.620492 0.222576 0.0615489 0.982537 0.175594 -0.0991046 -0.637575 -0.0966522 0.764301 0.805208
343 0.767933 -0.158999 0.620483 0.222588 0.06155 0.982536 0.175599 -0.0991074 -0.637567 -0.0966577 0.764308 0.805208
344 0.764924 -0.159618 0.62403 0.225524 0.0631982 0.982733 0.173902 -0.0991391 -0.641013 -0.093584 0.761803 0.806999
345 0.759196 -0.158799 0.631192 0.227965 0.0609885 0.98287 0.173919 -0.0996021 -0.647998 -0.093543 0.755876 0.8085
346 0.759201 -0.158726 0.631205 0.227961 0.0610027 0.982892 0.17379 -0.099535 -0.647991 -0.0934363 0.755895 0.808492
