14 0.999093 0.00143543 0.042551 0.00427456 -0.000557485 0.999787 -0.0206374 -0.0210265 -0.0425715 0.0205949 0.998881 0.0123545
15 0.999007 0.000291567 0.0445466 0.00389404 0.00056114 0.999817 -0.0191282 -0.0233591 -0.044544 0.0191342 0.998824 0.0147825
16 0.998999 0.000694321 0.0447366 0.00416178 2.69119e-05 0.99987 -0.0161192 -0.0268723 -0.0447419 0.0161042 0.998869 0.0169446
17 0.999019 0.000254521 0.0442889 0.00504231 0.000404353 0.999889 -0.0148671 -0.0290763 -0.0442878 0.0148705 0.998908 0.0191989
18 0.999051 0.00103127 0.0435367 0.00620228 -0.000524287 0.999932 -0.0116548 -0.0320686 -0.0435458 0.0116209 0.998984 0.0211193
19 0.999029 0.000922969 0.044052 0.00574419 -0.00055357 0.999965 -0.008397 -0.034966 -0.0440582 0.00836446 0.998994 0.0248897
20 0.999064 -0.00279554 0.0431691 0.00762195 0.00301927 0.999982 -0.00511833 -0.0406648 -0.043154 0.00524388 0.999055 0.0270906
21 0.999051 -0.00343338 0.0434095 0.0121086 0.00370051 0.999975 -0.00607471 -0.0435098 -0.0433876 0.00622959 0.999039 0.0293548
22 0.998965 -0.0058773 0.0451043 0.0187001 0.00617604 0.99996 -0.00648699 -0.0462183 -0.0450644 0.00675884 0.998961 0.0329766
23 0.998613 -0.00643192 0.0522483 0.0214404 0.00677406 0.999957 -0.00637401 -0.0504045 -0.052205 0.0067191 0.998614 0.036217
24 0.998081 -0.00688336 0.0615328 0.0234715 0.00738015 0.999942 -0.00784998 -0.0543107 -0.0614752 0.00828904 0.998074 0.0384596
25 0.997421 -0.00733415 0.071403 0.025004 0.00803981 0.999922 -0.00960037 -0.0568631 -0.071327 0.0101497 0.997401 0.0411644
26 0.996618 -0.00919903 0.0816604 0.0248252 0.010023 0.999903 -0.00968587 -0.0609088 -0.0815634 0.0104716 0.996613 0.0452692
27 0.996059 -0.0145961 0.0874888 0.026721 0.0158721 0.999777 -0.0139068 -0.0623378 -0.0872663 0.0152406 0.996068 0.0511554
28 0.995781 -0.0165127 0.0902593 0.0259117 0.0179606 0.999722 -0.0152532 -0.0651914 -0.0899824 0.01681 0.995801 0.0542189
29 0.996015 -0.0183163 0.08728 0.0301676 0.0197301 0.999687 -0.015363 -0.0672005 -0.0869713 0.0170238 0.996065 0.0569115
30 0.996031 -0.0215756 0.0863484 0.0358469 0.022823 0.999649 -0.013484 -0.0685633 -0.0860271 0.0154012 0.996174 0.060785
31 0.995724 -0.0242814 0.0891252 0.040615 0.0251296 0.999649 -0.00840747 -0.0713749 -0.0888898 0.0106112 0.995985 0.0649405
32 0.995254 -0.0270691 0.093469 0.0437354 0.027409 0.999622 -0.00235495 -0.0747128 -0.0933698 0.00490566 0.995619 0.0691238
33 0.994871 -0.0307011 0.0963763 0.0480709 0.0304592 0.999528 0.00398023 -0.0786771 -0.096453 -0.00102427 0.995337 0.0737445
34 0.994599 -0.032193 0.0986734 0.0530839 0.0315224 0.999468 0.00834743 -0.0820861 -0.0988897 -0.00519192 0.995085 0.0786627
35 0.994519 -0.0306714 0.0999563 0.0567701 0.0295899 0.999487 0.0122846 -0.0859353 -0.100282 -0.00925957 0.994916 0.0829014
36 0.994636 -0.0319924 0.0983702 0.0618097 0.0306321 0.999414 0.0153077 -0.0886881 -0.0988022 -0.0122123 0.995032 0.0860854
37 0.994634 -0.0382676 0.0961227 0.0681187 0.0366341 0.999154 0.0187026 -0.0913271 -0.096757 -0.0150809 0.995194 0.0903297
38 0.994569 -0.0426935 0.0949213 0.0764144 0.0407486 0.99892 0.0223357 -0.0938452 -0.0957723 -0.0183465 0.995234 0.0939689
39 0.994336 -0.0453454 0.0961209 0.0856556 0.0431478 0.99876 0.0248203 -0.0936248 -0.0971273 -0.0205323 0.99506 0.0985721
40 0.993596 -0.0499955 0.101324 0.0919518 0.0470766 0.99841 0.0309977 -0.0958781 -0.102713 -0.0260292 0.99437 0.102439
41 0.992744 -0.0554247 0.106716 0.0984985 0.0517209 0.99797 0.0371696 -0.0994361 -0.10856 -0.0313804 0.993595 0.105753
42 0.992084 -0.0559037 0.112445 0.104422 0.051394 0.997769 0.0426149 -0.102284 -0.114576 -0.0364986 0.992744 0.107919
43 0.992222 -0.0563923 0.110971 0.10578 0.0519454 0.997742 0.0425662 -0.101919 -0.113121 -0.0364707 0.992912 0.108277
44 0.991651 -0.0556955 0.116302 0.112361 0.0503331 0.997552 0.0485485 -0.1057 -0.118721 -0.0422893 0.992027 0.111544
45 0.991094 -0.0549048 0.121317 0.120578 0.0487952 0.997414 0.0527726 -0.109068 -0.1239 -0.046383 0.99121 0.113513
46 0.990291 -0.053156 0.128443 0.12905 0.0462872 0.997364 0.0558851 -0.109597 -0.131075 -0.0493972 0.990141 0.115343
47 0.988728 -0.0558913 0.138898 0.136431 0.047423 0.996851 0.063549 -0.111218 -0.142012 -0.0562457 0.988266 0.117957
48 0.986475 -0.064305 0.150774 0.142519 0.0534032 0.995732 0.0752759 -0.116315 -0.154971 -0.066206 0.985698 0.12046
49 0.986474 -0.0643034 0.150777 0.142517 0.0534018 0.995732 0.0752731 -0.116312 -0.154974 -0.0662033 0.985698 0.120464
50 0.984266 -0.070789 0.161892 0.150907 0.0578114 0.994828 0.083519 -0.120744 -0.166967 -0.0728457 0.983268 0.122623
51 0.981449 -0.0757017 0.176148 0.158384 0.0605543 0.994114 0.0898404 -0.124517 -0.181912 -0.0775073 0.980255 0.125399
52 0.977641 -0.0849302 0.192366 0.164203 0.0674446 0.993123 0.0957004 -0.129835 -0.199171 -0.0805866 0.976646 0.128648
53 0.973899 -0.0911028 0.207895 0.170389 0.0722286 0.992694 0.0966541 -0.13322 -0.215181 -0.0791154 0.973364 0.130316
54 0.970184 -0.0944482 0.223209 0.173342 0.0738711 0.992359 0.0988219 -0.135849 -0.230837 -0.0793868 0.969748 0.131563
55 0.966563 -0.105409 0.233761 0.175648 0.0827876 0.991064 0.104584 -0.140852 -0.242696 -0.0817342 0.966653 0.134071
56 0.963969 -0.118331 0.238247 0.180964 0.0949175 0.989664 0.107495 -0.144456 -0.248505 -0.0810084 0.965237 0.135671
57 0.961923 -0.127191 0.241922 0.187003 0.103069 0.988581 0.109928 -0.146701 -0.253142 -0.080807 0.964048 0.138429
58 0.959646 -0.138222 0.244896 0.193409 0.112908 0.986972 0.114618 -0.150573 -0.257549 -0.0823416 0.96275 0.14158
59 0.956844 -0.150433 0.248634 0.199274 0.124454 0.985281 0.117183 -0.151192 -0.262602 -0.0811821 0.961483 0.14477
60 0.95389 -0.162353 0.25246 0.206286 0.134333 0.983067 0.124632 -0.154576 -0.26842 -0.0849712 0.959547 0.148358
61 0.950633 -0.171921 0.258339 0.215994 0.14172 0.981142 0.131439 -0.158647 -0.276065 -0.088338 0.957071 0.151543
62 0.945238 -0.180038 0.272236 0.220252 0.146922 0.979522 0.137658 -0.161601 -0.291445 -0.0901218 0.952333 0.155471
63 0.939885 -0.190015 0.283745 0.223632 0.153929 0.977433 0.144678 -0.165385 -0.304833 -0.0923038 0.947923 0.160494
64 0.936206 -0.198068 0.290323 0.22835 0.159835 0.97565 0.150197 -0.169516 -0.313003 -0.0942119 0.945068 0.165458
65 0.932926 -0.207141 0.294519 0.23349 0.167879 0.97384 0.153143 -0.171642 -0.318536 -0.0934277 0.943295 0.170228
66 0.929225 -0.216135 0.29971 0.239147 0.175304 0.97186 0.157339 -0.174593 -0.325283 -0.0936631 0.940967 0.174595
67 0.925284 -0.224364 0.305793 0.243948 0.181767 0.96996 0.161673 -0.177399 -0.332881 -0.0940101 0.938271 0.179251
68 0.9212 -0.233633 0.311138 0.249191 0.189124 0.967701 0.166697 -0.180597 -0.340035 -0.094717 0.935631 0.184065
69 0.917181 -0.243348 0.315532 0.255908 0.196924 0.965215 0.17199 -0.183229 -0.34641 -0.0956104 0.933198 0.189452
70 0.912939 -0.251079 0.321717 0.261306 0.202047 0.963023 0.178226 -0.186642 -0.354569 -0.0977078 0.929911 0.194731
71 0.907807 -0.26069 0.328522 0.265339 0.208759 0.960283 0.185141 -0.190743 -0.363739 -0.0994907 0.926173 0.200444
72 0.902779 -0.273096 0.332279 0.269573 0.218804 0.956724 0.191844 -0.195425 -0.370291 -0.100489 0.923465 0.206035
73 0.89896 -0.284587 0.33299 0.277758 0.229059 0.953389 0.196423 -0.19909 -0.373368 -0.100302 0.922245 0.211195
74 0.893763 -0.293879 0.338854 0.285518 0.235906 0.950521 0.202133 -0.203722 -0.381491 -0.100721 0.918869 0.214886
75 0.885761 -0.304973 0.349884 0.290484 0.243571 0.947114 0.208921 -0.209621 -0.395095 -0.0998328 0.913199 0.220933
76 0.878037 -0.315649 0.359744 0.293941 0.253324 0.944263 0.210226 -0.213476 -0.40605 -0.0934541 0.90906 0.226531
77 0.872212 -0.326809 0.363926 0.298581 0.264081 0.940907 0.212027 -0.215885 -0.411713 -0.0888263 0.906974 0.231176
78 0.866539 -0.339478 0.365875 0.305316 0.275072 0.936507 0.217461 -0.220659 -0.416468 -0.0877968 0.904901 0.236646
79 0.860797 -0.349725 0.369758 0.314162 0.284655 0.93308 0.21985 -0.224601 -0.421901 -0.0839924 0.902743 0.241628
80 0.853967 -0.352138 0.383065 0.318909 0.286091 0.932696 0.219611 -0.228372 -0.434617 -0.0779491 0.897236 0.244
81 0.845554 -0.35958 0.39464 0.322506 0.291394 0.930196 0.223216 -0.231682 -0.447356 -0.0737457 0.89131 0.248877
82 0.838142 -0.367472 0.40309 0.328204 0.297473 0.927377 0.226897 -0.236767 -0.457195 -0.0702633 0.886587 0.255597
83 0.832739 -0.368659 0.413082 0.333032 0.30003 0.927514 0.222934 -0.241395 -0.465326 -0.0617087 0.882986 0.258442
84 0.827816 -0.369294 0.422306 0.33692 0.302529 0.927802 0.218309 -0.242337 -0.472436 -0.0529596 0.879772 0.261506
85 0.823176 -0.372163 0.428808 0.340916 0.305038 0.926855 0.218842 -0.244823 -0.478888 -0.0493423 0.876488 0.266313
86 0.820978 -0.373058 0.432231 0.346514 0.305937 0.926603 0.218654 -0.247313 -0.482077 -0.0472745 0.874852 0.270308
87 0.81926 -0.372669 0.43581 0.352757 0.305607 0.92685 0.218069 -0.248318 -0.485198 -0.0454692 0.873221 0.27235
88 0.815666 -0.374349 0.44108 0.358966 0.305104 0.926129 0.221801 -0.251732 -0.491528 -0.0463404 0.869628 0.276385
89 0.811093 -0.37699 0.447221 0.364853 0.306906 0.925179 0.223277 -0.25488 -0.497933 -0.0438433 0.866107 0.280871
90 0.807023 -0.379055 0.452803 0.369659 0.309867 0.924568 0.221713 -0.256726 -0.502689 -0.0386188 0.863604 0.284992
91 0.805144 -0.380415 0.455003 0.375099 0.312836 0.924188 0.219112 -0.257144 -0.503862 -0.0340758 0.863112 0.287705
92 0.804279 -0.381135 0.45593 0.381397 0.313887 0.923939 0.218658 -0.257656 -0.504589 -0.0327513 0.862738 0.290541
93 0.80227 -0.382784 0.458082 0.389382 0.315 0.923281 0.219834 -0.260834 -0.507088 -0.0320701 0.861298 0.294402
94 0.80112 -0.380946 0.461614 0.395706 0.314191 0.924139 0.217373 -0.261356 -0.509403 -0.0291074 0.860036 0.296446
95 0.799634 -0.379611 0.465275 0.401398 0.313024 0.924738 0.216509 -0.261152 -0.512446 -0.0274857 0.858279 0.300082
96 0.800199 -0.376824 0.466567 0.408596 0.309268 0.925812 0.217315 -0.263909 -0.513843 -0.0296014 0.857374 0.303943
97 0.801017 -0.37318 0.468091 0.4145 0.306844 0.927337 0.214225 -0.264424 -0.514022 -0.0279671 0.857321 0.307237
98 0.802977 -0.367881 0.468926 0.421087 0.302974 0.929485 0.210394 -0.264657 -0.51326 -0.0268689 0.857813 0.309875
99 0.805818 -0.360265 0.469964 0.428121 0.296542 0.932462 0.206345 -0.264829 -0.512563 -0.026912 0.858228 0.312571
100 0.807633 -0.354244 0.471424 0.434456 0.291698 0.934786 0.202701 -0.26532 -0.512486 -0.0261946 0.858296 0.31581
101 0.810232 -0.348931 0.470926 0.44127 0.288047 0.936809 0.198537 -0.265244 -0.510444 -0.025212 0.859542 0.317634
102 0.813287 -0.342508 0.470374 0.449287 0.282542 0.939156 0.195334 -0.264889 -0.508659 -0.0259624 0.860577 0.318708
103 0.817758 -0.327634 0.473211 0.463341 0.267399 0.944321 0.191719 -0.265736 -0.509676 -0.0302438 0.859834 0.322349
104 0.818565 -0.323632 0.474567 0.470619 0.262953 0.945648 0.191328 -0.266855 -0.510693 -0.0318251 0.859174 0.325255
105 0.818798 -0.31805 0.477927 0.476949 0.258511 0.947595 0.187714 -0.269497 -0.512583 -0.0301502 0.858108 0.327689
106 0.820153 -0.31107 0.480191 0.482977 0.255238 0.950067 0.179517 -0.269998 -0.512056 -0.0246682 0.858598 0.329216
107 0.82276 -0.304044 0.480232 0.489352 0.252205 0.952458 0.170929 -0.269677 -0.509371 -0.0195165 0.860326 0.329423
108 0.826357 -0.294157 0.480214 0.496947 0.244721 0.955584 0.164228 -0.26916 -0.507194 -0.0181922 0.86164 0.329266
109 0.826681 -0.286145 0.484479 0.503855 0.238058 0.958042 0.159637 -0.271803 -0.509831 -0.0166347 0.860114 0.330247
110 0.825686 -0.277577 0.491114 0.509063 0.233342 0.960654 0.150653 -0.272909 -0.513608 -0.00979479 0.857969 0.331454
111 0.826286 -0.26729 0.495791 0.512775 0.227655 0.963612 0.14009 -0.273226 -0.515194 -0.00288476 0.857069 0.333012
112 0.829531 -0.255416 0.49663 0.516881 0.220475 0.966828 0.128973 -0.272401 -0.513098 0.00250772 0.858327 0.333705
113 0.83811 -0.223277 0.497713 0.527499 0.196047 0.974724 0.107139 -0.275 -0.509054 0.00778077 0.860699 0.332925
114 0.840592 -0.20745 0.50037 0.530234 0.185175 0.978156 0.0944531 -0.274253 -0.509034 0.0132596 0.860644 0.333663
115 0.844308 -0.193648 0.499644 0.533254 0.175428 0.980925 0.0837379 -0.274743 -0.506328 0.0169506 0.862174 0.335283
116 0.84875 -0.181297 0.496744 0.536806 0.167778 0.98318 0.072161 -0.276238 -0.501472 0.0220961 0.864892 0.336215
117 0.854969 -0.167182 0.490997 0.541326 0.15843 0.985563 0.0597059 -0.276578 -0.49389 0.0267421 0.869113 0.335972
118 0.860091 -0.152417 0.486839 0.5451 0.148045 0.987829 0.0477148 -0.277059 -0.488186 0.0310352 0.872188 0.33648
119 0.864258 -0.137964 0.48376 0.54831 0.137918 0.989793 0.0358835 -0.27806 -0.483773 0.0357063 0.874465 0.337002
120 0.868409 -0.122856 0.480387 0.550301 0.127768 0.991546 0.0226124 -0.278806 -0.479104 0.0417412 0.876765 0.337576
121 0.873061 -0.109648 0.475123 0.552711 0.119483 0.99279 0.00955799 -0.279028 -0.472746 0.0484245 0.879867 0.337402
122 0.882614 -0.0832332 0.462671 0.558687 0.101757 0.994694 -0.0151737 -0.280487 -0.458953 0.0604724 0.8864 0.337898
123 0.886587 -0.0722346 0.456886 0.5606 0.0954251 0.995047 -0.0278535 -0.280821 -0.452611 0.068293 0.889089 0.337574
124 0.891364 -0.0599156 0.44931 0.562246 0.0875347 0.99532 -0.0409296 -0.281301 -0.444755 0.0758134 0.892438 0.337196
125 0.896984 -0.046805 0.439579 0.563312 0.0788412 0.995375 -0.0548952 -0.281475 -0.434976 0.083897 0.896525 0.336516
126 0.902766 -0.0341423 0.428774 0.563886 0.0701269 0.99519 -0.0684047 -0.281437 -0.424376 0.091822 0.900818 0.335224
127 0.913448 -0.0124718 0.406765 0.566578 0.055263 0.994073 -0.0936218 -0.281625 -0.403186 0.107998 0.908723 0.333756
128 0.917283 -0.002742 0.398226 0.566723 0.0484316 0.993322 -0.104719 -0.281463 -0.39528 0.115344 0.91129 0.332875
129 0.921412 0.0075233 0.388515 0.566057 0.0404844 0.992513 -0.115233 -0.280834 -0.386473 0.121906 0.914209 0.33097
130 0.925386 0.0213916 0.378421 0.564578 0.0271374 0.992104 -0.122444 -0.282127 -0.378053 0.123577 0.917499 0.328421
131 0.932361 0.0467898 0.358489 0.5634 0.00204104 0.990893 -0.134639 -0.282187 -0.361524 0.126264 0.923774 0.325908
132 0.934569 0.057818 0.351053 0.562316 -0.00936043 0.990361 -0.138192 -0.282385 -0.355659 0.125864 0.926102 0.325586
133 0.936063 0.0675317 0.345289 0.559904 -0.0195082 0.989859 -0.140711 -0.282732 -0.35129 0.124978 0.927888 0.324771
134 0.939784 0.081615 0.331881 0.558084 -0.0342648 0.988676 -0.146105 -0.281545 -0.340047 0.125935 0.931938 0.323577
135 0.942055 0.0877339 0.323783 0.557225 -0.0396771 0.98756 -0.152153 -0.280391 -0.333104 0.13049 0.933817 0.322594
136 0.944874 0.0970388 0.312724 0.556936 -0.0500736 0.986665 -0.15487 -0.280701 -0.323582 0.130674 0.937133 0.320686
137 0.947815 0.105693 0.300791 0.556025 -0.0603285 0.985863 -0.156318 -0.280796 -0.313061 0.130014 0.940792 0.319675
138 0.951384 0.121158 0.283178 0.553783 -0.077499 0.983969 -0.16062 -0.280249 -0.298099 0.130866 0.945522 0.317431
139 0.95091 0.128081 0.28172 0.543833 -0.0849613 0.983402 -0.160317 -0.27988 -0.297577 0.128512 0.946009 0.314591
140 0.951541 0.135784 0.275921 0.539652 -0.0944288 0.982905 -0.158051 -0.279532 -0.292665 0.124337 0.948097 0.313683
141 0.954203 0.152239 0.257526 0.536248 -0.112889 0.980427 -0.161302 -0.278102 -0.277042 0.124843 0.952713 0.312039
142 0.955498 0.157283 0.24957 0.533301 -0.118389 0.979342 -0.163933 -0.277652 -0.270198 0.127092 0.95438 0.309915
143 0.956695 0.161521 0.242171 0.530918 -0.123098 0.978371 -0.166244 -0.27711 -0.263784 0.129234 0.955885 0.307684
144 0.95809 0.165923 0.233523 0.529029 -0.128261 0.97737 -0.168217 -0.276651 -0.256149 0.131215 0.95769 0.305526
145 0.96048 0.174467 0.216886 0.524424 -0.138615 0.975497 -0.170853 -0.27552 -0.24138 0.134038 0.961129 0.302163
146 0.960987 0.178121 0.211603 0.518401 -0.142569 0.974568 -0.172891 -0.275036 -0.237017 0.135978 0.961942 0.300429
147 0.961761 0.181926 0.204739 0.515442 -0.146917 0.973557 -0.174935 -0.274541 -0.23115 0.138166 0.963057 0.297994
148 0.96222 0.186291 0.198565 0.51254 -0.151751 0.972447 -0.176971 -0.273846 -0.226062 0.140153 0.963978 0.29596
149 0.962408 0.191051 0.193057 0.509427 -0.156867 0.971236 -0.179148 -0.273182 -0.22173 0.142129 0.964694 0.293478
150 0.962549 0.195408 0.187926 0.505173 -0.161512 0.970053 -0.181415 -0.272639 -0.217748 0.144268 0.965284 0.290881
151 0.962844 0.20282 0.178314 0.498334 -0.169885 0.968156 -0.183883 -0.271185 -0.209931 0.146758 0.966639 0.285445
152 0.963194 0.204584 0.174361 0.493992 -0.172272 0.967744 -0.183833 -0.27085 -0.206346 0.14703 0.967369 0.283426
153 0.962209 0.208972 0.174601 0.48302 -0.176875 0.967117 -0.182756 -0.271737 -0.207051 0.144967 0.96753 0.284833
154 0.961869 0.213715 0.170689 0.479505 -0.182135 0.966055 -0.183206 -0.271116 -0.204049 0.145132 0.968143 0.282714
155 0.961373 0.219186 0.166493 0.475591 -0.188364 0.964957 -0.182692 -0.270552 -0.200703 0.144274 0.96897 0.280192
156 0.960351 0.225708 0.16365 0.471452 -0.195554 0.96373 -0.181613 -0.270331 -0.198706 0.14241 0.969657 0.277579
157 0.959811 0.233462 0.15575 0.46384 -0.203455 0.961092 -0.186838 -0.268121 -0.193309 0.147641 0.969966 0.274772
158 0.960187 0.236806 0.148201 0.460243 -0.20753 0.959789 -0.189042 -0.267253 -0.187008 0.15076 0.970721 0.272026
159 0.959801 0.241793 0.142539 0.455766 -0.213093 0.958254 -0.190631 -0.267177 -0.182682 0.152594 0.971258 0.269035
160 0.957992 0.248221 0.143661 0.441235 -0.218838 0.956434 -0.193244 -0.266151 -0.185369 0.153688 0.970576 0.269799
161 0.957209 0.254846 0.137128 0.437418 -0.226214 0.954424 -0.194684 -0.265373 -0.180492 0.155333 0.971233 0.267941
162 0.956077 0.262843 0.129735 0.432858 -0.235273 0.95213 -0.195179 -0.264723 -0.174825 0.156083 0.972149 0.265295
163 0.954742 0.271082 0.122404 0.428827 -0.244723 0.949837 -0.194729 -0.264327 -0.169051 0.155961 0.97319 0.26269
164 0.953208 0.279495 0.115228 0.425038 -0.254126 0.947233 -0.19537 -0.263584 -0.163752 0.156946 0.973937 0.261962
165 0.951921 0.287403 0.106048 0.42163 -0.263099 0.944322 -0.19757 -0.26282 -0.156926 0.16017 0.974536 0.260305
166 0.949341 0.300595 0.0916228 0.399561 -0.278022 0.939313 -0.200983 -0.263245 -0.146477 0.165328 0.9753 0.259441
167 0.947763 0.308072 0.0826831 0.395509 -0.286764 0.936446 -0.202079 -0.263169 -0.139683 0.167812 0.975873 0.255158
168 0.945731 0.316112 0.0752804 0.391066 -0.295842 0.933425 -0.202966 -0.262096 -0.134428 0.16968 0.976288 0.253054
169 0.943872 0.323511 0.0666752 0.386679 -0.30442 0.930323 -0.204516 -0.260511 -0.128193 0.17274 0.97659 0.252148
170 0.940864 0.333431 0.0599848 0.375351 -0.3153 0.926584 -0.205005 -0.259566 -0.123936 0.173969 0.976921 0.250365
171 0.938761 0.340827 0.0506314 0.370179 -0.324309 0.923619 -0.204331 -0.259628 -0.116406 0.175398 0.977592 0.247621
172 0.936864 0.347248 0.0412853 0.366676 -0.332251 0.92073 -0.204611 -0.2584 -0.109063 0.177976 0.977972 0.243897
173 0.933091 0.358864 0.0236153 0.357477 -0.347012 0.915632 -0.202978 -0.256337 -0.0944645 0.181202 0.978898 0.238296
174 0.929902 0.367416 0.016949 0.350354 -0.356749 0.912203 -0.201534 -0.256561 -0.0895077 0.18136 0.979335 0.233638
175 0.925979 0.37744 0.0100896 0.344498 -0.367717 0.907547 -0.202835 -0.254676 -0.0857149 0.184111 0.979161 0.231434
176 0.922894 0.385053 0.000892654 0.338643 -0.376768 0.903512 -0.204236 -0.252117 -0.0794483 0.188152 0.978921 0.229716
177 0.920217 0.391231 -0.011768 0.334198 -0.38517 0.899795 -0.204972 -0.251126 -0.0696026 0.193151 0.978697 0.228641
178 0.918526 0.394624 -0.0241184 0.330029 -0.390878 0.89726 -0.205279 -0.2492 -0.0593675 0.197981 0.978406 0.221924
179 0.915867 0.400351 -0.0301138 0.323352 -0.397776 0.89469 -0.203236 -0.247155 -0.0544232 0.198116 0.978667 0.216562
180 0.914183 0.40398 -0.0327038 0.3174 -0.40191 0.893159 -0.20183 -0.246578 -0.0523258 0.197654 0.978874 0.214791
181 0.913436 0.405165 -0.0384179 0.31013 -0.40409 0.891662 -0.204084 -0.242488 -0.048432 0.201942 0.978199 0.213875
182 0.9102 0.409223 -0.0638154 0.301423 -0.413267 0.88721 -0.205108 -0.239042 -0.027317 0.213062 0.976657 0.209508
183 0.909078 0.409969 -0.0741801 0.298084 -0.416258 0.886276 -0.203087 -0.23858 -0.0175154 0.2155 0.976347 0.204822
184 0.908901 0.409051 -0.0810906 0.294674 -0.41686 0.885985 -0.203123 -0.236343 -0.0112426 0.218422 0.97579 0.201957
185 0.907488 0.410681 -0.0883516 0.291413 -0.420049 0.884689 -0.202197 -0.234343 -0.00487454 0.220603 0.975351 0.198717
186 0.905166 0.414147 -0.0956919 0.286779 -0.425056 0.882743 -0.200232 -0.232755 0.00154587 0.221918 0.975064 0.196087
187 0.903455 0.416251 -0.102485 0.282504 -0.428604 0.881663 -0.197405 -0.23211 0.00818682 0.222272 0.97495 0.192878
188 0.901561 0.418808 -0.108572 0.278007 -0.432448 0.880016 -0.196371 -0.23081 0.0133034 0.223992 0.9745 0.192158
189 0.898141 0.424724 -0.113809 0.270173 -0.439426 0.876253 -0.197703 -0.226899 0.0157559 0.227575 0.973633 0.192693
190 0.892278 0.432234 -0.130438 0.258735 -0.450577 0.870841 -0.196512 -0.22532 0.0286513 0.234116 0.971787 0.190585
191 0.887989 0.43694 -0.143383 0.254844 -0.45829 0.866608 -0.197386 -0.222109 0.0380109 0.240987 0.969784 0.188925
192 0.88254 0.442726 -0.158485 0.253212 -0.467502 0.862373 -0.194303 -0.219661 0.0506499 0.245572 0.968054 0.185245
193 0.878385 0.448661 -0.164753 0.246903 -0.474487 0.860015 -0.187715 -0.221228 0.0574696 0.24306 0.968307 0.184279
194 0.874665 0.454344 -0.168919 0.240506 -0.480961 0.856827 -0.185805 -0.222023 0.060315 0.243761 0.967958 0.1845
195 0.868363 0.456419 -0.193975 0.229243 -0.489509 0.851569 -0.187646 -0.215088 0.0795381 0.257897 0.962893 0.184067
196 0.864046 0.457286 -0.210509 0.227072 -0.494374 0.849669 -0.183457 -0.214459 0.0949705 0.262586 0.960224 0.182562
197 0.860071 0.458558 -0.223611 0.229598 -0.498781 0.847902 -0.179665 -0.215741 0.107213 0.266057 0.957976 0.17767
198 0.857047 0.461708 -0.228682 0.224917 -0.503116 0.845647 -0.178202 -0.212628 0.111106 0.267781 0.957052 0.177013
199 0.853844 0.463594 -0.236707 0.219133 -0.506876 0.843975 -0.175453 -0.209379 0.118435 0.269791 0.955608 0.177427
200 0.843902 0.471403 -0.256142 0.210036 -0.51867 0.838923 -0.164892 -0.210755 0.137153 0.272005 0.952472 0.17716
201 0.841138 0.471762 -0.264437 0.20999 -0.521459 0.837123 -0.165243 -0.20823 0.143411 0.276885 0.950141 0.17936
202 0.840247 0.469512 -0.271188 0.20575 -0.52108 0.837498 -0.164536 -0.206636 0.149868 0.279562 0.948359 0.177737
203 0.838693 0.46792 -0.278647 0.203199 -0.521511 0.837458 -0.163375 -0.204775 0.156908 0.282338 0.946396 0.17581
204 0.835326 0.469624 -0.285806 0.196104 -0.524444 0.836647 -0.158052 -0.201032 0.164894 0.281913 0.945164 0.171101
205 0.836276 0.466001 -0.288939 0.190981 -0.521196 0.839253 -0.154951 -0.199835 0.170285 0.280175 0.944725 0.169478
206 0.838242 0.459704 -0.293295 0.186863 -0.515796 0.842952 -0.15293 -0.198161 0.176931 0.279473 0.943711 0.167971
207 0.839832 0.453967 -0.297651 0.183026 -0.511133 0.845964 -0.151944 -0.197691 0.182824 0.279747 0.942506 0.166927
208 0.841406 0.44764 -0.302744 0.178722 -0.506478 0.848587 -0.152906 -0.194918 0.188458 0.281989 0.940726 0.165079
209 0.839758 0.444122 -0.312349 0.176252 -0.504873 0.85037 -0.148241 -0.191273 0.199775 0.282183 0.93833 0.156595
210 0.84063 0.444102 -0.310023 0.171975 -0.503427 0.85181 -0.144847 -0.190723 0.199754 0.277836 0.93963 0.154141
211 0.841408 0.442884 -0.309654 0.165854 -0.502182 0.852466 -0.14531 -0.185869 0.199614 0.277767 0.93968 0.154212
212 0.838804 0.444153 -0.314858 0.162672 -0.504142 0.851999 -0.141203 -0.183982 0.205543 0.277175 0.938577 0.151004
213 0.83728 0.443488 -0.319813 0.16017 -0.504038 0.852731 -0.137098 -0.183629 0.211913 0.275988 0.937509 0.147094
214 0.837411 0.441696 -0.321943 0.157367 -0.502439 0.853962 -0.13529 -0.181565 0.21517 0.27505 0.937043 0.143182
215 0.837768 0.439585 -0.323896 0.153372 -0.500783 0.854994 -0.134912 -0.176314 0.217624 0.275227 0.936424 0.140808
216 0.836608 0.439601 -0.326861 0.150494 -0.50044 0.856014 -0.129618 -0.174716 0.222818 0.272013 0.936142 0.137714
217 0.835267 0.440617 -0.328915 0.147259 -0.500944 0.856427 -0.124852 -0.173171 0.22668 0.269053 0.93607 0.13521
218 0.830328 0.445494 -0.334799 0.1412 -0.505046 0.855505 -0.114191 -0.167357 0.235551 0.263905 0.935345 0.129379
219 0.827078 0.449709 -0.337199 0.138538 -0.508055 0.854752 -0.106201 -0.166382 0.240462 0.259153 0.935424 0.125056
220 0.824868 0.452412 -0.338994 0.134472 -0.510107 0.854119 -0.101348 -0.16228 0.24369 0.256522 0.935314 0.122676
221 0.82236 0.454523 -0.342247 0.13077 -0.511453 0.854081 -0.0946648 -0.159386 0.249279 0.252892 0.934829 0.120496
222 0.818135 0.458973 -0.346409 0.126875 -0.514872 0.852954 -0.0858888 -0.159683 0.25605 0.248625 0.934143 0.118372
223 0.81276 0.464297 -0.351924 0.124518 -0.520176 0.850355 -0.0794513 -0.159272 0.262371 0.247637 0.932651 0.115339
224 0.80785 0.469285 -0.356582 0.12336 -0.525442 0.847515 -0.0750232 -0.156947 0.267001 0.24797 0.931247 0.11089
225 0.803807 0.474965 -0.358194 0.120282 -0.530293 0.844953 -0.0695978 -0.156469 0.269601 0.245891 0.931049 0.10593
226 0.801257 0.478035 -0.35982 0.115757 -0.533405 0.843151 -0.067642 -0.154703 0.271047 0.246128 0.930567 0.103167
227 0.796899 0.481615 -0.36469 0.111499 -0.538085 0.840296 -0.0660851 -0.151499 0.27462 0.248898 0.928781 0.100378
228 0.790582 0.485654 -0.372988 0.11195 -0.54376 0.836882 -0.062875 -0.14823 0.281611 0.252524 0.925703 0.095924
229 0.785918 0.489345 -0.377988 0.113078 -0.547932 0.834439 -0.0590001 -0.145496 0.286537 0.253481 0.923928 0.0907364
230 0.78424 0.491386 -0.378825 0.110403 -0.549379 0.833701 -0.0558991 -0.143165 0.288359 0.251956 0.923779 0.0872026
231 0.780121 0.490854 -0.387909 0.1035 -0.549914 0.833661 -0.0510274 -0.137259 0.298338 0.253124 0.920284 0.0820427
232 0.776375 0.490781 -0.395443 0.100737 -0.55107 0.833078 -0.0479918 -0.134658 0.305881 0.255176 0.917236 0.0798832
233 0.772023 0.49005 -0.404761 0.0999254 -0.552348 0.832356 -0.045778 -0.131499 0.314471 0.25891 0.913276 0.0765628
234 0.766481 0.490442 -0.414697 0.102054 -0.554464 0.831155 -0.0418439 -0.127225 0.324155 0.262007 0.908997 0.0722292
235 0.761508 0.492953 -0.420837 0.10395 -0.556615 0.830036 -0.0349257 -0.125373 0.332093 0.26084 0.906464 0.0678198
236 0.758598 0.494678 -0.424055 0.10307 -0.557824 0.829404 -0.0303634 -0.121976 0.336693 0.259582 0.905127 0.0656283
237 0.75517 0.49693 -0.427527 0.0992073 -0.559129 0.828722 -0.0243728 -0.119301 0.34219 0.257448 0.903674 0.0636563
238 0.748432 0.50087 -0.434717 0.0981395 -0.563124 0.826185 -0.0175947 -0.116183 0.350344 0.257968 0.900395 0.0627386
239 0.743256 0.501756 -0.442505 0.0977847 -0.564034 0.825676 -0.0111504 -0.114005 0.359771 0.257876 0.896697 0.0602877
240 0.740304 0.49891 -0.450599 0.0981199 -0.561587 0.827392 -0.00655068 -0.11023 0.369553 0.2579 0.892703 0.0577431
241 0.736602 0.498354 -0.457232 0.0985956 -0.560171 0.828377 0.000439785 -0.107892 0.378979 0.255804 0.889348 0.0551143
242 0.733784 0.492104 -0.468397 0.0953678 -0.551708 0.833953 0.0118645 -0.106093 0.396459 0.249712 0.883439 0.0494847
243 0.729274 0.492894 -0.474569 0.0948322 -0.552436 0.83339 0.0166376 -0.104805 0.403701 0.250035 0.880061 0.0471215
244 0.725268 0.493048 -0.48051 0.0968578 -0.552441 0.833283 0.0211875 -0.104128 0.410847 0.250086 0.876734 0.0432851
245 0.72528 0.489827 -0.483776 0.0995216 -0.549103 0.835447 0.0226777 -0.104157 0.415277 0.249195 0.874898 0.0403073
246 0.726765 0.489308 -0.482068 0.0994068 -0.547908 0.836229 0.0227623 -0.104067 0.414257 0.247586 0.875838 0.0356601
247 0.726489 0.490238 -0.48154 0.102369 -0.548597 0.835765 0.0232054 -0.10339 0.413831 0.247313 0.876117 0.0302802
248 0.727451 0.491311 -0.478987 0.101932 -0.54897 0.835518 0.0232784 -0.101391 0.411639 0.246015 0.877513 0.0272368
249 0.729696 0.489758 -0.477159 0.103324 -0.546802 0.83695 0.0228513 -0.099636 0.41055 0.244237 0.87852 0.0238
250 0.740505 0.480486 -0.469879 0.107458 -0.535988 0.844025 0.0183883 -0.098729 0.405425 0.238233 0.882539 0.0166236
251 0.752947 0.46882 -0.461821 0.110813 -0.523359 0.852033 0.0116682 -0.0970731 0.398957 0.232912 0.886896 0.0112651
252 0.770776 0.450947 -0.450057 0.112144 -0.503438 0.864024 0.00353511 -0.0958241 0.390454 0.223851 0.892993 0.00757645
253 0.789157 0.431038 -0.437535 0.112632 -0.481631 0.876358 -0.00534565 -0.0942718 0.381133 0.214949 0.899186 0.00462446
254 0.805449 0.412906 -0.425159 0.11339 -0.461363 0.887124 -0.0124786 -0.0937844 0.372017 0.206204 0.905032 0.000487368
255 0.820409 0.395483 -0.412943 0.115035 -0.44248 0.896545 -0.0204555 -0.0918979 0.362133 0.199501 0.910527 -0.00411622
256 0.836035 0.376419 -0.399191 0.118219 -0.421063 0.906631 -0.0269303 -0.0892506 0.351782 0.1906 0.916472 -0.00905775
257 0.852389 0.355213 -0.383741 0.11748 -0.396972 0.917247 -0.03272 -0.0903922 0.340363 0.180224 0.922861 -0.0084013
258 0.867677 0.333474 -0.368688 0.117265 -0.374521 0.926189 -0.0436779 -0.0879147 0.326909 0.17598 0.928526 -0.0120593
259 0.880919 0.313559 -0.35449 0.120519 -0.352591 0.93446 -0.0496355 -0.0838414 0.315693 0.168715 0.933741 -0.0170696
260 0.907388 0.272402 -0.32007 0.120132 -0.304936 0.950765 -0.0553164 -0.0823095 0.289243 0.147794 0.945778 -0.0219915
261 0.91871 0.253776 -0.302606 0.120217 -0.283416 0.957263 -0.0576548 -0.0825675 0.275042 0.138731 0.95137 -0.0241529
262 0.929828 0.235718 -0.282589 0.116135 -0.263307 0.962625 -0.0634223 -0.0793865 0.257077 0.133379 0.957142 -0.0268234
263 0.938081 0.21934 -0.26813 0.114197 -0.244298 0.967642 -0.0631386 -0.0749335 0.245605 0.124733 0.961311 -0.0300472
264 0.944083 0.20001 -0.262114 0.113729 -0.219888 0.974318 -0.0485259 -0.0771154 0.245677 0.103448 0.963816 -0.0254461
265 0.949989 0.186287 -0.250636 0.107519 -0.203828 0.977939 -0.0457112 -0.0794138 0.236591 0.0945119 0.967002 -0.0296605
266 0.954526 0.170927 -0.244264 0.110499 -0.18756 0.981158 -0.0463642 -0.0777875 0.231737 0.0900701 0.9686 -0.0310211
267 0.959909 0.157051 -0.232183 0.109619 -0.171771 0.984133 -0.0444701 -0.077988 0.221515 0.0825695 0.971655 -0.030594
268 0.965947 0.144107 -0.214893 0.100369 -0.157089 0.986581 -0.0445158 -0.0772055 0.205594 0.0767573 0.975622 -0.0328821
269 0.969472 0.133374 -0.205756 0.0985074 -0.145251 0.98843 -0.0436716 -0.076292 0.197551 0.0722248 0.977628 -0.0326317
270 0.973219 0.119142 -0.196596 0.0988167 -0.129646 0.990695 -0.0414091 -0.0755524 0.189833 0.0657881 0.97961 -0.0301144
271 0.977381 0.10347 -0.184448 0.0951389 -0.112258 0.992959 -0.0378323 -0.0772794 0.179235 0.0576824 0.982114 -0.028788
272 0.980634 0.0867183 -0.175606 0.0928244 -0.0944934 0.99486 -0.0363928 -0.0772116 0.171548 0.0522816 0.983788 -0.0269013
273 0.983467 0.0695278 -0.16721 0.0932466 -0.0761192 0.996541 -0.0333314 -0.076449 0.164315 0.0455082 0.985358 -0.0247331
274 0.98667 0.056609 -0.152572 0.0897071 -0.0617303 0.99767 -0.0290376 -0.0791704 0.150573 0.0380689 0.987866 -0.0216371
275 0.989396 0.0483705 -0.136949 0.0875995 -0.0527309 0.998205 -0.0283906 -0.0802215 0.13533 0.035311 0.990171 -0.0198417
276 0.9919 0.0381323 -0.121166 0.0827235 -0.0417111 0.998761 -0.0271373 -0.0829694 0.119981 0.0319714 0.992261 -0.0154474
277 0.993851 0.0257518 -0.107687 0.0782836 -0.0289101 0.999193 -0.0278709 -0.0847825 0.106882 0.0308127 0.993794 -0.0130012
278 0.995382 0.0158804 -0.09467 0.0720087 -0.0186617 0.999418 -0.028566 -0.0877271 0.0941613 0.0302008 0.995099 -0.00906061
279 0.99634 0.00180235 -0.0854645 0.0703988 -0.00443909 0.99952 -0.0306719 -0.0890504 0.0853681 0.030939 0.995869 -0.00622166
280 0.997096 -0.0149127 -0.0746793 0.0707152 0.0126557 0.999451 -0.0306052 -0.0904426 0.0750947 0.0295712 0.996738 -0.00270224
281 0.997732 -0.0324461 -0.0589749 0.0691849 0.0307896 0.999111 -0.0287834 -0.0951559 0.0598564 0.0269023 0.997844 0.00294821
282 0.998 -0.047912 -0.0412351 0.0637274 0.0466162 0.998406 -0.031831 -0.0982835 0.0426944 0.0298452 0.998642 0.00840573
283 0.997911 -0.059261 -0.025724 0.0551784 0.0583937 0.99774 -0.0332478 -0.101425 0.0276361 0.0316762 0.999116 0.01584
284 0.997581 -0.0674709 -0.0167121 0.0480075 0.0668521 0.997143 -0.0351699 -0.104999 0.0190373 0.0339676 0.999242 0.0215505
285 0.997003 -0.0761608 -0.0135865 0.0471671 0.0756165 0.996455 -0.0368704 -0.108162 0.0163464 0.0357325 0.999228 0.0279029
286 0.996523 -0.0830388 -0.00685543 0.0458274 0.0827073 0.995796 -0.0393787 -0.110764 0.0100966 0.0386748 0.999201 0.0333525
287 0.995725 -0.0923285 0.00254535 0.0435669 0.0923554 0.99489 -0.0407852 -0.115156 0.00123329 0.040846 0.999165 0.0412821
288 0.994683 -0.102092 0.0135557 0.0401534 0.102611 0.993669 -0.045752 -0.11777 -0.00879892 0.0468997 0.998861 0.0487882
289 0.993395 -0.111647 0.0264724 0.0347858 0.112843 0.9924 -0.0490696 -0.118891 -0.0207927 0.0517328 0.998444 0.0557911
290 0.99263 -0.11615 0.034579 0.0271577 0.117699 0.991948 -0.0467574 -0.120488 -0.0288697 0.0504827 0.998308 0.0621472
291 0.992083 -0.120885 0.034032 0.0245296 0.122173 0.991754 -0.0386999 -0.124804 -0.0290731 0.0425513 0.998671 0.0698391
292 0.991095 -0.128859 0.0335516 0.0254559 0.129956 0.990975 -0.0328552 -0.132125 -0.0290151 0.0369228 0.998897 0.0782164
293 0.99019 -0.134154 0.0390689 0.022679 0.135519 0.990168 -0.0346716 -0.134849 -0.0340335 0.039626 0.998635 0.085619
294 0.989181 -0.139642 0.0449501 0.0212902 0.141347 0.989258 -0.0372893 -0.137704 -0.0392601 0.0432394 0.998293 0.0917223
295 0.987963 -0.145442 0.0526923 0.018732 0.147536 0.988315 -0.0382948 -0.139945 -0.046507 0.0456078 0.997876 0.0977377
296 0.986346 -0.153473 0.0597276 0.0159521 0.155849 0.987074 -0.0373687 -0.14291 -0.0532205 0.0461669 0.997515 0.103989
297 0.984348 -0.163553 0.0656506 0.0141757 0.166097 0.985476 -0.0353405 -0.147467 -0.058917 0.0456917 0.997217 0.110772
298 0.981791 -0.17428 0.0755843 0.00864434 0.177396 0.983457 -0.036637 -0.149818 -0.0679489 0.0493783 0.996466 0.117395
299 0.980191 -0.178947 0.084869 0.00633546 0.182556 0.982507 -0.0367887 -0.150301 -0.0768012 0.0515533 0.995713 0.123402
300 0.97835 -0.183926 0.094886 -0.000273267 0.187694 0.981694 -0.0323689 -0.152255 -0.0871955 0.0494777 0.994962 0.130596
301 0.977369 -0.187392 0.0981546 -0.0062589 0.190675 0.981332 -0.0251244 -0.155321 -0.0916141 0.0432714 0.994854 0.137281
302 0.975993 -0.193264 0.100437 -0.0123526 0.195919 0.980469 -0.0171915 -0.158901 -0.0951528 0.0364563 0.994795 0.142172
303 0.974751 -0.198824 0.101636 -0.0145764 0.200966 0.979534 -0.0111816 -0.163362 -0.0973332 0.0313247 0.994759 0.149807
304 0.973823 -0.202305 0.103644 -0.0187326 0.204198 0.978898 -0.00788256 -0.164783 -0.0998622 0.0288401 0.994583 0.156781
305 0.972928 -0.206746 0.103282 -0.0221806 0.207999 0.978128 -0.00139192 -0.168087 -0.100735 0.0228368 0.994651 0.164617
306 0.971476 -0.213817 0.102554 -0.0254877 0.214583 0.976699 0.00363087 -0.171862 -0.100941 0.0184791 0.994721 0.172419
307 0.96963 -0.220132 0.10658 -0.0338232 0.220531 0.975346 0.00816785 -0.175259 -0.10575 0.0155844 0.994271 0.17794
308 0.968516 -0.224384 0.107836 -0.0353031 0.224357 0.974426 0.0125334 -0.177769 -0.10789 0.012055 0.99409 0.185201
309 0.966711 -0.229432 0.113273 -0.039056 0.228931 0.973284 0.0175857 -0.181367 -0.114282 0.00893147 0.993408 0.192382
310 0.964906 -0.234369 0.118438 -0.0438707 0.23348 0.972123 0.0215237 -0.184204 -0.12018 0.00688437 0.992728 0.199752
311 0.962834 -0.241091 0.121764 -0.0469982 0.239749 0.970493 0.0257798 -0.187296 -0.124386 0.00437107 0.992224 0.206863
312 0.959317 -0.25032 0.13058 -0.0529418 0.248446 0.968159 0.03072 -0.191928 -0.134112 0.00297201 0.990962 0.211546
313 0.955934 -0.257875 0.140323 -0.0562721 0.255564 0.966174 0.034564 -0.195669 -0.144489 0.00282055 0.989502 0.218953
314 0.952635 -0.264141 0.150722 -0.0611901 0.261602 0.964474 0.0367942 -0.199765 -0.155086 0.00437774 0.987891 0.226001
315 0.950408 -0.26682 0.159786 -0.0673224 0.26414 0.963728 0.0381818 -0.199527 -0.164178 0.00591766 0.986413 0.2317
316 0.947976 -0.270089 0.168502 -0.076427 0.265435 0.962832 0.0499954 -0.20406 -0.175742 -0.00266836 0.984433 0.239193
317 0.94706 -0.271882 0.170755 -0.0801294 0.265226 0.962248 0.0611 -0.211401 -0.180921 -0.0125766 0.983417 0.247637
318 0.94519 -0.277131 0.172667 -0.0827806 0.269633 0.960703 0.0659418 -0.219414 -0.184157 -0.0157708 0.98277 0.253932
319 0.942561 -0.282767 0.177825 -0.0858809 0.276487 0.959162 0.0596852 -0.222746 -0.18744 -0.00709076 0.982251 0.263271
320 0.942254 -0.280037 0.183678 -0.0899996 0.274591 0.959988 0.0549749 -0.223815 -0.191723 -0.0013641 0.981448 0.269538
321 0.941997 -0.277385 0.188942 -0.0945073 0.272331 0.960757 0.0527385 -0.22684 -0.196156 0.00177518 0.980571 0.275562
322 0.940283 -0.280102 0.19342 -0.09975 0.275529 0.959954 0.050714 -0.229648 -0.199879 0.00560742 0.979804 0.282487
323 0.939259 -0.284036 0.192655 -0.101875 0.280052 0.958774 0.0481921 -0.234345 -0.198401 0.00868859 0.980082 0.28858
324 0.939094 -0.285998 0.190545 -0.102131 0.283388 0.958111 0.0414105 -0.235602 -0.194407 0.0151098 0.980805 0.292909
325 0.938574 -0.285556 0.193745 -0.101602 0.283589 0.958176 0.038423 -0.235381 -0.196614 0.0188812 0.980299 0.295766
326 0.935695 -0.287292 0.20479 -0.105606 0.285177 0.957622 0.0404261 -0.23743 -0.207726 0.0205749 0.977971 0.301888
327 0.933479 -0.288969 0.212402 -0.109107 0.286547 0.95711 0.0427971 -0.238762 -0.215659 0.0209129 0.976245 0.309942
328 0.93292 -0.288865 0.214984 -0.10876 0.28545 0.957217 0.0474674 -0.242956 -0.219498 0.0170838 0.975463 0.315364
329 0.930688 -0.291381 0.22117 -0.106549 0.288059 0.956415 0.0478725 -0.246151 -0.22548 0.0191558 0.974059 0.321599
330 0.927213 -0.292339 0.234124 -0.108285 0.289793 0.955983 0.0460042 -0.249876 -0.237268 0.0251919 0.971118 0.327848
331 0.924581 -0.291025 0.245873 -0.112871 0.289827 0.956162 0.0418867 -0.252425 -0.247285 0.0325329 0.968397 0.333252
332 0.923092 -0.291574 0.250772 -0.114428 0.29155 0.955796 0.0381138 -0.25339 -0.2508 0.0379299 0.967296 0.338792
333 0.921511 -0.292944 0.254955 -0.113907 0.293512 0.95525 0.0367137 -0.254874 -0.254301 0.0410003 0.966256 0.344248
334 0.919484 -0.293265 0.261812 -0.112621 0.293875 0.955098 0.0377511 -0.257155 -0.261127 0.0422285 0.96438 0.348323
335 0.915616 -0.296173 0.271899 -0.111465 0.297048 0.954068 0.0389385 -0.260407 -0.270943 0.0451142 0.961538 0.353683
336 0.911418 -0.297952 0.2838 -0.11193 0.299529 0.953294 0.0388975 -0.263153 -0.282135 0.0495546 0.958094 0.359696
337 0.907812 -0.299328 0.293735 -0.112642 0.301679 0.952635 0.0384115 -0.265583 -0.29132 0.0537434 0.955115 0.366122
338 0.905261 -0.299862 0.300973 -0.111533 0.302778 0.9523 0.0380952 -0.268517 -0.29804 0.0566419 0.952871 0.373267
339 0.901897 -0.301667 0.309158 -0.109545 0.305502 0.951465 0.0371818 -0.272159 -0.305369 0.060914 0.950284 0.37857
340 0.897512 -0.303611 0.319834 -0.108807 0.30923 0.950365 0.0344043 -0.275684 -0.314404 0.0680238 0.946849 0.38498
341 0.894157 -0.303069 0.329594 -0.109075 0.310933 0.949959 0.0299766 -0.279143 -0.322185 0.0756777 0.943647 0.390754
342 0.892107 -0.302592 0.335533 -0.107924 0.312744 0.949514 0.0247774 -0.284097 -0.326091 0.082832 0.941702 0.398971
343 0.890637 -0.30165 0.340254 -0.106087 0.315828 0.948708 0.0143697 -0.287747 -0.327136 0.0946637 0.940224 0.403277
344 0.889374 -0.299464 0.345449 -0.103522 0.317584 0.94822 0.00436116 -0.288384 -0.328868 0.105831 0.938427 0.405374
345 0.88637 -0.29789 0.354415 -0.101374 0.318332 0.947979 0.000657459 -0.290182 -0.336174 0.112239 0.935088 0.40787
346 0.88252 -0.295787 0.365606 -0.100972 0.317727 0.948182 0.000163045 -0.291542 -0.346709 0.116019 0.93077 0.413755
347 0.879601 -0.296805 0.371764 -0.0971584 0.319071 0.947729 0.00170992 -0.295414 -0.352839 0.117115 0.928326 0.419738
348 0.875923 -0.29998 0.37785 -0.0947333 0.323875 0.9461 0.00032016 -0.299328 -0.35758 0.122096 0.925867 0.425185
349 0.873716 -0.298621 0.383988 -0.0918035 0.324324 0.945943 -0.00231367 -0.301678 -0.36254 0.126558 0.923335 0.429016
350 0.870554 -0.29648 0.392728 -0.0899815 0.323641 0.946175 -0.0031185 -0.303795 -0.370665 0.129817 0.91965 0.432539
351 0.86542 -0.297579 0.403106 -0.0889595 0.325712 0.945468 -0.00130574 -0.306186 -0.380735 0.132426 0.915152 0.437934
352 0.860242 -0.299855 0.412397 -0.0870739 0.328971 0.94434 0.000413346 -0.308253 -0.389567 0.135311 0.911004 0.442653
353 0.855885 -0.301169 0.420425 -0.0853942 0.330336 0.943856 0.00364111 -0.310307 -0.397918 0.135765 0.90732 0.446805
