11 0.999884 0.0149306 -0.00308968 -0.0274574 -0.0148978 0.999835 0.0103872 0.000137389 0.00324426 -0.01034 0.999941 0.00738587
12 0.999882 0.0153118 -0.00112461 -0.0318662 -0.0152976 0.999814 0.0117341 -0.000101776 0.00130407 -0.0117155 0.999931 0.0100978
13 0.999862 0.0165837 -0.00042053 -0.0360655 -0.0165776 0.999794 0.011669 -0.000570505 0.000613958 -0.0116604 0.999932 0.0107637
14 0.999836 0.0180922 0.00123711 -0.0405047 -0.0181053 0.99977 0.0115273 -0.000368806 -0.00102827 -0.0115478 0.999933 0.0110345
15 0.999807 0.0192999 0.00363502 -0.0452019 -0.0193453 0.99973 0.0129044 -0.000463661 -0.00338498 -0.0129722 0.99991 0.0115317
16 0.999744 0.0216116 0.00676492 -0.0503414 -0.0217149 0.999643 0.0155965 -0.00119064 -0.00642544 -0.0157394 0.999855 0.0125977
17 0.999592 0.0260527 0.0117153 -0.0576596 -0.0262701 0.999478 0.0187986 -0.00390935 -0.0112194 -0.0190986 0.999755 0.0125017
18 0.999484 0.0288291 0.0141574 -0.0634725 -0.0290948 0.999397 0.0189347 -0.00529869 -0.013603 -0.0193369 0.99972 0.0132634
19 0.999381 0.0303654 0.0177784 -0.0690396 -0.0307012 0.999349 0.018928 -0.00679423 -0.0171921 -0.0194621 0.999663 0.0139269
20 0.999175 0.0332784 0.0232797 -0.0764163 -0.0337047 0.999267 0.0181679 -0.00890089 -0.022658 -0.0189376 0.999564 0.0154694
21 0.998971 0.0364065 0.0270604 -0.083256 -0.0368429 0.999196 0.015807 -0.0104252 -0.0264631 -0.0167878 0.999509 0.0159018
22 0.998852 0.0361794 0.0313812 -0.0891682 -0.0366468 0.999224 0.0144476 -0.0112079 -0.0308341 -0.015581 0.999403 0.0158807
23 0.998853 0.0361695 0.0313772 -0.0891633 -0.036637 0.999224 0.0144536 -0.0112122 -0.03083 -0.0155866 0.999403 0.0158769
24 0.998682 0.0342424 0.0382336 -0.0968104 -0.0348464 0.999276 0.0152444 -0.0125113 -0.0376839 -0.0165566 0.999153 0.017042
25 0.99848 0.0326282 0.044429 -0.105391 -0.0333455 0.999324 0.0155019 -0.0138923 -0.0438932 -0.0169598 0.998892 0.0187678
26 0.998134 0.0312746 0.0524462 -0.116989 -0.0320908 0.999375 0.0147939 -0.0143166 -0.0519508 -0.0164493 0.998514 0.020689
27 0.998059 0.0298602 0.054655 -0.125119 -0.0307606 0.999403 0.0157082 -0.015257 -0.0541534 -0.017359 0.998382 0.0218711
28 0.99806 0.0298556 0.0546396 -0.125116 -0.0307564 0.999403 0.0157201 -0.0152721 -0.0541376 -0.0173701 0.998382 0.0218324
29 0.998033 0.0260635 0.0570113 -0.132496 -0.0271402 0.999466 0.0181933 -0.0186466 -0.0565066 -0.0197048 0.998208 0.0224789
30 0.997577 0.0218029 0.0660674 -0.143737 -0.022946 0.999599 0.0165919 -0.019992 -0.0656791 -0.0180677 0.997677 0.0242051
31 0.99739 0.0207192 0.069168 -0.153098 -0.0217343 0.999666 0.0139556 -0.0218288 -0.0688558 -0.0154225 0.997507 0.025887
32 0.997354 0.0180972 0.0704117 -0.160834 -0.0188428 0.999773 0.00993937 -0.0231202 -0.0702158 -0.0112398 0.997468 0.0253205
33 0.997144 0.0150978 0.0739963 -0.168477 -0.0156682 0.999852 0.00713445 -0.0232456 -0.0738776 -0.00827346 0.997233 0.0238921
34 0.996882 0.0129798 0.0778382 -0.177495 -0.013577 0.999882 0.00714856 -0.0228893 -0.0777362 -0.00818308 0.99694 0.0242452
35 0.996879 0.0130177 0.0778655 -0.177524 -0.0136218 0.999881 0.00723215 -0.022959 -0.0777621 -0.00827024 0.996938 0.0242014
36 0.996791 0.00819488 0.079622 -0.186627 -0.00895701 0.999917 0.00921939 -0.0232502 -0.0795399 -0.00990299 0.996782 0.0250772
37 0.996939 0.00281764 0.0781326 -0.193922 -0.00372754 0.999927 0.0115022 -0.0251085 -0.0780944 -0.0117582 0.996877 0.0239571
38 0.997037 0.000523303 0.0769275 -0.201511 -0.00141475 0.999932 0.0115341 -0.0259391 -0.0769162 -0.0116088 0.99697 0.0236703
39 0.997158 -4.70074e-05 0.0753335 -0.20913 -0.000834698 0.999932 0.0116725 -0.0273499 -0.0753289 -0.0117022 0.99709 0.0235587
40 0.997224 0.00153001 0.0744479 -0.216687 -0.00224165 0.999953 0.00947627 -0.0294921 -0.0744299 -0.00961685 0.99718 0.0227341
41 0.997274 0.00202735 0.0737656 -0.216324 -0.00272612 0.999952 0.00937337 -0.0294777 -0.0737431 -0.00954891 0.997232 0.0227851
42 0.997337 0.00677532 0.0726202 -0.223366 -0.0070545 0.999969 0.00358857 -0.0288919 -0.0725936 -0.00409131 0.997353 0.0213662
43 0.997404 0.0127291 0.0708797 -0.230404 -0.0127535 0.999919 -0.000108693 -0.0278587 -0.0708754 -0.000795552 0.997485 0.0202723
44 0.997456 0.018334 0.0688858 -0.23866 -0.0182431 0.999832 -0.00194823 -0.0278913 -0.0689099 0.000686586 0.997623 0.0199668
45 0.997731 0.0232007 0.0631952 -0.245803 -0.0229506 0.999726 -0.00468017 -0.0271286 -0.0632864 0.00321918 0.99799 0.0188502
46 0.998018 0.0277244 0.0564921 -0.250732 -0.0274439 0.999607 -0.00573545 -0.0251215 -0.0566289 0.00417372 0.998387 0.0168119
47 0.998083 0.0278018 0.0552963 -0.249742 -0.027551 0.999606 -0.00529176 -0.0254948 -0.0554217 0.00375814 0.998456 0.0151772
48 0.998066 0.0329161 0.0527257 -0.256278 -0.0328496 0.999458 -0.00212787 -0.0254937 -0.0527671 0.000391742 0.998607 0.0146689
49 0.998011 0.0376312 0.0505779 -0.265178 -0.0376938 0.999289 0.0002836 -0.0280211 -0.0505313 -0.00218951 0.99872 0.0129303
50 0.998143 0.0419979 0.0441157 -0.272349 -0.0419002 0.999117 -0.00313725 -0.0277968 -0.0442085 0.00128296 0.999022 0.0126036
51 0.998282 0.0455716 0.0368371 -0.279397 -0.0453452 0.998947 -0.00695867 -0.0277702 -0.0371154 0.00527633 0.999297 0.0114262
52 0.998246 0.051861 0.0285559 -0.28707 -0.0515526 0.998605 -0.0114326 -0.0276696 -0.029109 0.00994037 0.999527 0.0104766
53 0.998256 0.0519728 0.0279957 -0.286515 -0.0516654 0.998597 -0.0115966 -0.0275392 -0.0285592 0.01013 0.999541 0.0104814
54 0.998084 0.0594141 0.0172973 -0.292248 -0.0591179 0.998103 -0.0171622 -0.0263781 -0.0182842 0.0161067 0.999703 0.00785416
55 0.997954 0.0634398 0.00794567 -0.294108 -0.0632792 0.997814 -0.0190512 -0.0247774 -0.0091369 0.0185094 0.999787 0.00213877
56 0.997865 0.0645862 0.00966583 -0.300746 -0.0644194 0.997784 -0.0166797 -0.0242906 -0.0107217 0.0160215 0.999814 -0.00109695
57 0.997843 0.0646285 0.0114805 -0.310276 -0.0644336 0.997784 -0.01661 -0.0236424 -0.0125286 0.0158344 0.999796 0.000498249
58 0.997844 0.0646226 0.0114628 -0.310266 -0.0644292 0.997786 -0.0165057 -0.0237445 -0.0125041 0.0157316 0.999798 0.000359746
59 0.998025 0.0624541 0.00680546 -0.317945 -0.0623031 0.997847 -0.0205017 -0.0236085 -0.00807122 0.0200372 0.999767 -0.00157565
60 0.998161 0.0606249 0.000478222 -0.323806 -0.0605899 0.997798 -0.026987 -0.0211333 -0.00211325 0.0269084 0.999636 -0.0045288
61 0.998255 0.0589565 -0.0033683 -0.329852 -0.0590324 0.997782 -0.0307749 -0.0193323 0.00154645 0.0309201 0.999521 -0.00772485
62 0.998254 0.0589653 -0.00336288 -0.329857 -0.059041 0.997781 -0.0307701 -0.0193345 0.00154105 0.0309149 0.999521 -0.00772504
63 0.998354 0.0571788 -0.00445436 -0.338905 -0.0572958 0.997801 -0.0333278 -0.0192767 0.00253892 0.0335282 0.999435 -0.00988137
64 0.998415 0.0554938 -0.00938014 -0.347493 -0.0558206 0.997672 -0.0391756 -0.0180817 0.0071843 0.0396371 0.999188 -0.0127677
65 0.998492 0.0520574 -0.0174089 -0.351248 -0.052794 0.997594 -0.044938 -0.0140131 0.0150277 0.0457894 0.998838 -0.0181099
66 0.998765 0.0465223 -0.0174667 -0.357741 -0.0472514 0.997916 -0.0439523 -0.0117308 0.0153855 0.0447233 0.998881 -0.0211435
67 0.998764 0.0465378 -0.0174509 -0.357749 -0.0472665 0.997914 -0.0439697 -0.0117058 0.0153683 0.0447402 0.99888 -0.021117
68 0.998889 0.0446927 -0.01492 -0.36816 -0.0452793 0.998107 -0.0416117 -0.0129792 0.013032 0.042241 0.999022 -0.022735
69 0.998775 0.0459725 -0.0182954 -0.377655 -0.046747 0.997918 -0.0444325 -0.0116223 0.0162147 0.0452333 0.998845 -0.0248905
70 0.998717 0.0440069 -0.0250503 -0.385804 -0.0451335 0.997905 -0.0463453 -0.00962918 0.0229583 0.0474164 0.998611 -0.0274712
71 0.998618 0.0423477 -0.0311139 -0.395007 -0.0437436 0.998 -0.0456451 -0.00837596 0.0291187 0.0469431 0.998473 -0.0285698
72 0.998619 0.0423583 -0.0310813 -0.395053 -0.0437546 0.997996 -0.0457114 -0.0083111 0.0290827 0.0470083 0.998471 -0.0285096
73 0.998232 0.0446469 -0.0392435 -0.404986 -0.046302 0.99803 -0.0423297 -0.00953022 0.0372763 0.0440719 0.998333 -0.02842
74 0.997543 0.0468932 -0.0520414 -0.414238 -0.0490699 0.997938 -0.0413676 -0.0107816 0.0499943 0.0438197 0.997788 -0.0297748
75 0.996639 0.0469405 -0.0671367 -0.418848 -0.0498388 0.997867 -0.0421673 -0.0109821 0.0650141 0.0453716 0.996852 -0.0318683
76 0.996643 0.0469545 -0.0670737 -0.41894 -0.0498541 0.997863 -0.0422308 -0.0109168 0.0649474 0.0454329 0.996854 -0.0317964
77 0.995919 0.0499735 -0.0751486 -0.426379 -0.0532383 0.997695 -0.0420865 -0.0129643 0.0728721 0.0459156 0.996284 -0.0330051
78 0.995132 0.0542192 -0.0822954 -0.43701 -0.0580618 0.997297 -0.0450389 -0.0142165 0.079631 0.0495978 0.99559 -0.0316557
79 0.993475 0.0605912 -0.0966249 -0.445672 -0.0657065 0.996552 -0.0506643 -0.0137729 0.0932219 0.0566826 0.994031 -0.032312
80 0.991445 0.0662342 -0.112471 -0.45174 -0.0726495 0.995898 -0.0539283 -0.0123471 0.108438 0.0616379 0.99219 -0.0327258
81 0.99126 0.0664104 -0.113991 -0.449701 -0.0729627 0.995855 -0.0543015 -0.0119803 0.109912 0.062144 0.991997 -0.0326085
82 0.989447 0.0707651 -0.12644 -0.456959 -0.0780817 0.99549 -0.053874 -0.0118992 0.122057 0.0631781 0.99051 -0.0325007
83 0.987541 0.0740106 -0.13887 -0.464006 -0.0821217 0.995179 -0.0536088 -0.0125471 0.134233 0.0643451 0.988859 -0.0299956
84 0.984999 0.0802125 -0.152782 -0.472263 -0.0892768 0.994574 -0.0534115 -0.0123966 0.147669 0.0662502 0.986815 -0.0290506
85 0.981697 0.0887698 -0.168497 -0.475931 -0.0985492 0.993846 -0.0505759 -0.0128198 0.162971 0.0662555 0.984404 -0.0283026
86 0.979342 0.0961814 -0.177871 -0.484413 -0.106288 0.993168 -0.048168 -0.0144261 0.172022 0.0660784 0.982874 -0.0260963
87 0.97932 0.0960922 -0.178039 -0.484223 -0.106216 0.993174 -0.0482106 -0.0143959 0.172191 0.0661241 0.982842 -0.0261294
88 0.976597 0.103347 -0.18862 -0.493157 -0.114186 0.992323 -0.0475065 -0.0147389 0.182262 0.0679325 0.9809 -0.0227665
89 0.972639 0.112466 -0.203285 -0.500059 -0.124225 0.991187 -0.0460013 -0.014621 0.19632 0.0699958 0.978038 -0.0201465
90 0.968606 0.121016 -0.217156 -0.509049 -0.133626 0.990041 -0.0442994 -0.0157735 0.209633 0.0719264 0.975131 -0.016047
91 0.964635 0.125362 -0.231869 -0.517421 -0.138981 0.989348 -0.0432962 -0.0169477 0.223972 0.0739905 0.971783 -0.0127074
92 0.961088 0.124538 -0.246578 -0.523932 -0.139346 0.989289 -0.043472 -0.0178415 0.238523 0.07614 0.968147 -0.0088494
93 0.958515 0.121287 -0.257952 -0.531774 -0.137235 0.98953 -0.0446776 -0.0199103 0.249832 0.0782241 0.965124 -0.00439227
94 0.956073 0.122133 -0.266474 -0.53938 -0.139486 0.989102 -0.0471228 -0.0216695 0.257815 0.0822222 0.962689 0.00033298
95 0.95382 0.124918 -0.273171 -0.546429 -0.144069 0.988246 -0.051124 -0.0213952 0.263574 0.0881185 0.960606 0.00500141
96 0.95303 0.121403 -0.277479 -0.556039 -0.141928 0.988345 -0.0550448 -0.0216956 0.267563 0.0918416 0.959153 0.00872917
97 0.95186 0.112558 -0.28512 -0.564929 -0.134505 0.989183 -0.0585357 -0.0233392 0.275447 0.0940678 0.956703 0.0144246
98 0.950658 0.105521 -0.291745 -0.574798 -0.129324 0.989568 -0.0634885 -0.0251879 0.282002 0.0980856 0.954387 0.0185462
99 0.948777 0.0974519 -0.300542 -0.583456 -0.124068 0.989749 -0.0707377 -0.0263952 0.290568 0.104402 0.951142 0.0232393
100 0.946144 0.0913998 -0.310576 -0.590546 -0.12116 0.989573 -0.0778797 -0.0265813 0.300219 0.111315 0.947353 0.0268688
101 0.944647 0.0893519 -0.315686 -0.600502 -0.120387 0.989484 -0.0801791 -0.0286823 0.305202 0.113746 0.94547 0.0294755
102 0.941673 0.0924384 -0.323586 -0.608665 -0.12561 0.988591 -0.0831314 -0.0305028 0.312209 0.118928 0.94254 0.0334438
103 0.938568 0.0950699 -0.33174 -0.615953 -0.130445 0.987719 -0.0859975 -0.0311699 0.31949 0.123988 0.939443 0.0369569
104 0.935595 0.0979791 -0.339209 -0.623111 -0.13475 0.987093 -0.0865444 -0.0330438 0.326351 0.126679 0.936722 0.0404043
105 0.93286 0.10281 -0.345258 -0.630963 -0.14043 0.986374 -0.0857124 -0.0350512 0.331741 0.128442 0.934586 0.043332
106 0.929614 0.108612 -0.352167 -0.638436 -0.146876 0.985604 -0.0837368 -0.0366462 0.338002 0.129568 0.932184 0.0470236
107 0.92566 0.114335 -0.360668 -0.644354 -0.153287 0.984839 -0.0812106 -0.0384874 0.345915 0.130459 0.929152 0.0505519
108 0.921989 0.120511 -0.367985 -0.65064 -0.160232 0.983893 -0.0792471 -0.0405922 0.352508 0.132028 0.926449 0.0540944
109 0.91754 0.128574 -0.376284 -0.657695 -0.16946 0.982484 -0.077508 -0.0426051 0.359727 0.134882 0.923257 0.0568487
110 0.912195 0.137715 -0.38592 -0.664272 -0.179908 0.980801 -0.07525 -0.0441707 0.368147 0.138073 0.919458 0.0607963
111 0.90646 0.144775 -0.3967 -0.670138 -0.188427 0.97936 -0.07314 -0.0456183 0.377924 0.141048 0.91503 0.0645254
112 0.900657 0.150478 -0.407643 -0.675417 -0.195308 0.97821 -0.070422 -0.0466651 0.388163 0.143042 0.910422 0.0685685
113 0.90132 0.150314 -0.406237 -0.677436 -0.194511 0.978433 -0.0695266 -0.0475118 0.387025 0.141683 0.911119 0.0660465
114 0.895007 0.157403 -0.417356 -0.682886 -0.201983 0.977258 -0.0645794 -0.0487956 0.397699 0.142098 0.906446 0.0701267
115 0.889327 0.163393 -0.427083 -0.688777 -0.207857 0.976361 -0.0592907 -0.0512808 0.4073 0.141501 0.902266 0.0725259
116 0.884102 0.165645 -0.43695 -0.69619 -0.210906 0.975855 -0.0567961 -0.052238 0.416992 0.142369 0.897691 0.0781304
117 0.876671 0.170743 -0.449771 -0.701986 -0.217752 0.974481 -0.0544965 -0.0541047 0.428989 0.145714 0.89148 0.0828967
118 0.868994 0.1761 -0.462426 -0.704531 -0.22583 0.97267 -0.0539725 -0.0572903 0.440284 0.151332 0.885014 0.0861154
119 0.864027 0.179276 -0.470443 -0.709898 -0.230362 0.971671 -0.0528047 -0.059568 0.44765 0.153997 0.880849 0.0876379
120 0.858248 0.18385 -0.479175 -0.715322 -0.235732 0.970539 -0.0498421 -0.0612281 0.455895 0.155734 0.876303 0.0924978
121 0.852552 0.186743 -0.488141 -0.720313 -0.240432 0.969425 -0.0490593 -0.0634925 0.464055 0.15919 0.871385 0.0975152
122 0.846832 0.188488 -0.497341 -0.723709 -0.244859 0.968271 -0.0499597 -0.0651755 0.472144 0.164086 0.866115 0.101371
123 0.841259 0.192154 -0.505332 -0.726208 -0.25002 0.967025 -0.0485086 -0.0674297 0.479348 0.167151 0.86156 0.105346
124 0.83829 0.195695 -0.508893 -0.731673 -0.252947 0.966431 -0.0450346 -0.0711413 0.482998 0.166475 0.859651 0.107862
125 0.83477 0.196709 -0.514261 -0.737044 -0.255026 0.96591 -0.0445012 -0.0726025 0.487976 0.168298 0.856478 0.113706
126 0.829362 0.200069 -0.521661 -0.741756 -0.259778 0.96471 -0.0430182 -0.0741349 0.494645 0.171194 0.852068 0.118889
127 0.822831 0.205205 -0.529943 -0.745002 -0.264978 0.963492 -0.0383413 -0.0770438 0.502728 0.171972 0.847166 0.123602
128 0.818185 0.207021 -0.536391 -0.748207 -0.265849 0.963426 -0.033676 -0.0801791 0.509802 0.170152 0.843297 0.128355
129 0.817452 0.207743 -0.537229 -0.757645 -0.262874 0.964451 -0.0270442 -0.0859403 0.512513 0.163331 0.843003 0.131318
130 0.813992 0.208619 -0.542122 -0.762555 -0.262739 0.964585 -0.0233094 -0.0895977 0.51806 0.16141 0.839977 0.13713
131 0.811127 0.206592 -0.547167 -0.766809 -0.26112 0.965039 -0.022721 -0.0932492 0.523344 0.161306 0.836715 0.142674
132 0.808341 0.203788 -0.552318 -0.769871 -0.259973 0.96531 -0.0243128 -0.0965669 0.528203 0.163241 0.833279 0.147971
133 0.807741 0.201857 -0.553903 -0.775535 -0.256717 0.966231 -0.0222433 -0.101724 0.530708 0.160163 0.832284 0.151024
134 0.804606 0.201271 -0.558659 -0.779365 -0.254975 0.966762 -0.0189269 -0.104459 0.536281 0.157673 0.829182 0.156429
135 0.800604 0.204079 -0.563369 -0.782784 -0.256932 0.966312 -0.0150818 -0.109506 0.541312 0.156822 0.826068 0.161891
136 0.798815 0.202388 -0.566511 -0.785465 -0.256086 0.966525 -0.0158028 -0.113104 0.544348 0.157699 0.823903 0.166551
137 0.796862 0.199813 -0.570162 -0.78795 -0.254056 0.967054 -0.0161665 -0.11524 0.548148 0.157735 0.821373 0.170994
138 0.795061 0.205019 -0.570829 -0.792787 -0.25577 0.966695 -0.00904296 -0.123086 0.549964 0.153191 0.821019 0.172465
139 0.792809 0.213068 -0.571014 -0.79436 -0.26219 0.965008 -0.00394816 -0.128696 0.550192 0.152844 0.820931 0.175793
140 0.792866 0.217741 -0.569168 -0.796498 -0.2669 0.963719 -0.00311933 -0.131543 0.547839 0.154384 0.822215 0.17977
141 0.792968 0.218852 -0.5686 -0.799882 -0.266951 0.963709 -0.00136121 -0.133191 0.547667 0.152868 0.822613 0.184529
142 0.790917 0.223971 -0.569463 -0.801255 -0.268612 0.963231 0.00576987 -0.137487 0.549816 0.148401 0.821997 0.187912
143 0.790999 0.22993 -0.566968 -0.805598 -0.270782 0.962559 0.0125807 -0.143981 0.548632 0.143573 0.823644 0.192384
144 0.793222 0.229535 -0.564015 -0.809652 -0.271255 0.962454 0.0101979 -0.146937 0.545179 0.144903 0.825702 0.197573
145 0.794047 0.229291 -0.562951 -0.812363 -0.273807 0.961769 0.00552345 -0.148818 0.542695 0.149754 0.826472 0.201795
146 0.792277 0.231814 -0.564411 -0.814629 -0.276905 0.960879 0.00595383 -0.151263 0.543711 0.151571 0.825473 0.205907
147 0.791091 0.233965 -0.565187 -0.816149 -0.27745 0.960695 0.00934228 -0.155023 0.545158 0.149421 0.82491 0.209803
148 0.791745 0.234166 -0.564186 -0.819544 -0.276845 0.960859 0.0102978 -0.157551 0.544515 0.148039 0.825583 0.214329
149 0.790996 0.235201 -0.564806 -0.819635 -0.276905 0.960818 0.0123146 -0.160304 0.545573 0.146657 0.825132 0.218199
150 0.791528 0.237157 -0.56324 -0.821663 -0.275436 0.961158 0.0176286 -0.163484 0.545543 0.141183 0.826105 0.222644
151 0.793296 0.237225 -0.560719 -0.823932 -0.27221 0.961989 0.0218743 -0.166845 0.544595 0.13528 0.827717 0.227931
152 0.79559 0.238629 -0.55686 -0.826219 -0.272086 0.961986 0.0235054 -0.170044 0.541301 0.132813 0.830274 0.232602
153 0.797864 0.24082 -0.552647 -0.82854 -0.273011 0.961688 0.0249128 -0.172721 0.537473 0.131002 0.833043 0.237695
154 0.801641 0.243097 -0.546146 -0.833546 -0.273749 0.961446 0.0261395 -0.176068 0.531444 0.128553 0.837282 0.243324
155 0.805313 0.242381 -0.541039 -0.837092 -0.273798 0.961507 0.0232104 -0.179009 0.525838 0.129444 0.840677 0.248725
156 0.808839 0.240392 -0.536648 -0.839896 -0.273446 0.961706 0.0186581 -0.182372 0.520583 0.131653 0.8436 0.253417
157 0.812744 0.237384 -0.532067 -0.842087 -0.271352 0.962365 0.0148663 -0.185842 0.515572 0.132295 0.846572 0.257874
158 0.817321 0.230987 -0.527856 -0.845541 -0.265778 0.963979 0.0103076 -0.188649 0.511223 0.131868 0.849271 0.263109
159 0.819459 0.223003 -0.527974 -0.846126 -0.258747 0.965924 0.00638467 -0.19057 0.511407 0.13138 0.849237 0.266443
160 0.821427 0.219797 -0.526257 -0.846718 -0.253716 0.967246 0.00795961 -0.194546 0.510769 0.126982 0.850288 0.270542
161 0.825207 0.21612 -0.521848 -0.849863 -0.24762 0.968809 0.00966029 -0.197176 0.507658 0.121248 0.852984 0.276279
162 0.828791 0.213233 -0.517337 -0.854929 -0.242461 0.970094 0.0114165 -0.200371 0.5043 0.115972 0.855706 0.281614
163 0.829857 0.211561 -0.516314 -0.857423 -0.239123 0.970895 0.0134904 -0.204544 0.504141 0.112268 0.856293 0.286334
164 0.831835 0.208162 -0.514508 -0.860023 -0.236203 0.971639 0.0112264 -0.206199 0.502253 0.11219 0.857412 0.292036
165 0.835174 0.202412 -0.511385 -0.863318 -0.23132 0.97285 0.007282 -0.209599 0.498975 0.112212 0.859321 0.296924
166 0.837745 0.194563 -0.510223 -0.865714 -0.223758 0.974635 0.00426466 -0.212475 0.498111 0.110594 0.860031 0.301485
167 0.839047 0.19205 -0.509035 -0.866434 -0.220643 0.975345 0.0042931 -0.216852 0.497309 0.108713 0.860735 0.305797
168 0.842261 0.191751 -0.503813 -0.867722 -0.220215 0.975447 0.00310625 -0.220652 0.492039 0.108331 0.863807 0.310403
169 0.841247 0.190887 -0.505832 -0.865708 -0.220104 0.975474 0.00206296 -0.219573 0.49382 0.1096 0.86263 0.310598
170 0.846072 0.188417 -0.498659 -0.869787 -0.217939 0.975962 -0.00101177 -0.22171 0.486482 0.109533 0.866798 0.315036
171 0.847614 0.183179 -0.497992 -0.87024 -0.214211 0.976773 -0.00530794 -0.223457 0.485453 0.111174 0.867165 0.319509
172 0.850072 0.180025 -0.494943 -0.870521 -0.211357 0.97738 -0.00750599 -0.227685 0.482397 0.11099 0.868893 0.323559
173 0.854694 0.175354 -0.488619 -0.872419 -0.207059 0.978265 -0.0111122 -0.230091 0.476051 0.110671 0.872426 0.327801
174 0.858489 0.169733 -0.483929 -0.874695 -0.201758 0.979329 -0.0144284 -0.23239 0.471477 0.110023 0.874988 0.332079
175 0.860573 0.165721 -0.481613 -0.873658 -0.198067 0.980046 -0.0166873 -0.234554 0.469238 0.109752 0.876225 0.335115
176 0.863906 0.1635 -0.476375 -0.87419 -0.194958 0.980665 -0.0169768 -0.237175 0.464389 0.10754 0.879078 0.339446
177 0.867718 0.162159 -0.469862 -0.875416 -0.192332 0.98119 -0.0165609 -0.240017 0.458338 0.10474 0.882584 0.343805
178 0.872165 0.158816 -0.462716 -0.877246 -0.188391 0.981928 -0.018072 -0.242707 0.451484 0.102933 0.886322 0.348345
179 0.875478 0.154845 -0.457779 -0.877746 -0.185685 0.982344 -0.022831 -0.243062 0.446161 0.104991 0.888773 0.352285
180 0.878266 0.152087 -0.453342 -0.877392 -0.182172 0.982994 -0.0231495 -0.245258 0.442112 0.102918 0.891036 0.3562
181 0.88163 0.149448 -0.447653 -0.879166 -0.177696 0.98385 -0.0215065 -0.24743 0.43721 0.0985068 0.893949 0.36103
182 0.883931 0.148361 -0.443459 -0.880722 -0.176109 0.98413 -0.0217868 -0.250234 0.433189 0.0973551 0.89603 0.366192
183 0.886081 0.145788 -0.440007 -0.881206 -0.173846 0.984483 -0.0239005 -0.252635 0.429695 0.0976714 0.897676 0.371032
184 0.886301 0.145923 -0.43952 -0.881548 -0.174754 0.984279 -0.0256084 -0.250775 0.428873 0.0995046 0.897868 0.370454
185 0.888412 0.14301 -0.436202 -0.882076 -0.1719 0.984737 -0.027261 -0.252891 0.425645 0.0992022 0.899436 0.375331
186 0.890566 0.14005 -0.432756 -0.88245 -0.169067 0.985175 -0.0290944 -0.254162 0.422266 0.0990751 0.901042 0.379671
187 0.892678 0.136371 -0.429568 -0.883153 -0.165152 0.985804 -0.0302452 -0.256584 0.419345 0.0979433 0.902528 0.384878
188 0.894997 0.131686 -0.426192 -0.883576 -0.16044 0.986523 -0.0321049 -0.259004 0.41622 0.0971121 0.904063 0.390034
189 0.89769 0.127998 -0.421628 -0.88422 -0.15709 0.98697 -0.034836 -0.261736 0.411675 0.0975054 0.9061 0.395324
190 0.900563 0.124512 -0.416512 -0.883877 -0.154547 0.987214 -0.039037 -0.264123 0.406326 0.0995262 0.908292 0.400265
191 0.903048 0.120959 -0.412158 -0.883146 -0.151026 0.987678 -0.0410397 -0.26611 0.402115 0.0993072 0.910188 0.405374
192 0.903047 0.120993 -0.412148 -0.883146 -0.15105 0.987675 -0.0410147 -0.266126 0.402106 0.0992934 0.910193 0.405365
193 0.906458 0.117513 -0.405616 -0.884639 -0.14731 0.988159 -0.0429193 -0.26905 0.39577 0.098656 0.913035 0.411294
194 0.909768 0.11143 -0.399881 -0.885891 -0.142695 0.988544 -0.0491791 -0.27142 0.38982 0.101803 0.915247 0.416607
195 0.911225 0.106826 -0.397815 -0.885738 -0.139873 0.988646 -0.0549062 -0.2741 0.387433 0.105676 0.915821 0.421492
196 0.912425 0.10235 -0.39624 -0.884648 -0.136085 0.989004 -0.0579018 -0.278377 0.385956 0.106753 0.91632 0.427522
197 0.915287 0.0962338 -0.391137 -0.884366 -0.130559 0.989496 -0.0620644 -0.28145 0.381056 0.107873 0.918237 0.432901
198 0.918148 0.0904605 -0.385773 -0.883903 -0.125466 0.989867 -0.0664958 -0.284254 0.375849 0.109454 0.920194 0.437593
199 0.918147 0.0904769 -0.385773 -0.883893 -0.125479 0.989866 -0.0664862 -0.284263 0.375848 0.109451 0.920195 0.437589
200 0.920536 0.0857821 -0.381124 -0.883832 -0.1211 0.990195 -0.069626 -0.287382 0.371415 0.110247 0.921898 0.443216
201 0.922221 0.080157 -0.378263 -0.88095 -0.114874 0.990905 -0.0700868 -0.29245 0.369204 0.108088 0.923041 0.449312
202 0.925611 0.0742653 -0.371119 -0.881025 -0.108927 0.991344 -0.0732952 -0.294399 0.362463 0.108268 0.925688 0.454103
203 0.928166 0.0703247 -0.365461 -0.882248 -0.105197 0.991514 -0.0763746 -0.296448 0.356988 0.109333 0.927688 0.458776
204 0.929514 0.0660004 -0.362832 -0.882096 -0.101943 0.991503 -0.0808023 -0.298535 0.354416 0.112095 0.928345 0.463078
205 0.931213 0.060864 -0.359359 -0.88157 -0.0971408 0.99174 -0.0837531 -0.299093 0.351293 0.1129 0.929434 0.467052
206 0.930535 0.0619323 -0.360928 -0.88028 -0.0979471 0.991779 -0.0823436 -0.300385 0.352861 0.111975 0.928951 0.46697
207 0.932702 0.0581014 -0.355937 -0.880644 -0.0930209 0.9923 -0.0817749 -0.302939 0.348445 0.109381 0.930925 0.471356
208 0.934481 0.0534729 -0.351974 -0.880515 -0.0890446 0.992338 -0.0856519 -0.305708 0.344697 0.111381 0.932083 0.47514
209 0.935612 0.0527247 -0.349072 -0.879102 -0.0891358 0.992029 -0.0890707 -0.307118 0.341593 0.11445 0.932853 0.478295
210 0.937495 0.0556275 -0.343525 -0.878256 -0.0912493 0.991896 -0.0884042 -0.308697 0.335823 0.114225 0.934973 0.481578
211 0.939937 0.0592609 -0.336164 -0.878559 -0.0934766 0.991855 -0.0865169 -0.3111 0.328299 0.112744 0.937821 0.48363
212 0.939882 0.0595735 -0.336263 -0.878354 -0.0936513 0.991881 -0.0860378 -0.311465 0.328408 0.112357 0.93783 0.483425
213 0.941806 0.0572982 -0.331236 -0.88008 -0.0904407 0.992224 -0.0855128 -0.312854 0.323761 0.110494 0.939665 0.487005
214 0.943181 0.053761 -0.327901 -0.879783 -0.0861689 0.992639 -0.0851101 -0.314447 0.320911 0.108529 0.940871 0.490137
215 0.944251 0.0541772 -0.324737 -0.879295 -0.0857902 0.992781 -0.083826 -0.316652 0.317851 0.107012 0.942082 0.493149
216 0.944217 0.0541942 -0.324835 -0.879209 -0.0857864 0.992789 -0.0837272 -0.316737 0.317955 0.106923 0.942057 0.493189
217 0.945443 0.0572371 -0.320719 -0.879614 -0.0884481 0.992567 -0.0835966 -0.317618 0.31355 0.107403 0.943478 0.496843
218 0.947257 0.0607261 -0.31467 -0.880723 -0.0908773 0.992477 -0.0820379 -0.318552 0.307321 0.106307 0.945649 0.500046
219 0.948392 0.0638243 -0.310611 -0.882204 -0.0926305 0.992571 -0.0788765 -0.319904 0.303269 0.103578 0.947259 0.503653
220 0.949048 0.0658502 -0.308174 -0.882604 -0.0933296 0.992785 -0.0752795 -0.322729 0.300994 0.100206 0.948347 0.507661
221 0.95032 0.0640977 -0.304602 -0.882531 -0.0901543 0.993304 -0.0722482 -0.325089 0.297932 0.0961202 0.949736 0.511595
222 0.950142 0.0642135 -0.305134 -0.881997 -0.0902121 0.993326 -0.0718681 -0.325405 0.298482 0.0958117 0.949594 0.511614
223 0.952071 0.0617629 -0.299577 -0.883766 -0.0865932 0.993759 -0.070317 -0.327073 0.293365 0.0928881 0.951477 0.515583
224 0.953102 0.0586154 -0.296919 -0.88252 -0.0830268 0.994067 -0.0702731 -0.329834 0.291038 0.0916297 0.952313 0.519546
225 0.955022 0.0543771 -0.291506 -0.882844 -0.0787379 0.994256 -0.0724916 -0.331462 0.28589 0.0921837 0.953818 0.523641
226 0.956515 0.0528463 -0.286856 -0.882815 -0.0768157 0.994373 -0.072951 -0.333169 0.281386 0.0918138 0.955192 0.527726
227 0.956563 0.0528433 -0.286696 -0.882953 -0.0768349 0.994362 -0.0730811 -0.333039 0.281217 0.0919349 0.95523 0.527644
228 0.958075 0.052538 -0.28166 -0.882724 -0.0760544 0.994412 -0.0732134 -0.334485 0.27624 0.0915654 0.956717 0.531577
229 0.960243 0.0508367 -0.274497 -0.88304 -0.0735043 0.994625 -0.0729285 -0.336432 0.269314 0.0902058 0.958819 0.535629
230 0.961922 0.0498492 -0.268738 -0.882196 -0.0710571 0.995029 -0.0697703 -0.340654 0.263924 0.0862094 0.960683 0.540199
231 0.961921 0.0498503 -0.268744 -0.882191 -0.0710577 0.995029 -0.0697666 -0.340657 0.26393 0.0862062 0.960682 0.540199
232 0.964061 0.0475428 -0.261392 -0.88342 -0.0678009 0.995308 -0.0690323 -0.341873 0.256883 0.084274 0.962761 0.544615
233 0.96618 0.0445783 -0.253988 -0.884335 -0.0633669 0.995787 -0.0662758 -0.345398 0.249964 0.0801287 0.964934 0.549334
234 0.968192 0.039571 -0.24706 -0.884272 -0.0576629 0.996124 -0.0664258 -0.349283 0.243474 0.0785591 0.966721 0.553877
235 0.968157 0.039491 -0.247208 -0.884164 -0.0576072 0.996123 -0.066482 -0.349256 0.243624 0.078606 0.966679 0.553955
236 0.97037 0.0346526 -0.239124 -0.885465 -0.0527476 0.996173 -0.0696906 -0.350244 0.235794 0.0802389 0.968485 0.558242
237 0.972297 0.0304024 -0.231764 -0.886363 -0.0480285 0.996334 -0.0707919 -0.352515 0.228762 0.079962 0.970193 0.562843
238 0.974117 0.0286605 -0.224218 -0.886957 -0.0457574 0.996395 -0.0714303 -0.356539 0.221363 0.0798411 0.971918 0.56683
239 0.974046 0.028733 -0.224519 -0.886677 -0.0457946 0.996413 -0.071157 -0.35675 0.221669 0.079592 0.971868 0.56681
240 0.975827 0.0268803 -0.216886 -0.887981 -0.0437876 0.996331 -0.0735291 -0.359018 0.214114 0.0812486 0.973424 0.570984
241 0.97754 0.0240009 -0.209377 -0.888847 -0.0406317 0.996318 -0.0754936 -0.36199 0.206794 0.0823054 0.974916 0.574796
242 0.977513 0.0240663 -0.209497 -0.888725 -0.0406659 0.996332 -0.0752917 -0.362149 0.206917 0.082118 0.974906 0.57476
243 0.979238 0.0215622 -0.201566 -0.890206 -0.0380204 0.996217 -0.0781399 -0.364841 0.199118 0.0841811 0.976353 0.578709
244 0.980773 0.0197883 -0.194144 -0.891656 -0.0363418 0.995963 -0.0820766 -0.366908 0.191736 0.0875541 0.977533 0.58259
245 0.982263 0.0157546 -0.186845 -0.893439 -0.0321668 0.99585 -0.0851354 -0.368634 0.184728 0.0896355 0.978694 0.586496
246 0.982238 0.0160622 -0.186949 -0.892793 -0.0325037 0.995832 -0.0852161 -0.36933 0.184801 0.0897791 0.978667 0.586297
247 0.983498 0.0106065 -0.180605 -0.894644 -0.0267905 0.995812 -0.0874078 -0.370694 0.178922 0.0908039 0.979664 0.590496
248 0.984464 0.00664775 -0.175462 -0.895389 -0.0224306 0.995857 -0.0881213 -0.371486 0.174149 0.0906879 0.980534 0.594595
249 0.984464 0.00665116 -0.175459 -0.895391 -0.0224327 0.995858 -0.0881149 -0.371491 0.174146 0.090682 0.980535 0.594594
250 0.985678 0.00525133 -0.168556 -0.896198 -0.0200292 0.996086 -0.0860933 -0.37421 0.167444 0.0882363 0.981925 0.599015
251 0.987199 0.00362436 -0.159451 -0.897858 -0.0174642 0.996187 -0.0854814 -0.376772 0.158533 0.0871719 0.983498 0.603617
252 0.987187 0.00364484 -0.159526 -0.897788 -0.0174757 0.996195 -0.0853833 -0.376852 0.158607 0.0870771 0.983494 0.60362
253 0.988547 0.00214963 -0.150896 -0.900213 -0.0151747 0.996247 -0.08522 -0.378537 0.150146 0.0865338 0.98487 0.607217
254 0.989544 0.000108532 -0.14423 -0.90183 -0.0123336 0.9964 -0.0838693 -0.380615 0.143702 0.0847712 0.985984 0.611394
255 0.989532 0.000116459 -0.144313 -0.901759 -0.0123423 0.996404 -0.0838255 -0.38065 0.143784 0.0847292 0.985975 0.611408
256 0.990622 -0.00309982 -0.136596 -0.903206 -0.00799512 0.996714 -0.0806012 -0.383783 0.136397 0.0809374 0.987342 0.615133
257 0.99145 -0.00663593 -0.130315 -0.904691 -0.00369023 0.996881 -0.0788392 -0.386302 0.130431 0.0786461 0.988333 0.61895
258 0.99143 -0.00671679 -0.130467 -0.904567 -0.00363386 0.996873 -0.0789359 -0.386249 0.130589 0.0787335 0.988305 0.618996
259 0.992027 -0.00897107 -0.125709 -0.906274 -0.000952125 0.996901 -0.0786563 -0.388053 0.126025 0.0781488 0.988944 0.622893
260 0.99262 -0.01108 -0.120755 -0.907751 0.00171978 0.997003 -0.0773438 -0.39022 0.12125 0.0765654 0.989665 0.62682
261 0.992638 -0.011071 -0.120611 -0.907871 0.00173045 0.997008 -0.0772748 -0.39028 0.121105 0.0764972 0.989688 0.626838
262 0.993297 -0.0132712 -0.114825 -0.909877 0.00448418 0.997064 -0.0764472 -0.392534 0.115502 0.0754199 0.99044 0.6307
263 0.993773 -0.0140714 -0.110536 -0.911117 0.00561884 0.997061 -0.0764118 -0.394783 0.111286 0.0753148 0.99093 0.63467
264 0.993765 -0.0140997 -0.110604 -0.91106 0.00564807 0.997064 -0.0763582 -0.394833 0.111356 0.0752574 0.990927 0.634664
265 0.99442 -0.0145648 -0.104479 -0.912867 0.00644146 0.996958 -0.0776707 -0.396545 0.105292 0.0765643 0.991489 0.638268
266 0.995032 -0.0187084 -0.097787 -0.914788 0.0110461 0.996867 -0.0783195 -0.398139 0.0989459 0.0768503 0.992121 0.641401
267 0.995501 -0.0221813 -0.0921165 -0.916562 0.0149968 0.996843 -0.0779659 -0.400354 0.0935551 0.0762337 0.992691 0.644871
268 0.995502 -0.0221549 -0.092113 -0.916562 0.0149735 0.996846 -0.077936 -0.400379 0.0935492 0.0762062 0.992694 0.644866
269 0.996008 -0.0232478 -0.0861836 -0.917678 0.0164366 0.996746 -0.0789145 -0.401519 0.0877377 0.0771829 0.993149 0.648374
270 0.996566 -0.0238639 -0.0792865 -0.9188 0.0176635 0.996797 -0.0780024 -0.40344 0.080894 0.0763341 0.993795 0.651389
271 0.996566 -0.023864 -0.0792867 -0.9188 0.0176636 0.996797 -0.0780028 -0.40344 0.0808941 0.0763345 0.993795 0.651389
272 0.997089 -0.0252261 -0.0719474 -0.919211 0.0196652 0.996839 -0.0769788 -0.405296 0.0736618 0.0753399 0.994433 0.654298
273 0.997719 -0.028018 -0.061409 -0.920752 0.0232268 0.99673 -0.0773909 -0.405764 0.0633765 0.075788 0.995108 0.657263
274 0.997719 -0.027954 -0.0614496 -0.920711 0.0231716 0.996746 -0.0772061 -0.405891 0.0634078 0.075606 0.99512 0.657214
275 0.998053 -0.0314782 -0.0538364 -0.922313 0.0273795 0.996789 -0.0752453 -0.406876 0.0560321 0.0736248 0.995711 0.660588
276 0.998041 -0.0314216 -0.0541071 -0.922088 0.0273108 0.996801 -0.0751067 -0.406994 0.056294 0.0734819 0.995706 0.660537
277 0.998272 -0.0350857 -0.0471458 -0.922184 0.0315932 0.99684 -0.0728851 -0.408993 0.0495541 0.0712696 0.996225 0.663445
278 0.998579 -0.039184 -0.0361255 -0.923514 0.0365616 0.996835 -0.0705966 -0.411172 0.0387774 0.0691754 0.996851 0.666087
279 0.998574 -0.0392654 -0.0361739 -0.923487 0.0366393 0.996831 -0.0706018 -0.411149 0.0388315 0.0691757 0.996848 0.6661
280 0.998645 -0.0432309 -0.0289733 -0.92387 0.0411 0.996665 -0.0704939 -0.412015 0.0319242 0.0692076 0.997091 0.669053
281 0.998701 -0.0455559 -0.0228169 -0.924127 0.0438656 0.996597 -0.0697819 -0.413078 0.0259182 0.0686904 0.997301 0.67191
282 0.998701 -0.0455407 -0.0228547 -0.924096 0.043849 0.996601 -0.0697389 -0.413107 0.025953 0.0686461 0.997303 0.6719
283 0.998759 -0.0472024 -0.0158765 -0.924083 0.0460001 0.996551 -0.06907 -0.413741 0.019082 0.068254 0.997485 0.674539
284 0.9988 -0.0478059 -0.0106775 -0.923648 0.0469859 0.996643 -0.0670461 -0.414132 0.0138469 0.066464 0.997693 0.676903
285 0.998802 -0.0477549 -0.0106958 -0.92363 0.0469321 0.996637 -0.0671691 -0.414045 0.0138675 0.0665867 0.997684 0.676921
286 0.998863 -0.0473013 -0.00585963 -0.923711 0.0468352 0.996884 -0.0634793 -0.415044 0.00884403 0.0631327 0.997966 0.680029
287 0.998861 -0.0477184 0.00026578 -0.923429 0.0476492 0.997078 -0.0597122 -0.416213 0.00258437 0.0596568 0.998216 0.682818
288 0.998863 -0.0476632 0.000698248 -0.923749 0.0476196 0.997072 -0.0598253 -0.416131 0.00215526 0.0597905 0.998209 0.682876
289 0.998746 -0.0497061 0.00599743 -0.923157 0.0499655 0.997161 -0.0563376 -0.417232 -0.00318008 0.0565666 0.998394 0.68583
290 0.998664 -0.0506261 0.0103063 -0.922665 0.0510915 0.997366 -0.051477 -0.418839 -0.00767308 0.0519349 0.998621 0.687994
291 0.998665 -0.050625 0.0102946 -0.922656 0.0510898 0.997367 -0.0514699 -0.418844 -0.00766181 0.0519272 0.998621 0.687991
292 0.998476 -0.053098 0.0150399 -0.921551 0.0537633 0.997401 -0.0479582 -0.419494 -0.0124544 0.0486937 0.998736 0.690764
293 0.998274 -0.0548818 0.0208893 -0.920801 0.0557688 0.997449 -0.0445579 -0.419993 -0.0183906 0.0456459 0.998788 0.693879
294 0.99827 -0.054899 0.021064 -0.920929 0.0557933 0.997449 -0.0445226 -0.42002 -0.018566 0.0456208 0.998786 0.693917
295 0.998064 -0.0559945 0.027087 -0.920449 0.0570854 0.997513 -0.0413324 -0.421275 -0.0247052 0.0427986 0.998778 0.697042
296 0.99781 -0.0582373 0.0313551 -0.919172 0.0594602 0.997445 -0.0395961 -0.421291 -0.0289691 0.0413737 0.998724 0.69947
297 0.997802 -0.0582296 0.0316399 -0.919384 0.0594638 0.997446 -0.0395772 -0.421307 -0.0292545 0.0413716 0.998715 0.699459
298 0.997614 -0.0598833 0.0343633 -0.917408 0.0611231 0.997472 -0.0362378 -0.421821 -0.0321064 0.0382517 0.998752 0.701918
299 0.997366 -0.0593963 0.0416301 -0.917028 0.0607782 0.997614 -0.032752 -0.423648 -0.0395854 0.0351959 0.998596 0.705265
300 0.997367 -0.0593983 0.0416124 -0.917008 0.0607833 0.99761 -0.0328456 -0.423583 -0.039562 0.0352885 0.998594 0.705279
301 0.996886 -0.0607112 0.0503204 -0.916924 0.0624382 0.997487 -0.0334883 -0.423988 -0.0481608 0.0365259 0.998172 0.708462
302 0.997164 -0.0595394 0.0460291 -0.913628 0.0609614 0.997685 -0.030132 -0.426508 -0.0441285 0.0328525 0.998486 0.707721
303 0.996787 -0.0628086 0.0497165 -0.911556 0.0643991 0.997441 -0.0310627 -0.426483 -0.0476383 0.0341646 0.99828 0.709733
304 0.996476 -0.0659676 0.051799 -0.90779 0.0674884 0.997322 -0.0281798 -0.427661 -0.0498013 0.0315763 0.99826 0.709928
305 0.995813 -0.070976 0.0576125 -0.906001 0.0725595 0.997028 -0.0258726 -0.42842 -0.0556049 0.0299446 0.998004 0.71249
306 0.995815 -0.0709606 0.0575929 -0.905985 0.0725381 0.997032 -0.0257766 -0.428485 -0.0555929 0.0298464 0.998007 0.712467
307 0.995195 -0.0760338 0.061697 -0.904059 0.0777074 0.996658 -0.0251925 -0.429732 -0.0595754 0.0298657 0.997777 0.715246
308 0.994479 -0.0795184 0.0684718 -0.903189 0.0816302 0.996252 -0.0286126 -0.430737 -0.0659399 0.0340439 0.997243 0.717919
309 0.994389 -0.0808278 0.0682458 -0.895733 0.0832911 0.995943 -0.0340505 -0.429812 -0.0652167 0.0395437 0.997087 0.716746
310 0.994498 -0.0816738 0.0655931 -0.89368 0.083969 0.995921 -0.033029 -0.430373 -0.0626279 0.0383551 0.9973 0.716298
311 0.993932 -0.0837917 0.0712555 -0.890946 0.0863289 0.99571 -0.0333009 -0.430459 -0.0681595 0.0392503 0.996902 0.71741
312 0.994065 -0.0829724 0.0703543 -0.890104 0.0854654 0.995788 -0.0331926 -0.430836 -0.0673039 0.0390085 0.99697 0.71733
313 0.993314 -0.0866942 0.0762275 -0.888454 0.0895088 0.995395 -0.0343109 -0.431415 -0.0729019 0.0409046 0.9965 0.719244
314 0.992854 -0.0899639 0.0784053 -0.884602 0.0930069 0.995012 -0.0360569 -0.43185 -0.0747704 0.0430915 0.996269 0.719999
315 0.992846 -0.0899799 0.0784876 -0.884664 0.093032 0.995007 -0.0361293 -0.431803 -0.0748449 0.0431727 0.99626 0.720078
316 0.992241 -0.0922209 0.0833851 -0.881678 0.0955781 0.994727 -0.0372008 -0.432286 -0.0795147 0.044882 0.995823 0.72116
317 0.991528 -0.0931371 0.0905441 -0.877992 0.0970374 0.99449 -0.0396643 -0.432583 -0.086351 0.0481145 0.995102 0.72163
318 0.990461 -0.0961507 0.0987005 -0.873743 0.100618 0.994067 -0.0413148 -0.433175 -0.0941425 0.0508517 0.994259 0.721752
319 0.991184 -0.0953588 0.0919869 -0.86832 0.0994616 0.994193 -0.0410894 -0.433687 -0.0875344 0.0498763 0.994912 0.72106
320 0.989896 -0.09964 0.100888 -0.865856 0.104486 0.993555 -0.0439352 -0.434978 -0.0958598 0.0540326 0.993927 0.72183
321 0.989956 -0.0999385 0.0999966 -0.865067 0.104748 0.993523 -0.0440483 -0.434731 -0.0949468 0.0540803 0.994012 0.72198
322 0.988721 -0.103506 0.108248 -0.861499 0.10947 0.992698 -0.0506733 -0.435281 -0.102212 0.0619516 0.992832 0.722347
323 0.98678 -0.107168 0.121578 -0.860516 0.114924 0.991641 -0.0586635 -0.434842 -0.114274 0.0718601 0.990847 0.722735
324 0.986808 -0.107124 0.121386 -0.860363 0.114858 0.991652 -0.0586007 -0.434874 -0.114095 0.0717698 0.990874 0.722644
325 0.985023 -0.107538 0.134781 -0.858971 0.117263 0.990879 -0.0663962 -0.435099 -0.126411 0.0812065 0.988648 0.723528
326 0.983608 -0.106385 0.145591 -0.856214 0.118229 0.990131 -0.0752489 -0.43535 -0.136149 0.0912285 0.986479 0.722913
327 0.984211 -0.106767 0.141172 -0.852863 0.118182 0.990148 -0.075094 -0.435441 -0.131763 0.0905923 0.987133 0.721999
328 0.983191 -0.107739 0.147405 -0.847102 0.120737 0.989271 -0.0822534 -0.435099 -0.136961 0.098668 0.98565 0.72055
329 0.981307 -0.108461 0.158972 -0.844566 0.123721 0.988277 -0.0894468 -0.435404 -0.147407 0.107443 0.983223 0.720773
330 0.979107 -0.109786 0.171165 -0.842311 0.127677 0.987036 -0.0972589 -0.436068 -0.158268 0.117081 0.98043 0.720612
331 0.979121 -0.109767 0.171096 -0.842261 0.12764 0.987047 -0.0971916 -0.436111 -0.158211 0.117001 0.980449 0.720571
332 0.976377 -0.113383 0.183934 -0.841659 0.134781 0.984938 -0.108311 -0.437385 -0.168883 0.130543 0.976953 0.721653
333 0.974729 -0.118195 0.18956 -0.837201 0.143057 0.982004 -0.123303 -0.436503 -0.171575 0.147305 0.974096 0.719829
334 0.974745 -0.118232 0.189455 -0.837119 0.143076 0.982002 -0.123294 -0.436505 -0.171468 0.147287 0.974118 0.719797
335 0.972663 -0.12239 0.197353 -0.834739 0.150696 0.979262 -0.135412 -0.43629 -0.176687 0.161451 0.970935 0.718972
336 0.970227 -0.127091 0.206172 -0.832751 0.159197 0.976178 -0.147423 -0.437496 -0.182525 0.175856 0.967347 0.718782
337 0.968564 -0.129939 0.212132 -0.831272 0.166125 0.97258 -0.162761 -0.43741 -0.185166 0.192884 0.963592 0.717691
338 0.969319 -0.130242 0.208467 -0.82867 0.16549 0.972868 -0.161678 -0.437758 -0.181754 0.191217 0.964573 0.71745
339 0.96875 -0.129879 0.211318 -0.826781 0.168293 0.970021 -0.175321 -0.438509 -0.182213 0.205406 0.961565 0.716797
340 0.968812 -0.130023 0.210945 -0.822036 0.170606 0.96738 -0.187267 -0.440612 -0.179715 0.217415 0.959392 0.717564
341 0.967963 -0.128791 0.215545 -0.820352 0.173283 0.963885 -0.202236 -0.441476 -0.181714 0.233107 0.955322 0.71739
342 0.966991 -0.127414 0.220666 -0.818814 0.17622 0.959917 -0.21796 -0.442339 -0.184049 0.249651 0.950684 0.717018
