36 0.992284 0.0298951 -0.120324 -0.014616 -0.029323 0.999549 0.00652341 -0.00386358 0.120465 -0.00294481 0.992713 -0.0184222
37 0.990914 0.0341769 -0.130078 -0.014688 -0.0335005 0.999411 0.00738564 -0.00371407 0.130254 -0.00296085 0.991476 -0.0182913
38 0.989706 0.0383968 -0.137869 -0.0156005 -0.0377071 0.99926 0.00761142 -0.00300488 0.138059 -0.00233444 0.990421 -0.0196864
39 0.98859 0.040401 -0.145113 -0.0181525 -0.0394122 0.999176 0.00968338 -0.00374345 0.145385 -0.00385365 0.989368 -0.0210105
40 0.986883 0.0454528 -0.154908 -0.019922 -0.0442649 0.998958 0.0111109 -0.00432123 0.155251 -0.00410817 0.987866 -0.0220412
41 0.986889 0.0454598 -0.154868 -0.0199674 -0.0442759 0.998958 0.0110873 -0.0042963 0.155211 -0.004085 0.987873 -0.0220471
42 0.983935 0.0544767 -0.170014 -0.0135348 -0.0535635 0.998515 0.00995678 -0.00309569 0.170304 -0.000690258 0.985391 -0.0197364
43 0.982822 0.0577669 -0.175282 -0.0142464 -0.0569881 0.99833 0.00947799 -0.00246379 0.175536 0.000673779 0.984473 -0.0210247
44 0.981976 0.059727 -0.17932 -0.0176379 -0.0586998 0.998215 0.0110342 -0.00239782 0.179659 -0.000309206 0.983729 -0.0232938
45 0.980416 0.0589701 -0.187901 -0.0183781 -0.0574253 0.998256 0.0136593 -0.00299876 0.188379 -0.00260155 0.982093 -0.0240099
46 0.978819 0.060621 -0.195548 -0.0189643 -0.0585149 0.99815 0.0165349 -0.00286956 0.196189 -0.00474218 0.980555 -0.0257288
47 0.977214 0.0611971 -0.203242 -0.0196394 -0.0582135 0.998091 0.0206319 -0.00276419 0.204116 -0.00833038 0.978911 -0.0254485
48 0.977245 0.0611712 -0.203103 -0.0198028 -0.058175 0.998092 0.020695 -0.00281996 0.203982 -0.00840853 0.978939 -0.025515
49 0.975603 0.0615196 -0.210747 -0.0204279 -0.0581448 0.998062 0.0221788 -0.0025936 0.211703 -0.00938386 0.977289 -0.0246407
50 0.973996 0.0648951 -0.217072 -0.0210967 -0.0611623 0.997842 0.0238779 -0.00265665 0.218153 -0.00998041 0.975864 -0.0253728
51 0.97225 0.0688274 -0.223592 -0.0216466 -0.0649328 0.997583 0.0247335 -0.00232942 0.224754 -0.00952862 0.974369 -0.0252799
52 0.970708 0.0728591 -0.228947 -0.0224823 -0.0687218 0.997297 0.0260031 -0.00212809 0.230223 -0.00950782 0.973092 -0.0264615
53 0.968913 0.075732 -0.235525 -0.0231541 -0.0710983 0.997073 0.0281171 -0.00211791 0.236965 -0.0104976 0.971462 -0.0270453
54 0.966597 0.0801982 -0.243429 -0.0237667 -0.0749247 0.996712 0.0308608 -0.00203861 0.245103 -0.0115912 0.969428 -0.0275355
55 0.964076 0.0822072 -0.252585 -0.0238499 -0.0763032 0.996535 0.0330989 -0.00257126 0.254431 -0.0126368 0.967008 -0.0275952
56 0.964075 0.0822412 -0.252578 -0.0238535 -0.0763362 0.996532 0.0331075 -0.00257488 0.254425 -0.0126373 0.96701 -0.0276168
57 0.962203 0.0839492 -0.25907 -0.0245055 -0.0777482 0.996389 0.0341085 -0.00254403 0.260998 -0.0126771 0.965256 -0.0282217
58 0.959619 0.0875725 -0.267325 -0.0250221 -0.0807934 0.996071 0.0362761 -0.00264929 0.269452 -0.0132131 0.962923 -0.02889
59 0.956427 0.092529 -0.27692 -0.0256099 -0.085254 0.995626 0.0382237 -0.00232839 0.279246 -0.0129496 0.960132 -0.0290799
60 0.954067 0.0963189 -0.283687 -0.0269641 -0.0887044 0.995271 0.039598 -0.00200727 0.28616 -0.0126149 0.958099 -0.0289567
61 0.952081 0.0990241 -0.289372 -0.0275743 -0.0908006 0.994994 0.0417417 -0.00212575 0.292057 -0.0134663 0.956306 -0.0307816
62 0.949083 0.104728 -0.297108 -0.0278037 -0.0949919 0.994365 0.0470613 -0.00223183 0.300362 -0.0164422 0.953684 -0.0315891
63 0.949103 0.104721 -0.297048 -0.02788 -0.0949791 0.994365 0.0470821 -0.00225182 0.300305 -0.0164724 0.953701 -0.0316173
64 0.945602 0.108804 -0.306591 -0.0286324 -0.0977946 0.993894 0.0510933 -0.00151533 0.310278 -0.018331 0.950469 -0.0303795
65 0.942632 0.106668 -0.316332 -0.0279155 -0.0944811 0.994079 0.0536635 -0.00192408 0.320183 -0.0206975 0.947129 -0.0307855
66 0.940077 0.107326 -0.323629 -0.0282667 -0.093888 0.993955 0.0569032 -0.00205979 0.32778 -0.0231085 0.944471 -0.0308461
67 0.936976 0.110869 -0.331336 -0.0294674 -0.0970373 0.993586 0.0580579 -0.00180474 0.335647 -0.022247 0.941725 -0.0292762
68 0.934483 0.114147 -0.337211 -0.0299413 -0.100828 0.99328 0.0568142 -0.00134155 0.34143 -0.0190917 0.939713 -0.0297983
69 0.932146 0.117163 -0.342604 -0.0305492 -0.103608 0.992945 0.0576715 -0.00153527 0.346943 -0.0182616 0.937708 -0.0310686
70 0.928983 0.120148 -0.350078 -0.0312898 -0.1061 0.992597 0.0591093 -0.00139603 0.354589 -0.0177682 0.934854 -0.0317293
71 0.925661 0.123448 -0.357649 -0.0322885 -0.108508 0.992183 0.0616289 -0.00134069 0.362461 -0.0182398 0.93182 -0.0323326
72 0.925647 0.123466 -0.357677 -0.0322481 -0.10853 0.992181 0.0616214 -0.00132826 0.362489 -0.0182211 0.93181 -0.0323119
73 0.922173 0.127328 -0.365218 -0.0327661 -0.111886 0.991707 0.0632327 -0.00100037 0.37024 -0.0174488 0.928772 -0.0314948
74 0.919291 0.12956 -0.371642 -0.0344144 -0.114196 0.991448 0.0631603 -0.000669988 0.376647 -0.0156226 0.926225 -0.031542
75 0.914871 0.128792 -0.382653 -0.0317856 -0.112762 0.99155 0.0641352 -0.00159128 0.38768 -0.0155267 0.921663 -0.0327952
76 0.910848 0.132367 -0.390941 -0.0322178 -0.116005 0.9911 0.0652944 -0.00131216 0.396104 -0.0141222 0.918097 -0.032421
77 0.907512 0.136092 -0.397367 -0.0335803 -0.119893 0.990626 0.0654605 -0.00110793 0.402551 -0.0117647 0.915322 -0.032471
78 0.90513 0.13739 -0.402322 -0.0341468 -0.121388 0.990465 0.0651405 -0.00106989 0.407436 -0.0101235 0.913178 -0.034008
79 0.902036 0.138589 -0.408808 -0.0341416 -0.121977 0.990298 0.0665765 -0.00121634 0.414069 -0.0101892 0.910189 -0.0348211
80 0.89845 0.140838 -0.415876 -0.0347155 -0.123736 0.989986 0.0679471 -0.00107751 0.421281 -0.0095883 0.906879 -0.0349548
81 0.895648 0.142654 -0.421265 -0.0358273 -0.125562 0.989739 0.0682001 -0.000864871 0.426671 -0.0081884 0.90437 -0.0348147
82 0.893266 0.14363 -0.425966 -0.0359792 -0.126398 0.989603 0.068619 -0.00103533 0.431393 -0.0074538 0.902133 -0.0369237
83 0.889944 0.145609 -0.432201 -0.0360012 -0.127246 0.989306 0.0712866 -0.00118216 0.437959 -0.00844505 0.898955 -0.0376505
84 0.886559 0.148667 -0.438077 -0.0370752 -0.129902 0.988859 0.0726919 -0.000765432 0.444004 -0.00753852 0.895993 -0.0361321
85 0.883692 0.149062 -0.443699 -0.0364994 -0.130506 0.98881 0.0722717 -0.00129439 0.449507 -0.0059606 0.893257 -0.0369556
86 0.881199 0.15136 -0.44786 -0.0367347 -0.13286 0.988468 0.0726546 -0.00139374 0.453692 -0.0045207 0.891147 -0.0388262
87 0.877699 0.153795 -0.453863 -0.0364282 -0.133376 0.988078 0.0768899 -0.00243155 0.460278 -0.00695155 0.887748 -0.0398942
88 0.872938 0.156761 -0.461958 -0.0362438 -0.134607 0.987601 0.0807741 -0.00166736 0.468893 -0.00832796 0.883216 -0.0394966
89 0.868596 0.161118 -0.468595 -0.0374197 -0.137915 0.986902 0.0836856 -0.00158441 0.475941 -0.00806248 0.87944 -0.0395324
90 0.863893 0.164581 -0.476027 -0.0375044 -0.140478 0.986335 0.086074 -0.00194349 0.483688 -0.00748744 0.875208 -0.0384815
91 0.863893 0.164586 -0.476026 -0.0375036 -0.140477 0.986334 0.0860862 -0.00196178 0.48369 -0.00749829 0.875207 -0.0384801
92 0.859193 0.169005 -0.482934 -0.0381246 -0.145104 0.985605 0.0867607 -0.00134745 0.490645 -0.00446846 0.871348 -0.0388144
93 0.854745 0.173537 -0.489179 -0.0395547 -0.149918 0.984826 0.0874164 -0.00123892 0.496926 -0.00138188 0.867792 -0.0394749
94 0.849409 0.177673 -0.496926 -0.0396201 -0.154013 0.984089 0.088596 -0.00218256 0.504761 0.00127892 0.863258 -0.0391252
95 0.844381 0.180917 -0.504272 -0.0399824 -0.156808 0.983494 0.09028 -0.00207864 0.512282 0.00284289 0.858813 -0.0413826
96 0.839912 0.182067 -0.511272 -0.0414048 -0.157357 0.98328 0.0916489 -0.00203111 0.51941 0.00347495 0.854518 -0.0420646
97 0.834767 0.185377 -0.518458 -0.0418599 -0.159658 0.982659 0.0942896 -0.0028101 0.526947 0.00406596 0.849889 -0.043479
98 0.828625 0.189809 -0.526643 -0.0422712 -0.162162 0.981814 0.0987119 -0.00320287 0.535802 0.00360623 0.844336 -0.0441473
99 0.823582 0.193334 -0.53323 -0.0425159 -0.165515 0.981116 0.100084 -0.0013958 0.54251 0.0058305 0.840029 -0.0439214
100 0.82019 0.195591 -0.537617 -0.0431407 -0.167453 0.980661 0.101309 -0.00144681 0.547036 0.00693291 0.837081 -0.0449386
101 0.815569 0.198092 -0.543697 -0.0438559 -0.169079 0.980154 0.103487 -0.0023535 0.553407 0.00752735 0.832877 -0.0451786
102 0.810773 0.200629 -0.549905 -0.0440224 -0.170505 0.979636 0.106022 -0.00235377 0.559978 0.00780159 0.828471 -0.0463283
103 0.807485 0.203337 -0.553735 -0.0442721 -0.172893 0.979067 0.107402 -0.00116185 0.563983 0.00901099 0.825737 -0.0469481
104 0.80575 0.203015 -0.556373 -0.0454338 -0.171336 0.979148 0.109149 -0.00138011 0.566931 0.00738001 0.823733 -0.0504483
105 0.801779 0.203602 -0.561869 -0.0456882 -0.169261 0.979044 0.113239 -0.00246939 0.573151 0.00430942 0.819439 -0.0496351
106 0.796169 0.207282 -0.568461 -0.0459561 -0.171838 0.978267 0.116042 -0.00149479 0.58016 0.00529407 0.814485 -0.049844
107 0.792747 0.210058 -0.572213 -0.0473581 -0.174736 0.977661 0.116816 9.33311e-05 0.583968 0.00738043 0.811743 -0.0496513
108 0.789587 0.212162 -0.575796 -0.0477041 -0.176599 0.977197 0.117895 -0.000420417 0.587678 0.00859649 0.809049 -0.0505258
109 0.784701 0.21523 -0.581309 -0.0480149 -0.177962 0.976529 0.121332 -0.00172535 0.59378 0.00824198 0.804586 -0.0511033
110 0.778239 0.218653 -0.588672 -0.0488758 -0.178553 0.975779 0.126386 -0.00212194 0.602049 0.00675128 0.798431 -0.0516803
111 0.7706 0.223476 -0.596853 -0.0517227 -0.18112 0.974684 0.131099 -0.00094348 0.611041 0.007077 0.791568 -0.0503057
112 0.763317 0.228075 -0.604424 -0.0516549 -0.185194 0.973592 0.1335 -6.28691e-05 0.618911 0.0100323 0.785397 -0.050972
113 0.757588 0.230492 -0.610683 -0.051281 -0.186679 0.973009 0.13566 4.9883e-05 0.625468 0.0112273 0.780169 -0.0547921
114 0.75108 0.233329 -0.617605 -0.0521493 -0.188046 0.972324 0.138654 -0.000121939 0.632864 0.0119977 0.77417 -0.0549169
115 0.744443 0.236758 -0.624299 -0.0524431 -0.191141 0.971457 0.140488 0.0008963 0.639742 0.0147439 0.768449 -0.0553194
116 0.739383 0.237805 -0.62989 -0.0531134 -0.192904 0.971149 0.140205 0.0013248 0.645059 0.0178433 0.763925 -0.0549626
117 0.734352 0.239494 -0.635114 -0.0532059 -0.195138 0.970674 0.1404 0.00114895 0.650114 0.0208319 0.759551 -0.0574344
118 0.729678 0.240549 -0.640083 -0.0536473 -0.195523 0.970395 0.141792 0.000964531 0.655241 0.0216881 0.755108 -0.0591642
119 0.725248 0.240217 -0.645222 -0.0542753 -0.193661 0.970497 0.143638 0.00087911 0.66069 0.0207811 0.750371 -0.0599984
120 0.720334 0.241528 -0.650217 -0.0548889 -0.193169 0.970185 0.146382 0.00107245 0.666186 0.0201578 0.745513 -0.0603245
121 0.716203 0.242354 -0.65446 -0.0558374 -0.192629 0.969986 0.148394 0.00167165 0.670781 0.0197874 0.741391 -0.0606146
122 0.71132 0.242354 -0.659764 -0.0544341 -0.190708 0.970009 0.150707 0.0028943 0.676501 0.0186218 0.736206 -0.0648582
123 0.705382 0.244355 -0.665377 -0.0556275 -0.189961 0.969532 0.154672 0.00338296 0.682899 0.017293 0.730308 -0.0650265
124 0.697932 0.248405 -0.671704 -0.0565845 -0.192163 0.96848 0.15849 0.00355616 0.689902 0.0184612 0.723668 -0.0642426
125 0.691931 0.250885 -0.67697 -0.0569681 -0.19305 0.96783 0.161361 0.00373812 0.695675 0.0190379 0.718105 -0.0648902
126 0.686729 0.252206 -0.681759 -0.0574448 -0.192681 0.96749 0.163823 0.00406032 0.700911 0.0188601 0.712999 -0.0648729
127 0.681645 0.254337 -0.686056 -0.0583264 -0.193695 0.966915 0.166008 0.00416039 0.705579 0.0197274 0.708356 -0.0662635
128 0.675489 0.256746 -0.691228 -0.0591294 -0.194632 0.96626 0.168701 0.00435228 0.711219 0.0205794 0.702669 -0.0673059
129 0.667901 0.26033 -0.697235 -0.0601855 -0.196765 0.965261 0.171918 0.00470796 0.717769 0.0223676 0.695922 -0.0674551
130 0.659367 0.264826 -0.703635 -0.061216 -0.201299 0.963923 0.174156 0.00503479 0.724371 0.0268084 0.688889 -0.0659553
131 0.653283 0.267293 -0.708361 -0.0585883 -0.205396 0.963089 0.173987 0.00594896 0.728721 0.0318314 0.684071 -0.0696994
132 0.647474 0.269408 -0.712879 -0.0588648 -0.208557 0.962359 0.174268 0.00679039 0.732994 0.0358421 0.67929 -0.0717297
133 0.639233 0.27443 -0.71838 -0.0593384 -0.21267 0.960811 0.177803 0.00688918 0.739021 0.0391203 0.672545 -0.0731704
134 0.630499 0.279492 -0.724124 -0.0599362 -0.216544 0.959218 0.181686 0.00754599 0.745372 0.0422523 0.665308 -0.0743565
135 0.62175 0.284057 -0.72989 -0.0599545 -0.217913 0.957857 0.187149 0.00700429 0.752291 0.0426921 0.657446 -0.0776705
136 0.610913 0.289882 -0.736718 -0.0617499 -0.220968 0.956007 0.192933 0.00728487 0.760236 0.0449254 0.648092 -0.0753929
137 0.60074 0.294664 -0.743159 -0.0623061 -0.226068 0.954266 0.195624 0.00804641 0.766815 0.0504852 0.63988 -0.0734677
138 0.593135 0.300128 -0.74707 -0.0623121 -0.232417 0.952243 0.198028 0.00823455 0.770827 0.0561744 0.634564 -0.0750619
139 0.582856 0.306712 -0.752467 -0.0599623 -0.238813 0.94979 0.202159 0.00798739 0.77669 0.0618692 0.626837 -0.0782412
140 0.570612 0.313512 -0.759021 -0.0603317 -0.24621 0.947053 0.206085 0.00822709 0.783443 0.069284 0.617589 -0.0787743
141 0.559557 0.319505 -0.76473 -0.0601745 -0.252557 0.944554 0.209838 0.0083449 0.789374 0.0757219 0.609225 -0.0806321
142 0.54781 0.327218 -0.769956 -0.0597491 -0.259258 0.941428 0.215633 0.00877779 0.795418 0.0814909 0.600558 -0.0833576
143 0.516642 0.344834 -0.78369 -0.061815 -0.273441 0.93383 0.230634 0.00929766 0.811364 0.0951379 0.576747 -0.0836901
144 0.501028 0.352125 -0.790556 -0.0609873 -0.280877 0.930196 0.236312 0.00926367 0.818584 0.10365 0.564958 -0.0822028
145 0.489561 0.357264 -0.795419 -0.0606922 -0.289445 0.92707 0.238249 0.00985423 0.822527 0.113592 0.557266 -0.0848241
146 0.475801 0.363711 -0.800829 -0.0607549 -0.295982 0.923604 0.243618 0.0100806 0.828256 0.121117 0.547104 -0.0878517
147 0.458454 0.370144 -0.807969 -0.0619711 -0.301208 0.920046 0.250578 0.0100751 0.836118 0.128489 0.533289 -0.0870837
148 0.441951 0.37502 -0.814886 -0.0634905 -0.307813 0.916662 0.254916 0.00996008 0.842574 0.138172 0.520556 -0.0852781
149 0.426783 0.377371 -0.821856 -0.0641088 -0.317119 0.913521 0.254784 0.0102534 0.846931 0.151888 0.509547 -0.084863
150 0.396586 0.389371 -0.83133 -0.0613732 -0.336898 0.904135 0.262754 0.0126875 0.853944 0.175868 0.489745 -0.0904023
151 0.377674 0.397846 -0.836111 -0.0619819 -0.344028 0.898639 0.2722 0.0127893 0.859655 0.184843 0.476262 -0.0915118
152 0.357526 0.405954 -0.841057 -0.0626658 -0.350904 0.892987 0.281853 0.0140361 0.865472 0.194361 0.461716 -0.0918691
153 0.336312 0.414331 -0.845709 -0.0660325 -0.356778 0.887135 0.292747 0.0135478 0.871552 0.203276 0.446178 -0.0883672
154 0.320383 0.416482 -0.850822 -0.0681319 -0.364288 0.883266 0.295188 0.0139262 0.874442 0.215371 0.434703 -0.0858834
155 0.29129 0.419861 -0.859574 -0.0688003 -0.387211 0.873391 0.295393 0.0140084 0.874767 0.246791 0.416985 -0.0848483
156 0.282274 0.420827 -0.862106 -0.0682626 -0.400183 0.868381 0.292861 0.0139116 0.87188 0.262333 0.413529 -0.0853255
157 0.272157 0.42368 -0.863959 -0.067639 -0.416017 0.86141 0.29138 0.0140191 0.867675 0.28012 0.410697 -0.0860086
158 0.260966 0.428705 -0.864933 -0.0652935 -0.432161 0.853065 0.292432 0.0136095 0.863212 0.297475 0.40789 -0.0875777
159 0.248331 0.436033 -0.86499 -0.0671436 -0.44914 0.843003 0.296006 0.0141564 0.858257 0.314994 0.405184 -0.0876241
160 0.222543 0.445318 -0.867275 -0.0717126 -0.490758 0.819827 0.295026 0.0151233 0.842396 0.359967 0.40099 -0.0855778
161 0.213549 0.445877 -0.869247 -0.0737912 -0.511777 0.808969 0.289228 0.0161376 0.832154 0.383097 0.400944 -0.0858157
162 0.200924 0.447932 -0.871198 -0.0715136 -0.526943 0.79913 0.289349 0.0150982 0.825809 0.400935 0.396599 -0.0862438
163 0.18887 0.452061 -0.871762 -0.0732374 -0.539377 0.789595 0.292595 0.0158464 0.82061 0.414946 0.392962 -0.0862254
164 0.174155 0.452626 -0.874528 -0.0723213 -0.562047 0.774918 0.289145 0.0161441 0.808562 0.44117 0.389353 -0.0901148
165 0.163624 0.454959 -0.875351 -0.0716915 -0.569167 0.768277 0.292917 0.0162811 0.805777 0.450293 0.384655 -0.0917302
166 0.151292 0.456819 -0.8766 -0.073175 -0.578985 0.759718 0.295982 0.0164686 0.801178 0.462759 0.37943 -0.0905691
167 0.14688 0.45688 -0.877318 -0.0749782 -0.585577 0.754981 0.295134 0.0168321 0.797199 0.470388 0.37843 -0.0900538
168 0.12952 0.455724 -0.880647 -0.0744028 -0.604573 0.740247 0.294153 0.017343 0.78595 0.494317 0.371395 -0.0911677
169 0.120122 0.458187 -0.880702 -0.0743262 -0.610611 0.733576 0.298361 0.0174264 0.782767 0.501927 0.367893 -0.0939308
170 0.111571 0.457763 -0.882046 -0.0742835 -0.613786 0.729795 0.301109 0.0171796 0.781549 0.507792 0.362392 -0.0936799
171 0.108745 0.456365 -0.883123 -0.0741815 -0.614575 0.72913 0.30111 0.0169289 0.781327 0.510001 0.359759 -0.0933179
172 0.098843 0.454613 -0.885188 -0.0764946 -0.622405 0.72231 0.301463 0.0178155 0.776429 0.521148 0.354348 -0.0938335
173 0.0921688 0.450727 -0.887891 -0.0768127 -0.627581 0.718583 0.299633 0.0176948 0.773076 0.529607 0.349099 -0.0934694
174 0.0884524 0.44821 -0.889541 -0.0764747 -0.631796 0.715657 0.297773 0.0177581 0.770071 0.53567 0.346479 -0.0939358
175 0.0788939 0.445268 -0.891915 -0.0763029 -0.637667 0.710261 0.298177 0.018002 0.766261 0.54522 0.339968 -0.095806
176 0.0669181 0.443265 -0.893889 -0.0770453 -0.647881 0.700635 0.298932 0.017683 0.758797 0.55913 0.334068 -0.0954591
177 0.06198 0.4391 -0.896298 -0.0783517 -0.656054 0.694687 0.294963 0.0179759 0.752164 0.569738 0.33113 -0.094996
178 0.059377 0.435212 -0.898368 -0.0786797 -0.661318 0.691283 0.291181 0.0180767 0.747752 0.576818 0.32886 -0.0956452
179 0.0388155 0.436951 -0.898647 -0.0790463 -0.678539 0.671712 0.297299 0.0182239 0.733538 0.598228 0.322561 -0.0963776
180 0.0339689 0.432962 -0.900772 -0.0808758 -0.68878 0.663212 0.292802 0.018182 0.724175 0.610487 0.320744 -0.0961013
181 0.0278595 0.428541 -0.903093 -0.0795558 -0.703447 0.650281 0.286874 0.0185267 0.710201 0.627286 0.319573 -0.0961143
182 -0.00131213 0.417988 -0.908452 -0.0788489 -0.738321 0.6123 0.282792 0.0186425 0.674448 0.6711 0.307806 -0.0985441
183 -0.0129512 0.413584 -0.910374 -0.0774686 -0.753405 0.594571 0.280832 0.0182383 0.657429 0.689517 0.303896 -0.0987622
184 -0.0193727 0.411236 -0.911323 -0.0768559 -0.766758 0.578853 0.277508 0.0170109 0.641644 0.70414 0.304105 -0.100546
185 -0.0229453 0.407706 -0.912825 -0.0764348 -0.778047 0.566079 0.272392 0.0167217 0.627787 0.716471 0.304226 -0.100953
186 -0.0368536 0.405127 -0.913517 -0.0815225 -0.793588 0.543704 0.273137 0.0227101 0.607339 0.735022 0.301466 -0.0995218
187 -0.049182 0.402624 -0.914043 -0.0820591 -0.800717 0.531132 0.277041 0.0221799 0.597021 0.745515 0.296266 -0.101013
188 -0.0559234 0.398537 -0.915446 -0.0742548 -0.807656 0.520992 0.276151 0.0163562 0.586997 0.754808 0.292745 -0.103479
189 -0.0581069 0.395499 -0.916627 -0.0729353 -0.814624 0.511966 0.27254 0.0157974 0.577071 0.762543 0.292434 -0.104585
190 -0.0727398 0.385796 -0.919712 -0.0722264 -0.831715 0.485453 0.269416 0.0157445 0.550417 0.784536 0.285561 -0.105852
191 -0.0761769 0.382815 -0.920679 -0.074596 -0.837806 0.476076 0.267271 0.0179096 0.540628 0.79171 0.284459 -0.105289
192 -0.0906994 0.374532 -0.922767 -0.0752617 -0.846301 0.459416 0.26965 0.0190388 0.524926 0.805396 0.275298 -0.106171
193 -0.0942088 0.372351 -0.923298 -0.0754979 -0.84866 0.454827 0.270017 0.0190202 0.520482 0.809004 0.27315 -0.106518
194 -0.0968357 0.368203 -0.924689 -0.0734412 -0.852474 0.448847 0.268 0.0166871 0.513722 0.814225 0.270419 -0.108439
195 -0.104294 0.359927 -0.927133 -0.0757316 -0.857111 0.44032 0.267356 0.0202796 0.504464 0.822539 0.262575 -0.108153
196 -0.112165 0.354863 -0.928166 -0.075542 -0.85963 0.433889 0.26977 0.019873 0.498453 0.828138 0.256384 -0.109036
197 -0.114645 0.35091 -0.929365 -0.0755298 -0.85934 0.434322 0.269998 0.0195425 0.498388 0.829594 0.251758 -0.109539
198 -0.113969 0.347672 -0.930664 -0.0758606 -0.856839 0.439726 0.269199 0.0201934 0.50283 0.828109 0.247784 -0.109955
199 -0.119093 0.34129 -0.932383 -0.0756818 -0.850913 0.448814 0.272971 0.0208728 0.511628 0.825886 0.236958 -0.110669
200 -0.122834 0.339829 -0.932431 -0.0793118 -0.853073 0.44395 0.27418 0.0222712 0.507127 0.829111 0.235367 -0.116124
201 -0.125014 0.334685 -0.934001 -0.0788294 -0.850499 0.44861 0.27459 0.0222108 0.510904 0.828694 0.228567 -0.117566
202 -0.125641 0.331723 -0.934973 -0.0784217 -0.847818 0.45351 0.274832 0.0212637 0.515188 0.827217 0.224262 -0.118815
203 -0.125132 0.32799 -0.936357 -0.0782071 -0.845075 0.459224 0.273791 0.0217577 0.519798 0.825552 0.219712 -0.119273
204 -0.127449 0.321206 -0.938394 -0.0792795 -0.836445 0.47364 0.275726 0.0224001 0.533026 0.820056 0.208306 -0.119937
205 -0.130127 0.317008 -0.939453 -0.0773276 -0.837146 0.472577 0.275422 0.0211323 0.531275 0.8223 0.203887 -0.1209
206 -0.132582 0.313433 -0.94031 -0.0780563 -0.838199 0.470872 0.27514 0.0220995 0.529003 0.824645 0.20029 -0.121267
207 -0.141497 0.305596 -0.941589 -0.0780142 -0.837036 0.470896 0.278616 0.0224241 0.528535 0.827567 0.189165 -0.122426
208 -0.143876 0.301781 -0.942459 -0.0768844 -0.83867 0.468347 0.277999 0.021375 0.525293 0.830409 0.185711 -0.12372
209 -0.152308 0.292667 -0.944007 -0.0779451 -0.838663 0.467093 0.280122 0.0233695 0.522922 0.834368 0.174307 -0.12432
210 -0.151744 0.291826 -0.944358 -0.0826809 -0.838447 0.467952 0.279333 0.0270995 0.523431 0.834181 0.173672 -0.132292
211 -0.155488 0.289226 -0.944548 -0.0805873 -0.836161 0.47059 0.281743 0.0263697 0.525983 0.833602 0.168669 -0.132557
212 -0.165633 0.284423 -0.944283 -0.0813108 -0.833328 0.471679 0.288243 0.0267262 0.527381 0.834639 0.158892 -0.134402
213 -0.167174 0.283637 -0.944247 -0.080699 -0.829843 0.476658 0.2901 0.0262217 0.532366 0.832074 0.15569 -0.135054
214 -0.169673 0.279307 -0.945092 -0.0797949 -0.830659 0.475505 0.289656 0.0239623 0.530299 0.834196 0.151328 -0.13769
215 -0.169478 0.277175 -0.945754 -0.0787431 -0.828862 0.479068 0.288933 0.0258269 0.533165 0.832867 0.148548 -0.136008
216 -0.183819 0.270847 -0.944909 -0.0797261 -0.834058 0.465707 0.295744 0.0234585 0.520152 0.842472 0.140296 -0.138648
217 -0.177444 0.269341 -0.946556 -0.0823432 -0.835916 0.466358 0.289404 0.0248102 0.519382 0.842595 0.142395 -0.137699
218 -0.171434 0.267825 -0.948093 -0.0809877 -0.838611 0.465386 0.283103 0.0251355 0.517051 0.843615 0.144818 -0.139656
219 -0.174225 0.266798 -0.947874 -0.0775526 -0.838857 0.463924 0.284768 0.0241789 0.515717 0.844745 0.142978 -0.13928
220 -0.173413 0.267314 -0.947877 -0.0801104 -0.838772 0.464308 0.284393 0.0256959 0.516129 0.84437 0.143698 -0.13885
221 -0.166223 0.272067 -0.947813 -0.0776083 -0.835712 0.47132 0.281855 0.0243048 0.523407 0.83895 0.149026 -0.138534
222 -0.163012 0.276769 -0.947009 -0.0778442 -0.832119 0.477145 0.282684 0.0239215 0.530099 0.834105 0.152525 -0.138348
223 -0.151146 0.281482 -0.947588 -0.0816071 -0.829769 0.484866 0.276383 0.0257861 0.53725 0.828054 0.16028 -0.142889
224 -0.143834 0.285889 -0.947407 -0.0757166 -0.82643 0.491921 0.27391 0.0223423 0.544357 0.822363 0.165512 -0.141215
225 -0.144161 0.28754 -0.946857 -0.0778235 -0.825285 0.493025 0.275373 0.0218976 0.546005 0.821125 0.166228 -0.137698
226 -0.120582 0.297268 -0.947149 -0.081496 -0.815869 0.513862 0.265147 0.0226848 0.565524 0.804722 0.180569 -0.134857
227 -0.10667 0.30294 -0.947021 -0.0782331 -0.807508 0.529326 0.26028 0.020947 0.580132 0.792491 0.188164 -0.135558
228 -0.0887126 0.322122 -0.942533 -0.0765069 -0.788854 0.555021 0.263933 0.0195218 0.608144 0.766935 0.20487 -0.13536
229 -0.0774406 0.327825 -0.941559 -0.0811199 -0.78013 0.568128 0.26197 0.021689 0.620806 0.754826 0.21175 -0.132595
230 -0.0635656 0.333295 -0.940677 -0.0827292 -0.771618 0.581358 0.258125 0.0210367 0.632902 0.742252 0.220222 -0.132582
231 -0.0423804 0.339687 -0.939583 -0.07899 -0.763342 0.595739 0.249808 0.0202397 0.644603 0.72781 0.234049 -0.13289
232 -0.0362223 0.344546 -0.93807 -0.0788206 -0.756562 0.603833 0.250997 0.020276 0.652918 0.7188 0.238798 -0.132584
233 -0.00993086 0.356038 -0.934419 -0.0811768 -0.728379 0.637661 0.250706 0.021123 0.685103 0.6831 0.252998 -0.131045
234 0.000211185 0.358569 -0.933503 -0.0796605 -0.714661 0.653013 0.250668 0.0206294 0.699471 0.667085 0.256393 -0.127453
235 0.0137783 0.365356 -0.930766 -0.0779444 -0.69683 0.671091 0.25311 0.0206652 0.717104 0.645098 0.263837 -0.12759
236 0.0268601 0.377197 -0.925744 -0.0761805 -0.658754 0.703229 0.267419 0.0190016 0.751879 0.602654 0.267369 -0.126961
237 0.0349572 0.383986 -0.922677 -0.0787512 -0.640167 0.717569 0.274373 0.0198785 0.76744 0.581076 0.2709 -0.126324
238 0.0411671 0.386331 -0.921441 -0.0829336 -0.624464 0.729863 0.27811 0.0211758 0.779968 0.563958 0.271296 -0.124547
239 0.0657638 0.389115 -0.918839 -0.0849542 -0.595531 0.754157 0.276751 0.0204665 0.800636 0.528996 0.281326 -0.122714
240 0.0789915 0.387116 -0.918641 -0.0862398 -0.580675 0.766911 0.273246 0.0222502 0.810294 0.511848 0.285368 -0.122345
241 0.0926741 0.38732 -0.917276 -0.0804792 -0.55646 0.784093 0.274863 0.0204066 0.82569 0.484955 0.288193 -0.124055
242 0.104949 0.390647 -0.914538 -0.0806272 -0.529191 0.800543 0.281226 0.0201583 0.841987 0.454451 0.290743 -0.122667
243 0.140421 0.390908 -0.909655 -0.0846517 -0.487668 0.826889 0.280061 0.0210883 0.861663 0.404283 0.306746 -0.123334
244 0.155064 0.388899 -0.908137 -0.083212 -0.469334 0.837892 0.278679 0.0207813 0.869299 0.383006 0.31245 -0.123828
245 0.164647 0.388569 -0.90659 -0.0823732 -0.449585 0.847667 0.281664 0.0203118 0.877932 0.361214 0.314261 -0.123327
246 0.185607 0.383288 -0.904787 -0.0923144 -0.409687 0.867124 0.28329 0.0224071 0.893144 0.318099 0.317972 -0.116644
247 0.207841 0.376518 -0.902794 -0.0874356 -0.390858 0.878032 0.276207 0.0220321 0.896678 0.295457 0.329656 -0.120302
248 0.218534 0.374025 -0.901304 -0.0843836 -0.368324 0.886924 0.278752 0.0202404 0.903648 0.271055 0.331585 -0.121967
249 0.222055 0.372251 -0.901177 -0.086019 -0.352607 0.892357 0.281723 0.0209054 0.909043 0.255203 0.329411 -0.120916
250 0.234009 0.367335 -0.900169 -0.0904811 -0.33508 0.899622 0.280004 0.0226214 0.912667 0.236105 0.333606 -0.11907
251 0.252593 0.360461 -0.897923 -0.0843199 -0.299519 0.911562 0.281679 0.0197648 0.920046 0.197795 0.338219 -0.121038
252 0.254602 0.3602 -0.89746 -0.086647 -0.286254 0.914524 0.285841 0.020872 0.923708 0.184126 0.335948 -0.1211
253 0.257147 0.356995 -0.898014 -0.0908722 -0.274724 0.917927 0.286244 0.0220542 0.9265 0.173099 0.334117 -0.117981
254 0.29249 0.344827 -0.891933 -0.0863884 -0.245223 0.928579 0.278579 0.021949 0.924292 0.137241 0.356159 -0.120272
255 0.299145 0.344684 -0.889778 -0.0826693 -0.224919 0.931675 0.285296 0.0210038 0.927321 0.114783 0.356232 -0.12472
256 0.300135 0.344791 -0.889403 -0.0862267 -0.196503 0.934739 0.296055 0.021477 0.933437 0.0859139 0.348301 -0.121455
257 0.306967 0.339271 -0.889194 -0.0921576 -0.171068 0.938754 0.299125 0.0232146 0.936219 0.0602909 0.346205 -0.11721
258 0.325109 0.325504 -0.887891 -0.0922733 -0.142519 0.945037 0.294269 0.0229191 0.934876 0.0308718 0.353631 -0.113854
259 0.349366 0.310614 -0.884004 -0.0902352 -0.108578 0.950519 0.291075 0.0222335 0.930674 -0.00570862 0.365805 -0.116591
260 0.356976 0.30396 -0.883276 -0.0918566 -0.0933965 0.952453 0.290019 0.0225177 0.929433 -0.0210348 0.368391 -0.113923
261 0.367945 0.296073 -0.881452 -0.0921721 -0.0826091 0.954613 0.286164 0.0225603 0.926171 -0.0324768 0.375704 -0.113529
262 0.377934 0.288831 -0.879626 -0.0917595 -0.0737412 0.956465 0.282378 0.0228028 0.922891 -0.0418557 0.38278 -0.114043
263 0.387212 0.283029 -0.877474 -0.0955806 -0.06398 0.957671 0.280664 0.0252501 0.919768 -0.0525355 0.38893 -0.12079
264 0.388913 0.279355 -0.8779 -0.0952201 -0.0522577 0.958073 0.281717 0.0242302 0.919791 -0.0636863 0.387205 -0.120741
265 0.391964 0.272571 -0.878675 -0.101318 -0.0425431 0.95945 0.27865 0.0266999 0.918996 -0.0718393 0.387666 -0.115609
266 0.408967 0.24931 -0.877833 -0.0979308 -0.0224474 0.964414 0.263442 0.0254704 0.912273 -0.088034 0.400009 -0.117865
267 0.414009 0.241027 -0.877783 -0.100197 -0.0141287 0.965893 0.258557 0.0265975 0.910163 -0.0946429 0.403293 -0.115353
268 0.425651 0.226319 -0.876128 -0.101782 -0.000221568 0.968244 0.250006 0.0272882 0.904887 -0.106221 0.412184 -0.114331
269 0.439286 0.210747 -0.873277 -0.0998914 0.0127523 0.970533 0.240632 0.0268279 0.898257 -0.116843 0.423654 -0.114582
270 0.450836 0.199496 -0.870028 -0.099396 0.0212251 0.972033 0.233884 0.0264795 0.892355 -0.123909 0.433993 -0.114736
271 0.464809 0.185949 -0.865665 -0.102197 0.0317513 0.973569 0.226176 0.027478 0.884842 -0.132615 0.446619 -0.121566
272 0.471989 0.177169 -0.863619 -0.100244 0.0413531 0.974072 0.222428 0.026787 0.880634 -0.140697 0.452425 -0.122244
273 0.484808 0.166493 -0.858627 -0.100651 0.0552949 0.973916 0.220069 0.026905 0.872871 -0.154169 0.462956 -0.120805
274 0.493022 0.156981 -0.855737 -0.101886 0.0640223 0.974374 0.21563 0.0275667 0.867658 -0.161096 0.470338 -0.118309
275 0.504231 0.148137 -0.850768 -0.100201 0.068888 0.975138 0.210621 0.027125 0.860817 -0.164809 0.48149 -0.118726
276 0.515588 0.140258 -0.845279 -0.100112 0.0746531 0.975407 0.207386 0.0264356 0.853578 -0.170028 0.492437 -0.118652
277 0.523799 0.130844 -0.841733 -0.0994022 0.0823559 0.975726 0.202921 0.025709 0.847851 -0.175612 0.500308 -0.118004
278 0.531407 0.123971 -0.837996 -0.0989149 0.0869004 0.976037 0.199499 0.0254599 0.842648 -0.178837 0.5079 -0.119778
279 0.543674 0.117701 -0.831002 -0.100744 0.0836994 0.977579 0.193221 0.0253274 0.835112 -0.174604 0.521633 -0.115843
280 0.551655 0.109618 -0.826838 -0.100255 0.0833121 0.979126 0.185393 0.0249688 0.829901 -0.171159 0.531008 -0.115008
281 0.561278 0.101823 -0.82134 -0.0989985 0.0843462 0.980198 0.179156 0.0245074 0.823318 -0.169833 0.541575 -0.115864
282 0.568866 0.0955714 -0.816859 -0.0988012 0.0846396 0.981148 0.173737 0.0241546 0.818064 -0.167971 0.550052 -0.115005
283 0.586316 0.0762236 -0.806489 -0.0985731 0.0940612 0.982424 0.161234 0.02291 0.804603 -0.170393 0.568841 -0.112639
284 0.593344 0.0672521 -0.802135 -0.093175 0.0994449 0.982746 0.155955 0.0204092 0.798782 -0.172303 0.576419 -0.109618
285 0.600558 0.0591071 -0.797394 -0.0898079 0.105241 0.982745 0.152108 0.0189773 0.792625 -0.175268 0.583975 -0.11045
286 0.60422 0.0544648 -0.794954 -0.0882317 0.111349 0.982101 0.15192 0.0179066 0.788999 -0.18031 0.58734 -0.110613
287 0.6088 0.0452585 -0.792031 -0.0913811 0.120654 0.981475 0.148825 0.0179211 0.784095 -0.186166 0.592062 -0.105577
288 0.628667 0.0200465 -0.777416 -0.0885994 0.12973 0.982957 0.130254 0.0172433 0.766777 -0.182741 0.615352 -0.105493
289 0.639139 0.00993048 -0.769027 -0.0806195 0.137034 0.982446 0.126575 0.013694 0.756785 -0.186282 0.626559 -0.106669
290 0.648197 -0.0046412 -0.761458 -0.0795357 0.152472 0.980521 0.123817 0.0123218 0.746051 -0.196359 0.636279 -0.1051
291 0.654786 -0.020152 -0.755546 -0.0796883 0.165976 0.979077 0.117727 0.012602 0.737365 -0.202489 0.644431 -0.103096
292 0.663907 -0.0315944 -0.747147 -0.0754838 0.175041 0.977917 0.114187 0.0110354 0.72704 -0.20659 0.654777 -0.104414
293 0.673464 -0.0431984 -0.737956 -0.0757274 0.185129 0.976334 0.111797 0.0106757 0.715663 -0.211909 0.665524 -0.102634
294 0.69088 -0.070079 -0.719565 -0.070346 0.205508 0.97327 0.102528 0.00807316 0.693146 -0.218711 0.686815 -0.100939
295 0.701114 -0.0886656 -0.707515 -0.0680657 0.221601 0.970199 0.0980109 0.00706034 0.677741 -0.225503 0.699869 -0.100966
296 0.704681 -0.0962239 -0.702969 -0.0631208 0.229664 0.968356 0.0976733 0.00567359 0.671326 -0.230276 0.704482 -0.103068
297 0.702702 -0.0997848 -0.704453 -0.0613284 0.238261 0.965951 0.100844 0.00368355 0.670404 -0.238707 0.702551 -0.0987084
298 0.707467 -0.111029 -0.697971 -0.064737 0.24674 0.964244 0.0967109 0.00548469 0.662277 -0.240637 0.709566 -0.0992235
299 0.717027 -0.129076 -0.68499 -0.0604713 0.261404 0.960779 0.092586 0.00316457 0.646173 -0.245446 0.722645 -0.0967766
300 0.721581 -0.142428 -0.677522 -0.0592012 0.270819 0.958701 0.0868936 0.00276361 0.637165 -0.246186 0.730352 -0.0977702
301 0.7231 -0.150166 -0.674223 -0.0572544 0.278215 0.956724 0.0852976 0.00222998 0.632236 -0.249258 0.733586 -0.0994633
302 0.724035 -0.157474 -0.671546 -0.0572762 0.286145 0.954435 0.0847003 0.00192419 0.627609 -0.253486 0.736106 -0.0970811
303 0.728068 -0.169406 -0.664243 -0.0575429 0.294363 0.95236 0.0797602 0.00207296 0.619086 -0.253599 0.743249 -0.0965074
304 0.731005 -0.176003 -0.659283 -0.0547036 0.299229 0.950996 0.0779024 0.00119091 0.613264 -0.254224 0.747848 -0.0984655
305 0.733211 -0.184535 -0.654484 -0.0553029 0.308608 0.947949 0.0784513 0.00110013 0.60594 -0.2595 0.751995 -0.0961007
306 0.739249 -0.19402 -0.644877 -0.0552985 0.313605 0.946611 0.0746971 0.00135851 0.595955 -0.257457 0.760627 -0.0959762
307 0.744398 -0.208039 -0.6345 -0.0543794 0.325327 0.942815 0.0725464 0.000791631 0.583124 -0.260424 0.76951 -0.0954499
308 0.747726 -0.217919 -0.62723 -0.0533344 0.333025 0.940292 0.0703153 0.000334358 0.574457 -0.26146 0.775653 -0.0946019
309 0.751125 -0.222462 -0.621548 -0.0522901 0.335256 0.939608 0.0688481 -6.52116e-05 0.568695 -0.260091 0.780345 -0.0945936
310 0.755424 -0.229565 -0.613705 -0.0540528 0.33936 0.938285 0.0667481 0.000532759 0.560507 -0.25869 0.786709 -0.0931006
311 0.758668 -0.235268 -0.607512 -0.051472 0.341773 0.937621 0.0637031 -0.000777276 0.554629 -0.255961 0.791752 -0.0921928
312 0.765398 -0.245039 -0.595081 -0.0508024 0.344979 0.936819 0.0579575 -0.00102349 0.543282 -0.249651 0.801573 -0.0911476
313 0.766762 -0.248758 -0.591773 -0.0505714 0.34665 0.936348 0.0555514 -0.0014055 0.540287 -0.247733 0.804188 -0.0894395
314 0.772082 -0.254605 -0.582294 -0.05389 0.345258 0.937281 0.0479667 -1.95175e-05 0.533561 -0.238076 0.811562 -0.0891887
315 0.778378 -0.261611 -0.570689 -0.0511274 0.347195 0.936754 0.044129 -0.00136667 0.523051 -0.23249 0.819979 -0.0911549
316 0.781322 -0.26245 -0.566265 -0.0490611 0.347336 0.936654 0.0451319 -0.00247352 0.518549 -0.231947 0.822987 -0.0898524
317 0.785405 -0.267174 -0.558353 -0.052999 0.347075 0.93699 0.0398571 -0.000585894 0.512522 -0.225094 0.828646 -0.087354
318 0.791065 -0.273722 -0.547076 -0.0539069 0.343384 0.938812 0.0268075 -2.37687e-05 0.506264 -0.209064 0.836654 -0.0857608
319 0.803865 -0.2721 -0.528926 -0.050397 0.328545 0.944392 0.0134925 -0.00233675 0.495842 -0.184622 0.848561 -0.0868816
320 0.807961 -0.268494 -0.524509 -0.0488905 0.320586 0.947177 0.00897948 -0.00318789 0.494392 -0.175405 0.851357 -0.0868619
321 0.813425 -0.262206 -0.519218 -0.0499355 0.309261 0.950968 0.00425759 -0.00294395 0.492643 -0.164037 0.854631 -0.0869142
322 0.819581 -0.261458 -0.50983 -0.0517338 0.301727 0.953386 -0.00388423 -0.00196879 0.48708 -0.150646 0.860267 -0.0863971
323 0.823197 -0.260771 -0.504327 -0.0491802 0.296585 0.954958 -0.00967069 -0.00382597 0.484132 -0.141615 0.863459 -0.0847473
324 0.826959 -0.253511 -0.501867 -0.0487291 0.285851 0.958186 -0.0129982 -0.00446023 0.484177 -0.13271 0.864847 -0.0849712
325 0.832519 -0.247144 -0.495814 -0.050193 0.274245 0.961477 -0.0187768 -0.00388486 0.481354 -0.120342 0.868226 -0.0842107
326 0.837146 -0.234932 -0.493957 -0.048558 0.257463 0.966012 -0.0231056 -0.00633958 0.482597 -0.107833 0.869179 -0.0814984
327 0.841597 -0.21301 -0.496327 -0.0481852 0.229278 0.972935 -0.0287812 -0.0067968 0.489025 -0.0895749 0.867658 -0.0792971
328 0.842937 -0.192353 -0.502451 -0.0473262 0.202906 0.9786 -0.0342305 -0.00762481 0.498283 -0.0730964 0.863928 -0.0784501
329 0.846609 -0.163129 -0.506599 -0.0483989 0.167143 0.985203 -0.0379202 -0.00763682 0.505289 -0.0525708 0.861347 -0.0795755
330 0.851318 -0.135037 -0.506974 -0.0497592 0.13085 0.990422 -0.0440826 -0.00717253 0.508071 -0.0288091 0.860833 -0.0787322
331 0.854209 -0.11248 -0.507617 -0.049418 0.100574 0.993625 -0.0509272 -0.00731332 0.510109 -0.00755052 0.860077 -0.0790306
332 0.854022 -0.0991838 -0.510694 -0.0488531 0.0834305 0.995064 -0.0537361 -0.00872889 0.513503 0.00328431 0.858081 -0.0792297
333 0.849459 -0.0810899 -0.521387 -0.048367 0.0638758 0.996657 -0.050939 -0.0113296 0.523774 0.00996659 0.851799 -0.0762235
334 0.847099 -0.0592335 -0.528123 -0.0496875 0.0350831 0.997834 -0.055643 -0.009461 0.530275 0.0286069 0.847343 -0.0766217
335 0.845643 -0.0409477 -0.532175 -0.0496476 0.0134517 0.998371 -0.0554435 -0.0112289 0.533579 0.0397268 0.844817 -0.0774348
336 0.840816 -0.0153316 -0.541104 -0.0495582 -0.0127365 0.998762 -0.0480898 -0.0138855 0.541171 0.0473264 0.839579 -0.0757817
337 0.833705 0.0135438 -0.552043 -0.0514895 -0.0439354 0.998157 -0.0418633 -0.0144862 0.550459 0.0591559 0.832764 -0.0720985
338 0.827111 0.0446745 -0.56026 -0.0522678 -0.0789172 0.996192 -0.0370702 -0.0139339 0.55647 0.0748753 0.827487 -0.072229
339 0.820078 0.0785006 -0.566842 -0.053234 -0.116547 0.992697 -0.0311374 -0.0138695 0.560259 0.0915988 0.823238 -0.07208
340 0.812741 0.111099 -0.571934 -0.0541251 -0.152141 0.988061 -0.0242661 -0.0139868 0.56241 0.106737 0.819941 -0.0727278
341 0.804134 0.146262 -0.576174 -0.0554156 -0.19196 0.981222 -0.0188239 -0.0129003 0.562601 0.125739 0.81711 -0.0701932
342 0.794787 0.181205 -0.579204 -0.056072 -0.235644 0.971646 -0.0193707 -0.0119323 0.559272 0.151882 0.814952 -0.0679745
343 0.787062 0.209377 -0.580255 -0.0565858 -0.271361 0.962251 -0.0208616 -0.0118414 0.553983 0.173878 0.814168 -0.0685431
344 0.7786 0.236226 -0.581359 -0.0573836 -0.303089 0.952777 -0.0187735 -0.0134751 0.549471 0.19082 0.81343 -0.070092
345 0.766648 0.262015 -0.586173 -0.0588261 -0.329813 0.944 -0.00939738 -0.0159907 0.550885 0.200532 0.810131 -0.071533
346 0.74876 0.300202 -0.590963 -0.0582633 -0.371167 0.928565 0.00142548 -0.0133467 0.549176 0.218279 0.806697 -0.073907
347 0.732759 0.340813 -0.588991 -0.0580671 -0.421281 0.90693 0.000671344 -0.00769459 0.534403 0.247639 0.808139 -0.0700325
348 0.721862 0.367034 -0.586686 -0.0591022 -0.454119 0.89094 -0.00137347 -0.0103381 0.522198 0.267417 0.809813 -0.0683056
349 0.691437 0.424121 -0.584839 -0.0600153 -0.524645 0.851316 -0.00290267 -0.0100268 0.496652 0.30884 0.811144 -0.0718487
350 0.674965 0.453119 -0.582328 -0.060074 -0.553914 0.832554 0.00579368 -0.00997759 0.487445 0.318649 0.812933 -0.077161
351 0.651142 0.489876 -0.579686 -0.0604299 -0.593585 0.804663 0.0132437 -0.00872116 0.472939 0.335469 0.814732 -0.0724103
352 0.636737 0.513146 -0.575541 -0.0591256 -0.623835 0.781528 0.00663516 -0.00366448 0.453206 0.354817 0.817746 -0.0745206
353 0.629051 0.530021 -0.568659 -0.0598073 -0.641289 0.767278 0.00575107 -0.0044176 0.439368 0.361057 0.822553 -0.0756845
354 0.608824 0.557142 -0.564735 -0.0602397 -0.673629 0.739064 0.00290804 -0.00445843 0.418995 0.378651 0.825267 -0.0708163
355 0.592191 0.58253 -0.556749 -0.0582193 -0.705115 0.709046 -0.0081223 -0.00122751 0.390029 0.397382 0.830641 -0.0719616
356 0.585942 0.596939 -0.548029 -0.0580525 -0.723236 0.69027 -0.021395 -0.000706244 0.365516 0.40889 0.836186 -0.0724596
357 0.585081 0.606151 -0.538759 -0.0570883 -0.733164 0.679301 -0.0319268 0.000201175 0.346627 0.413679 0.841855 -0.0767724
358 0.585461 0.615881 -0.527186 -0.05638 -0.740335 0.671158 -0.0380965 0.000867848 0.330362 0.412598 0.848895 -0.079856
359 0.58514 0.626729 -0.514609 -0.0561857 -0.747407 0.663013 -0.0423784 0.00124976 0.314632 0.40942 0.856377 -0.0803418
360 0.584584 0.649491 -0.486234 -0.0553054 -0.764857 0.64109 -0.063222 0.00523696 0.270658 0.408858 0.871539 -0.0796002
361 0.595764 0.650769 -0.470708 -0.0570816 -0.759952 0.646392 -0.0681943 0.00331333 0.259883 0.398343 0.87965 -0.0821594
362 0.595645 0.657897 -0.460845 -0.0591677 -0.762459 0.643589 -0.0667034 0.0010222 0.252711 0.391107 0.88497 -0.0788276
363 0.595538 0.664141 -0.451942 -0.0571458 -0.766929 0.637472 -0.0738226 0.00369256 0.239071 0.390571 0.888988 -0.0781923
364 0.600358 0.668003 -0.439707 -0.0586967 -0.766941 0.636734 -0.0798243 0.002045 0.226653 0.385152 0.894587 -0.0763531
365 0.598069 0.676324 -0.429999 -0.0584191 -0.772551 0.62927 -0.0847628 0.0033015 0.213258 0.38289 0.898842 -0.078109
366 0.596176 0.685377 -0.41813 -0.0580089 -0.777629 0.622474 -0.088428 0.00373644 0.199668 0.377868 0.904073 -0.0796956
367 0.594067 0.694421 -0.406035 -0.0582292 -0.782729 0.615423 -0.0926791 0.00351038 0.185525 0.372873 0.909146 -0.0786098
