22 0.99833 -0.0260716 0.051546 -0.012758 0.0262851 0.999648 -0.00346848 0.00176217 -0.0514374 0.00481759 0.998665 0.0117938
23 0.99814 -0.0264802 0.0549166 -0.0116948 0.0267005 0.999638 -0.00328272 0.00137682 -0.0548098 0.00474292 0.998486 0.0120988
24 0.99776 -0.0279717 0.060773 -0.0134637 0.0282117 0.999597 -0.00309407 0.00335308 -0.0606619 0.00480165 0.998147 0.0129916
25 0.997327 -0.0301424 0.0665623 -0.0164853 0.0301852 0.999544 0.000361798 0.00374582 -0.0665429 0.00164837 0.997782 0.0161605
26 0.997037 -0.0318559 0.0700129 -0.016701 0.031638 0.99949 0.00421891 0.00189227 -0.0701117 -0.00199135 0.997537 0.0180446
27 0.996653 -0.0341759 0.0742638 -0.0153111 0.0337691 0.999407 0.00672685 0.000438553 -0.0744496 -0.00419652 0.997216 0.0183481
28 0.995833 -0.038716 0.0825663 -0.0154912 0.0381176 0.999234 0.00881148 0.00101213 -0.0828442 -0.00562753 0.996547 0.0194856
29 0.994686 -0.0454096 0.0923948 -0.0177264 0.0445264 0.998941 0.011599 0.00126376 -0.0928237 -0.0074234 0.995655 0.0228811
30 0.993648 -0.0523899 0.099596 -0.0193973 0.051262 0.998589 0.0138516 0.00210188 -0.100181 -0.00865811 0.994932 0.0257661
31 0.99167 -0.0641343 0.111698 -0.0212522 0.0623279 0.997863 0.0195932 0.00426589 -0.112716 -0.0124681 0.993549 0.0309314
32 0.991259 -0.0693468 0.112235 -0.019686 0.06669 0.997401 0.0272603 0.000489811 -0.113834 -0.019537 0.993308 0.0372108
33 0.990841 -0.0719925 0.114242 -0.0187165 0.0692474 0.997211 0.0278235 -0.00284972 -0.115926 -0.0196577 0.993063 0.0405786
34 0.990237 -0.0779004 0.115593 -0.0161462 0.0755484 0.996839 0.0245975 -0.000601907 -0.117143 -0.0156245 0.992992 0.0395454
35 0.989332 -0.0828937 0.119792 -0.013838 0.0801658 0.996404 0.0274233 -0.000319314 -0.121634 -0.0175275 0.99242 0.0413665
36 0.988355 -0.0830075 0.127534 -0.0161099 0.0798052 0.996358 0.0300262 -0.00344363 -0.129562 -0.0194986 0.99138 0.0461421
37 0.987678 -0.0859033 0.130819 -0.0171989 0.0831002 0.996182 0.0267475 -0.00361971 -0.132618 -0.0155468 0.991045 0.0491626
38 0.987312 -0.0906573 0.130369 -0.0144618 0.0882753 0.995808 0.0239473 -0.00289808 -0.131994 -0.012135 0.991176 0.0491674
39 0.986838 -0.0938295 0.131709 -0.0108853 0.0914337 0.995519 0.0241348 -0.00377652 -0.133383 -0.0117746 0.990995 0.0496829
40 0.985087 -0.0980828 0.141359 -0.00597413 0.0957042 0.995131 0.0235445 -0.00586756 -0.142981 -0.00966471 0.989678 0.0520022
41 0.983979 -0.0999296 0.147648 -0.00451798 0.0976594 0.994964 0.0225644 -0.00445877 -0.149159 -0.00778366 0.988783 0.0534743
42 0.983448 -0.103678 0.148596 -0.000408319 0.100793 0.994545 0.0268321 -0.0051895 -0.150567 -0.0114105 0.988534 0.0547395
43 0.982741 -0.106624 0.151167 0.00219921 0.102906 0.994169 0.0322354 -0.00697893 -0.153722 -0.0161232 0.987983 0.057172
44 0.982064 -0.108514 0.154191 0.00569477 0.104164 0.993907 0.0360388 -0.00897475 -0.157162 -0.0193313 0.987384 0.0584614
45 0.981017 -0.112568 0.157904 0.0109652 0.107609 0.993403 0.0396373 -0.0105575 -0.161324 -0.0218929 0.986659 0.0590515
46 0.979229 -0.117377 0.165328 0.0163163 0.111675 0.992796 0.0434049 -0.0118817 -0.169231 -0.0240404 0.985283 0.0595974
47 0.977009 -0.119872 0.176306 0.0198786 0.113304 0.992453 0.0468972 -0.0138828 -0.180597 -0.0258429 0.983218 0.0625604
48 0.97524 -0.119551 0.186049 0.0214838 0.11264 0.992508 0.0473259 -0.0124093 -0.190313 -0.0251976 0.9814 0.0659406
49 0.974245 -0.118242 0.192003 0.0248387 0.110706 0.992617 0.0495527 -0.0139666 -0.196445 -0.0270206 0.980142 0.0682316
50 0.9727 -0.110956 0.203823 0.0324647 0.101765 0.993283 0.0550674 -0.0139293 -0.208564 -0.032822 0.977458 0.0705429
51 0.971557 -0.107096 0.211203 0.0347231 0.0966214 0.993551 0.0593379 -0.0157979 -0.216195 -0.0372435 0.97564 0.0735746
52 0.970715 -0.104022 0.216545 0.0362481 0.0928916 0.993807 0.0609892 -0.0160519 -0.221548 -0.0390879 0.974366 0.0775277
53 0.970763 -0.101117 0.217703 0.0382296 0.0896897 0.994052 0.0617746 -0.0157522 -0.222654 -0.0404428 0.974058 0.0801509
54 0.971371 -0.100546 0.21524 0.0434754 0.0888125 0.99402 0.0635327 -0.0160469 -0.220341 -0.0425978 0.974492 0.0836512
55 0.971786 -0.0983983 0.214359 0.0485695 0.0861727 0.994113 0.0656733 -0.0187771 -0.21956 -0.0453485 0.974545 0.0851012
56 0.971811 -0.0965861 0.215067 0.0530425 0.0843444 0.994287 0.0654098 -0.0216488 -0.220156 -0.0454262 0.974406 0.0868144
57 0.970807 -0.10018 0.217938 0.0647112 0.0884127 0.994082 0.0631177 -0.0212469 -0.222971 -0.0420066 0.97392 0.0847893
58 0.969976 -0.0994706 0.221929 0.0684961 0.0870395 0.994073 0.065133 -0.023442 -0.227092 -0.0438609 0.972885 0.0878806
59 0.969256 -0.102342 0.223763 0.0736881 0.0901829 0.993872 0.0639251 -0.0257407 -0.228934 -0.0417802 0.972545 0.0898934
60 0.968142 -0.108324 0.225757 0.0807273 0.0972854 0.993477 0.0594922 -0.0237499 -0.230729 -0.035634 0.972365 0.0903346
61 0.966898 -0.109871 0.230297 0.0853083 0.0991962 0.993407 0.0574672 -0.0222564 -0.235093 -0.0327203 0.971422 0.090792
62 0.965648 -0.111956 0.234498 0.088641 0.100951 0.993172 0.0584613 -0.0237667 -0.239442 -0.0327804 0.970357 0.0939973
63 0.964634 -0.115765 0.236812 0.0928518 0.105292 0.992838 0.0564513 -0.0259917 -0.241651 -0.0295204 0.969914 0.0952024
64 0.962523 -0.12827 0.238949 0.102411 0.118818 0.991468 0.0536125 -0.0250725 -0.243787 -0.0232118 0.969551 0.0968888
65 0.961436 -0.136659 0.238673 0.108736 0.127706 0.990413 0.0526566 -0.0268534 -0.243581 -0.0201459 0.969671 0.100961
66 0.960233 -0.141263 0.240825 0.114228 0.133406 0.989864 0.0487088 -0.0282615 -0.245265 -0.0146442 0.969346 0.101875
67 0.95914 -0.141579 0.244961 0.11795 0.135153 0.989894 0.0429363 -0.0293095 -0.248564 -0.00807475 0.968582 0.103345
68 0.957915 -0.145681 0.247337 0.12246 0.140849 0.989331 0.0372162 -0.0278151 -0.25012 -0.000812843 0.968215 0.103893
69 0.956544 -0.149573 0.250302 0.126534 0.14528 0.988748 0.0356498 -0.0281876 -0.252817 0.00226318 0.967511 0.1064
70 0.955448 -0.150957 0.253635 0.134071 0.148988 0.988468 0.027069 -0.0276448 -0.254796 0.0119255 0.966921 0.109361
71 0.954624 -0.155343 0.254089 0.139596 0.153205 0.987789 0.0283066 -0.0246406 -0.255384 0.0119056 0.966767 0.114705
72 0.954119 -0.154071 0.256746 0.143183 0.150966 0.988025 0.0318853 -0.0284323 -0.258584 0.00833752 0.965953 0.119073
73 0.953446 -0.154865 0.258761 0.147036 0.151977 0.98789 0.031254 -0.0298409 -0.260468 0.00952679 0.965436 0.122589
74 0.952709 -0.156111 0.260721 0.151598 0.153491 0.987679 0.030513 -0.0300708 -0.262272 0.0109483 0.964932 0.125514
75 0.950654 -0.157655 0.267213 0.161719 0.154469 0.987445 0.0330403 -0.0334793 -0.269067 0.0098662 0.963071 0.132785
76 0.948693 -0.158009 0.273888 0.165531 0.154364 0.987396 0.0349523 -0.0347326 -0.275958 0.00911952 0.961126 0.137341
77 0.946651 -0.161123 0.27909 0.167799 0.157391 0.986884 0.035886 -0.0343151 -0.281212 0.00995485 0.959594 0.143376
78 0.945496 -0.164173 0.28122 0.172444 0.159907 0.986392 0.0382159 -0.0356281 -0.283667 0.0088361 0.958882 0.148257
79 0.944271 -0.167038 0.283637 0.176727 0.162235 0.98592 0.0405162 -0.0373506 -0.286412 0.00775761 0.958075 0.153559
80 0.943199 -0.169975 0.285456 0.182405 0.164498 0.985429 0.0432402 -0.0397565 -0.288646 0.00617297 0.957416 0.158036
81 0.938262 -0.173546 0.299244 0.192955 0.16668 0.984816 0.048528 -0.0443741 -0.303122 0.00434602 0.952942 0.167998
82 0.93507 -0.177291 0.30694 0.193461 0.170454 0.984138 0.0491702 -0.0428389 -0.310788 0.00634136 0.950458 0.17384
83 0.934276 -0.17932 0.308176 0.195782 0.171791 0.98378 0.0516306 -0.0439789 -0.312436 0.00470464 0.949927 0.179217
84 0.935309 -0.176883 0.306447 0.199716 0.168455 0.984231 0.0539625 -0.0459136 -0.311159 0.00115085 0.950357 0.183757
85 0.936283 -0.173982 0.305132 0.203968 0.164618 0.984746 0.0563657 -0.0482926 -0.310284 -0.00254398 0.950641 0.187888
86 0.936441 -0.172333 0.305582 0.208555 0.162083 0.985023 0.0588085 -0.0499958 -0.31114 -0.0055411 0.950348 0.191948
87 0.936258 -0.168452 0.308293 0.210908 0.157172 0.98567 0.0612523 -0.0541499 -0.314193 -0.00889287 0.949317 0.19783
88 0.936497 -0.167267 0.308212 0.219053 0.158207 0.985909 0.054347 -0.0559136 -0.31296 -0.00213464 0.949764 0.204809
89 0.935265 -0.170738 0.310047 0.222546 0.161936 0.985316 0.0541139 -0.0543452 -0.314733 -0.000403079 0.94918 0.207983
90 0.9342 -0.174792 0.310997 0.225135 0.16518 0.984603 0.0572004 -0.0568542 -0.316206 -0.00206611 0.948688 0.215141
91 0.933897 -0.180217 0.308801 0.229155 0.171954 0.983623 0.0540099 -0.0562028 -0.313477 0.00265977 0.949592 0.216058
92 0.933196 -0.185486 0.3078 0.233399 0.177128 0.982642 0.055139 -0.0545297 -0.312685 0.00306448 0.949852 0.217675
93 0.932549 -0.187233 0.308701 0.236534 0.177742 0.982316 0.0588533 -0.0553436 -0.314261 -1.43717e-05 0.949337 0.220853
94 0.931986 -0.190671 0.308297 0.238366 0.180416 0.981652 0.061717 -0.0550693 -0.314408 -0.00189752 0.949286 0.223336
95 0.931984 -0.196258 0.304776 0.245358 0.183958 0.980519 0.0688644 -0.0562151 -0.312354 -0.00811443 0.949931 0.227155
96 0.931868 -0.197969 0.304023 0.248331 0.184778 0.980149 0.0718695 -0.0571302 -0.312216 -0.0107961 0.94995 0.229257
97 0.931336 -0.201357 0.303427 0.251673 0.187686 0.979446 0.0738866 -0.0587907 -0.312068 -0.0118642 0.949986 0.230997
98 0.930317 -0.205621 0.303694 0.255307 0.192072 0.978573 0.0741789 -0.0579921 -0.31244 -0.010679 0.949878 0.231152
99 0.929838 -0.208859 0.302949 0.260812 0.194725 0.97787 0.0764963 -0.0589824 -0.312222 -0.0121373 0.949932 0.232816
100 0.928927 -0.210932 0.304307 0.264454 0.196837 0.977435 0.0766495 -0.0602522 -0.313608 -0.0113028 0.949485 0.233335
101 0.927219 -0.216376 0.305691 0.267706 0.202998 0.976279 0.0753035 -0.0584877 -0.314734 -0.007768 0.949148 0.233159
102 0.925951 -0.220635 0.306489 0.27105 0.207048 0.975328 0.0765938 -0.0578369 -0.315827 -0.00746412 0.948787 0.233182
103 0.925961 -0.222806 0.304883 0.279716 0.208444 0.974813 0.079318 -0.0581194 -0.314876 -0.00989438 0.949081 0.233536
104 0.925044 -0.224676 0.30629 0.283879 0.210087 0.974383 0.0802522 -0.0585529 -0.316475 -0.00988917 0.948549 0.234097
105 0.924008 -0.227355 0.307438 0.287898 0.21308 0.973778 0.0797088 -0.0581155 -0.317499 -0.00814252 0.948224 0.233322
106 0.923926 -0.22747 0.3076 0.291282 0.213334 0.973755 0.0793081 -0.0563335 -0.317567 -0.00765336 0.948205 0.2327
107 0.925861 -0.22406 0.304268 0.297527 0.209639 0.974524 0.0797175 -0.0583251 -0.314377 -0.010021 0.949245 0.23449
108 0.927129 -0.221045 0.302608 0.302671 0.208018 0.975241 0.075054 -0.0567369 -0.311706 -0.0066367 0.950155 0.232865
109 0.931006 -0.206973 0.300651 0.30876 0.194056 0.978303 0.072558 -0.0562122 -0.309145 -0.00920861 0.95097 0.233475
110 0.933975 -0.200468 0.295811 0.31415 0.189055 0.979678 0.0670068 -0.0550583 -0.303232 -0.00665821 0.952893 0.231513
111 0.935909 -0.195061 0.293302 0.319582 0.183964 0.980765 0.0652436 -0.0522481 -0.300387 -0.00710508 0.953791 0.229826
112 0.937918 -0.185559 0.293048 0.323705 0.173636 0.982567 0.0664318 -0.0532141 -0.300266 -0.0114238 0.953787 0.230177
113 0.940245 -0.176573 0.291139 0.328772 0.164907 0.984208 0.0643396 -0.0533927 -0.297902 -0.012484 0.954515 0.229853
114 0.942123 -0.170951 0.288411 0.332035 0.159681 0.985198 0.0623454 -0.0516124 -0.2948 -0.0126833 0.955475 0.229235
115 0.94461 -0.164949 0.28373 0.335817 0.153493 0.986183 0.0623107 -0.0517699 -0.290088 -0.0153088 0.956877 0.229645
116 0.949406 -0.154018 0.273692 0.345214 0.143777 0.987955 0.0572172 -0.052334 -0.279208 -0.0149719 0.960114 0.228697
117 0.950869 -0.150974 0.270287 0.350102 0.141157 0.988429 0.0555162 -0.0527345 -0.275541 -0.0146356 0.961178 0.228092
118 0.952052 -0.148939 0.267234 0.353559 0.139747 0.988757 0.0532055 -0.0536059 -0.272153 -0.0133094 0.962162 0.228589
119 0.953799 -0.14736 0.261825 0.358071 0.139989 0.989051 0.0466928 -0.0515251 -0.265839 -0.0078828 0.963985 0.229211
120 0.955373 -0.146509 0.256512 0.363741 0.140295 0.989199 0.0424673 -0.0492796 -0.259963 -0.00458485 0.965608 0.227828
121 0.956453 -0.145405 0.253093 0.36794 0.139235 0.989359 0.0422213 -0.0508501 -0.256539 -0.00514339 0.96652 0.22956
122 0.95729 -0.146772 0.249108 0.372308 0.141889 0.98917 0.0375483 -0.0537804 -0.251921 -0.00059901 0.967748 0.231051
123 0.958152 -0.150758 0.243347 0.377683 0.148456 0.988526 0.0278804 -0.0488787 -0.244758 0.00941272 0.969539 0.229089
124 0.959482 -0.152061 0.237217 0.381489 0.150243 0.988312 0.0258318 -0.0463744 -0.238372 0.010855 0.971113 0.231518
125 0.963002 -0.149087 0.224499 0.391774 0.14781 0.988758 0.0225827 -0.0484003 -0.225342 0.0114359 0.974213 0.235201
126 0.963659 -0.148471 0.222077 0.396662 0.147931 0.988812 0.0191581 -0.0480433 -0.222437 0.0143903 0.974841 0.236616
127 0.963927 -0.149613 0.220136 0.400477 0.149383 0.988619 0.0177884 -0.0463796 -0.220292 0.0157379 0.975307 0.237457
128 0.96406 -0.151222 0.218451 0.405192 0.1504 0.988413 0.020487 -0.0466395 -0.219018 0.0131044 0.975633 0.240004
129 0.964245 -0.15107 0.217736 0.408214 0.149951 0.988454 0.0217539 -0.0479587 -0.218508 0.0116735 0.975765 0.243084
130 0.965097 -0.154977 0.211116 0.412663 0.154411 0.987819 0.019264 -0.0464979 -0.21153 0.0140071 0.977271 0.246137
131 0.965708 -0.15948 0.204874 0.418674 0.158799 0.987111 0.0198666 -0.0456937 -0.205402 0.0133486 0.978587 0.248899
132 0.965936 -0.161462 0.20223 0.42299 0.160415 0.986812 0.0216726 -0.0460124 -0.203062 0.0115063 0.979098 0.251741
133 0.966107 -0.173234 0.191384 0.432918 0.172081 0.98482 0.0227567 -0.0476868 -0.192421 0.0109482 0.981251 0.258578
134 0.965802 -0.17696 0.189506 0.438078 0.175781 0.984157 0.0231463 -0.0469159 -0.190599 0.0109568 0.981607 0.262017
135 0.966519 -0.177028 0.185746 0.443193 0.175591 0.984163 0.0242944 -0.0484248 -0.187105 0.00913433 0.982297 0.266474
136 0.967177 -0.17819 0.181155 0.448499 0.17673 0.983959 0.0243022 -0.0487744 -0.182579 0.008511 0.983154 0.269726
137 0.966548 -0.182406 0.180312 0.454318 0.180183 0.983212 0.0287699 -0.0504261 -0.182533 0.00468166 0.983189 0.274962
138 0.965904 -0.184212 0.181921 0.460118 0.181293 0.982886 0.0326913 -0.0542489 -0.18483 0.00140444 0.98277 0.280349
139 0.965655 -0.183175 0.184276 0.466691 0.180139 0.98308 0.0332323 -0.0574821 -0.187245 0.00110425 0.982313 0.285165
140 0.964541 -0.182268 0.190887 0.471703 0.17924 0.983246 0.0331634 -0.0579393 -0.193734 0.00222719 0.981052 0.290152
141 0.963378 -0.181555 0.197332 0.474805 0.177928 0.983381 0.0361125 -0.0610612 -0.200608 0.000320759 0.979671 0.293554
142 0.963162 -0.180512 0.199332 0.477759 0.17678 0.983573 0.0365193 -0.064902 -0.20265 6.39132e-05 0.979251 0.298624
143 0.963553 -0.178083 0.19963 0.483306 0.175034 0.98401 0.0329663 -0.0657524 -0.202308 0.00317708 0.979317 0.303072
144 0.963458 -0.174419 0.203289 0.487635 0.171107 0.984669 0.0338945 -0.0662977 -0.206085 0.0021283 0.978532 0.306918
145 0.961135 -0.175604 0.213033 0.493334 0.171384 0.984461 0.0382684 -0.0711257 -0.216442 -0.000270813 0.976295 0.31656
146 0.96078 -0.178032 0.212619 0.496833 0.173278 0.984021 0.040944 -0.072731 -0.216511 -0.00249599 0.976277 0.321529
147 0.960432 -0.181778 0.211015 0.502869 0.176666 0.983331 0.04299 -0.0743997 -0.215312 -0.0040097 0.976537 0.327534
148 0.96006 -0.184441 0.210397 0.505847 0.179299 0.982836 0.0434276 -0.0775325 -0.214795 -0.00396918 0.976651 0.332659
149 0.960496 -0.186775 0.206307 0.510073 0.182572 0.982403 0.0393976 -0.0809005 -0.210035 -0.000175284 0.977694 0.338254
150 0.961142 -0.187529 0.202582 0.513778 0.184611 0.982245 0.0333778 -0.0796444 -0.205244 0.00531811 0.978696 0.341691
151 0.962534 -0.184781 0.198456 0.515691 0.180983 0.98278 0.0372677 -0.0810212 -0.201925 4.5729e-05 0.979401 0.344883
152 0.965308 -0.178243 0.190816 0.519134 0.173334 0.983956 0.042253 -0.0841975 -0.195286 -0.00771236 0.980716 0.351121
153 0.967839 -0.172785 0.182847 0.523897 0.168156 0.984922 0.0406474 -0.0865433 -0.187114 -0.00859333 0.982301 0.358993
154 0.969606 -0.169155 0.176777 0.528719 0.164998 0.985559 0.0380663 -0.0883994 -0.180664 -0.00774133 0.983514 0.363458
155 0.971674 -0.163722 0.170424 0.528444 0.159666 0.986465 0.0373333 -0.0912551 -0.174229 -0.00906492 0.984663 0.365692
156 0.975557 -0.156899 0.153852 0.530317 0.153261 0.987555 0.0353006 -0.0932803 -0.157476 -0.0108581 0.987463 0.370149
157 0.979353 -0.150255 0.135247 0.536216 0.146976 0.988557 0.0339699 -0.0942872 -0.138804 -0.0133904 0.990229 0.37592
158 0.982183 -0.143133 0.121777 0.542049 0.139947 0.989562 0.0343745 -0.0951823 -0.125426 -0.0167198 0.991962 0.383174
159 0.984248 -0.136569 0.112273 0.548376 0.133632 0.990471 0.0333161 -0.0957321 -0.115753 -0.017788 0.993119 0.3911
160 0.985762 -0.129951 0.106704 0.553104 0.127236 0.991359 0.0319004 -0.0972257 -0.109927 -0.0178696 0.993779 0.397347
161 0.987027 -0.126266 0.0991694 0.558217 0.12377 0.991828 0.0309503 -0.100094 -0.102267 -0.0182746 0.994589 0.402778
162 0.988515 -0.1204 0.0913329 0.562821 0.118149 0.992552 0.0296855 -0.101939 -0.0942268 -0.0185537 0.995378 0.408423
163 0.990379 -0.111344 0.0821755 0.566925 0.109363 0.9936 0.02825 -0.103988 -0.0847951 -0.0189912 0.996217 0.413822
164 0.992385 -0.101037 0.0704597 0.571821 0.0994602 0.994714 0.0255438 -0.105901 -0.072668 -0.0183413 0.997188 0.418883
165 0.994218 -0.0899562 0.0586423 0.577001 0.0887002 0.995777 0.0236851 -0.105941 -0.0605253 -0.0183466 0.997998 0.423288
166 0.996033 -0.0752286 0.0475253 0.58276 0.0741645 0.996963 0.0237733 -0.109048 -0.0491694 -0.0201543 0.998587 0.431193
167 0.997507 -0.060216 0.0367978 0.586972 0.0595384 0.998041 0.0192435 -0.11141 -0.0378844 -0.0170047 0.999137 0.435378
168 0.998588 -0.0471836 0.0244003 0.5914 0.0468051 0.998778 0.0158591 -0.113592 -0.0251187 -0.0146946 0.999576 0.438758
169 0.999326 -0.0353349 0.00995208 0.596474 0.0352134 0.999306 0.0121333 -0.116029 -0.0103739 -0.0117747 0.999877 0.443717
170 0.99974 -0.0225608 -0.00331148 0.602676 0.0225826 0.999723 0.00668457 -0.117071 0.00315975 -0.00675761 0.999972 0.448226
171 0.999861 -0.00926393 -0.0138382 0.606715 0.00929568 0.999954 0.0022316 -0.119955 0.0138169 -0.00235993 0.999902 0.452267
172 0.999605 0.00110925 -0.0280977 0.611835 -0.00117671 0.999996 -0.00238452 -0.121841 0.028095 0.00241664 0.999602 0.452791
173 0.999001 0.0109984 -0.0433018 0.617074 -0.0112144 0.999926 -0.00474923 -0.122777 0.0432463 0.0052301 0.999051 0.455732
174 0.99812 0.0247273 -0.0560881 0.621472 -0.0250924 0.999668 -0.00581434 -0.124298 0.0559257 0.00721079 0.998409 0.460334
175 0.996909 0.0389186 -0.0682422 0.626596 -0.0394828 0.999196 -0.00693899 -0.124811 0.0679173 0.00961194 0.997645 0.463103
176 0.995668 0.0519791 -0.0770951 0.631564 -0.0525707 0.998601 -0.00566323 -0.125732 0.0766929 0.00969164 0.997008 0.468019
177 0.994637 0.0629426 -0.082068 0.63539 -0.0635368 0.997969 -0.00464599 -0.127412 0.0816089 0.00983541 0.996616 0.471896
178 0.993733 0.0683724 -0.0884257 0.637477 -0.0690292 0.997605 -0.00438767 -0.130413 0.0879139 0.0104641 0.996073 0.47345
179 0.992739 0.0693169 -0.0983051 0.641596 -0.0701835 0.99752 -0.00538084 -0.131383 0.0976882 0.0122412 0.995142 0.477231
180 0.991802 0.0705103 -0.106572 0.645116 -0.071355 0.997442 -0.00412875 -0.132922 0.106008 0.0116993 0.994296 0.481418
181 0.990604 0.0702647 -0.117329 0.648586 -0.0711826 0.997457 -0.00364585 -0.135544 0.116774 0.0119634 0.993086 0.48559
182 0.989291 0.0702517 -0.127936 0.653136 -0.0717594 0.997396 -0.00720867 -0.135874 0.127097 0.0163121 0.991756 0.491794
183 0.988462 0.0731492 -0.132634 0.657008 -0.0749402 0.997151 -0.00855509 -0.138126 0.131631 0.018396 0.991128 0.497422
184 0.987771 0.075773 -0.136263 0.658634 -0.0780301 0.996887 -0.011292 -0.140126 0.134984 0.0217865 0.990608 0.501082
185 0.986685 0.0771725 -0.143165 0.661302 -0.0799281 0.996708 -0.0135889 -0.141177 0.141645 0.0248509 0.989606 0.505142
186 0.985582 0.0791911 -0.14952 0.663549 -0.082365 0.996487 -0.0151455 -0.143887 0.147795 0.0272423 0.988643 0.510852
187 0.984159 0.0815041 -0.157444 0.665015 -0.0855262 0.996156 -0.0189306 -0.145662 0.155295 0.0320962 0.987347 0.514684
188 0.982371 0.0846906 -0.16666 0.667124 -0.0895098 0.995752 -0.0216071 -0.147429 0.164122 0.0361439 0.985778 0.520743
189 0.980605 0.0875068 -0.175377 0.670429 -0.0930389 0.995384 -0.0235581 -0.149915 0.172506 0.039418 0.984219 0.525863
190 0.979689 0.0881832 -0.180093 0.672895 -0.0940774 0.995265 -0.0244367 -0.151014 0.177085 0.040883 0.983346 0.532444
191 0.979594 0.0887403 -0.180333 0.675098 -0.093887 0.995378 -0.0201902 -0.153869 0.177708 0.0367092 0.983398 0.539655
192 0.979156 0.0909437 -0.181609 0.675648 -0.0962295 0.995148 -0.0204906 -0.15777 0.178865 0.0375396 0.983157 0.546218
193 0.978337 0.0916646 -0.18562 0.676248 -0.097463 0.994988 -0.0223383 -0.160664 0.182642 0.0399454 0.982368 0.552158
194 0.977273 0.0946472 -0.189683 0.677372 -0.100492 0.994707 -0.0214156 -0.163985 0.186653 0.0399906 0.981612 0.559343
195 0.975595 0.10335 -0.193734 0.678943 -0.109034 0.993859 -0.0188798 -0.168266 0.190593 0.0395426 0.980873 0.566796
196 0.974379 0.111177 -0.195511 0.67921 -0.116757 0.993011 -0.017213 -0.171555 0.192231 0.0395993 0.98055 0.573495
197 0.974073 0.112028 -0.196551 0.679364 -0.116822 0.993069 -0.0129287 -0.175255 0.19374 0.0355549 0.980408 0.580353
198 0.973831 0.107305 -0.200346 0.680306 -0.111809 0.993666 -0.0112689 -0.18036 0.197868 0.0333744 0.97966 0.58857
199 0.973201 0.102165 -0.206016 0.681587 -0.107357 0.99412 -0.014154 -0.18282 0.203358 0.0358919 0.978446 0.595854
200 0.971754 0.102246 -0.212696 0.685032 -0.107464 0.994123 -0.0130858 -0.185877 0.210108 0.0355734 0.977031 0.603295
201 0.970538 0.107819 -0.215478 0.685124 -0.11266 0.99358 -0.0102782 -0.188629 0.212987 0.0342513 0.976455 0.610409
202 0.969768 0.108233 -0.218712 0.685426 -0.112279 0.993658 -0.00611821 -0.191689 0.216663 0.03049 0.97577 0.617811
203 0.969036 0.107358 -0.222358 0.685949 -0.110715 0.993849 -0.00265288 -0.196099 0.220706 0.0271892 0.974961 0.625667
204 0.967459 0.109361 -0.228173 0.686003 -0.113031 0.993587 -0.00303953 -0.19979 0.226377 0.0287314 0.973616 0.632197
205 0.965445 0.108071 -0.237141 0.689618 -0.111692 0.993741 -0.001846 -0.203126 0.235457 0.028269 0.971474 0.637949
206 0.96454 0.106449 -0.241518 0.691123 -0.109508 0.993986 0.000761532 -0.205693 0.240147 0.0257135 0.970396 0.64472
207 0.963506 0.108016 -0.244925 0.692143 -0.110318 0.993887 0.00434334 -0.209718 0.243897 0.0228349 0.969532 0.651317
208 0.962427 0.111011 -0.247811 0.692432 -0.112835 0.99359 0.00687841 -0.212842 0.246986 0.0213417 0.968784 0.657168
209 0.961026 0.114422 -0.251666 0.692854 -0.115537 0.993249 0.0103931 -0.215994 0.251156 0.0190887 0.967758 0.662647
210 0.959443 0.117017 -0.256468 0.69381 -0.117251 0.992997 0.0144334 -0.219302 0.256361 0.0162231 0.966445 0.668967
211 0.957166 0.119121 -0.263901 0.697408 -0.118123 0.992803 0.0197057 -0.22459 0.264349 0.0123112 0.964349 0.674718
212 0.955316 0.121266 -0.269565 0.697718 -0.119635 0.992562 0.0225346 -0.227915 0.270293 0.0107218 0.962718 0.680144
213 0.952515 0.123386 -0.278371 0.698676 -0.120953 0.992319 0.0259653 -0.23059 0.279436 0.00893749 0.960123 0.685284
214 0.948905 0.125678 -0.289455 0.700721 -0.122574 0.992038 0.0289035 -0.233934 0.290783 0.00805301 0.956755 0.692672
215 0.945643 0.128882 -0.298578 0.702808 -0.126492 0.991589 0.0274034 -0.235968 0.299598 0.0118537 0.953992 0.699609
216 0.94271 0.131611 -0.306554 0.706498 -0.129074 0.991222 0.0286276 -0.238309 0.307631 0.0125807 0.951423 0.705134
217 0.94271 0.131608 -0.306557 0.706503 -0.129071 0.991222 0.0286286 -0.238311 0.307634 0.0125791 0.951422 0.705131
218 0.940043 0.138479 -0.311678 0.708441 -0.135543 0.990281 0.0311774 -0.241651 0.312966 0.0129377 0.949676 0.711867
219 0.936598 0.146157 -0.318469 0.708286 -0.143868 0.989116 0.0308341 -0.243962 0.31951 0.0169384 0.947432 0.716328
220 0.931505 0.148971 -0.331822 0.709178 -0.146661 0.988664 0.0321464 -0.245817 0.332849 0.0187206 0.942794 0.721037
221 0.925193 0.151743 -0.347838 0.71282 -0.149545 0.988193 0.0333283 -0.24743 0.348788 0.0211823 0.936962 0.729599
222 0.918794 0.158589 -0.36148 0.715693 -0.15744 0.986983 0.0328356 -0.250042 0.361982 0.0267423 0.931801 0.736583
223 0.912377 0.164044 -0.375044 0.7178 -0.164696 0.985871 0.0305593 -0.252037 0.374758 0.0338867 0.926503 0.742637
224 0.905714 0.169532 -0.38851 0.721426 -0.171732 0.984707 0.0293415 -0.252525 0.387543 0.0401446 0.920977 0.748622
225 0.898821 0.18136 -0.399037 0.723865 -0.183422 0.982468 0.0333728 -0.25446 0.398093 0.0431958 0.916328 0.75467
226 0.889716 0.19521 -0.412672 0.72784 -0.196985 0.979642 0.0387116 -0.257658 0.411828 0.0468477 0.910057 0.760961
227 0.881287 0.208659 -0.424022 0.729564 -0.209085 0.976809 0.0461214 -0.259896 0.423812 0.0480103 0.904477 0.766244
228 0.872319 0.220845 -0.436219 0.729972 -0.22005 0.974043 0.0530903 -0.262923 0.436621 0.0496785 0.898273 0.773417
229 0.862176 0.231201 -0.450775 0.732432 -0.22941 0.971509 0.0595019 -0.26564 0.451689 0.0521112 0.890652 0.778853
230 0.853028 0.241185 -0.462789 0.73344 -0.237375 0.96907 0.0674992 -0.268078 0.464755 0.0522756 0.883895 0.785393
231 0.843899 0.24964 -0.474883 0.733831 -0.245098 0.966771 0.0726624 -0.270325 0.477243 0.0550733 0.877044 0.792712
232 0.843919 0.249635 -0.47485 0.733788 -0.245101 0.966772 0.0726429 -0.2703 0.477206 0.0550814 0.877064 0.79269
233 0.834357 0.256296 -0.488017 0.736563 -0.251375 0.964827 0.0769332 -0.271556 0.49057 0.0584856 0.869437 0.797678
234 0.824344 0.26553 -0.499951 0.737728 -0.258371 0.962293 0.0850709 -0.273954 0.503688 0.059045 0.861865 0.803937
235 0.814087 0.273312 -0.512408 0.737206 -0.266089 0.959812 0.0892039 -0.275362 0.516196 0.0637263 0.854096 0.811124
236 0.804222 0.278674 -0.524945 0.739538 -0.271265 0.958002 0.092987 -0.276777 0.528812 0.0676173 0.846041 0.815109
237 0.795204 0.284656 -0.535371 0.739552 -0.274971 0.956237 0.100008 -0.27835 0.540409 0.0676849 0.838676 0.820034
238 0.785949 0.287905 -0.547169 0.738631 -0.275949 0.955279 0.106271 -0.27942 0.553296 0.0674667 0.830248 0.824704
239 0.774458 0.291262 -0.561588 0.739822 -0.276842 0.954233 0.113124 -0.280847 0.568835 0.0678608 0.819647 0.830962
240 0.76289 0.298756 -0.573362 0.740005 -0.283036 0.951663 0.119279 -0.28248 0.581283 0.0712849 0.810573 0.837551
241 0.753515 0.304788 -0.582511 0.738994 -0.287821 0.949554 0.124522 -0.285408 0.591079 0.0738296 0.803228 0.844001
242 0.749268 0.304957 -0.587877 0.737138 -0.287848 0.949401 0.125623 -0.28708 0.59644 0.0750939 0.799137 0.848971
243 0.743937 0.303951 -0.595123 0.738071 -0.286736 0.949612 0.126566 -0.288427 0.603606 0.0764863 0.793606 0.852609
244 0.737868 0.304689 -0.602259 0.73718 -0.284864 0.949524 0.131367 -0.290032 0.611885 0.0746305 0.787418 0.857661
245 0.731204 0.304636 -0.610359 0.733969 -0.283841 0.949482 0.133857 -0.291503 0.620303 0.075368 0.780733 0.86492
246 0.724072 0.302953 -0.619628 0.73477 -0.28262 0.949808 0.134129 -0.293119 0.629162 0.0779999 0.77335 0.870172
247 0.720053 0.302812 -0.624363 0.734863 -0.280805 0.949954 0.136882 -0.294566 0.634565 0.0767619 0.769048 0.873875
248 0.716217 0.303098 -0.628622 0.730714 -0.280484 0.949828 0.138404 -0.295422 0.639032 0.0771911 0.765297 0.881313
249 0.711053 0.302586 -0.634701 0.730435 -0.280878 0.949753 0.138117 -0.297672 0.644602 0.0800651 0.760314 0.88637
250 0.707383 0.305747 -0.637282 0.730957 -0.281824 0.94884 0.142397 -0.300849 0.648216 0.0788722 0.757361 0.890671
251 0.70542 0.308604 -0.63808 0.725607 -0.284682 0.947795 0.14367 -0.300587 0.649106 0.0803024 0.756447 0.897541
252 0.700757 0.309973 -0.642539 0.722527 -0.287422 0.94701 0.143391 -0.302455 0.652938 0.0841976 0.752717 0.903026
253 0.698244 0.309647 -0.645425 0.721316 -0.28612 0.947177 0.144881 -0.305385 0.656194 0.0835069 0.749958 0.907778
254 0.69811 0.308348 -0.646191 0.718066 -0.285056 0.9476 0.144214 -0.307256 0.656799 0.0835233 0.749426 0.914977
255 0.698625 0.306463 -0.646533 0.714104 -0.286268 0.947871 0.139967 -0.30845 0.655724 0.0872968 0.749936 0.920442
256 0.69654 0.306187 -0.648908 0.710911 -0.289343 0.947447 0.136471 -0.310357 0.656592 0.0926999 0.748528 0.924605
257 0.692793 0.307719 -0.652186 0.708413 -0.292414 0.946572 0.135998 -0.313486 0.65919 0.0964893 0.74576 0.928637
258 0.689447 0.310672 -0.654329 0.70539 -0.296165 0.945295 0.13676 -0.316865 0.661021 0.0995005 0.743741 0.933938
259 0.687398 0.312618 -0.655557 0.701127 -0.301028 0.944075 0.134556 -0.31907 0.660959 0.104847 0.743061 0.939656
260 0.685725 0.314603 -0.656358 0.697168 -0.307374 0.942575 0.130665 -0.321969 0.659774 0.112147 0.743048 0.942495
261 0.683202 0.318018 -0.657343 0.695399 -0.312101 0.940992 0.130868 -0.326859 0.660173 0.115748 0.742141 0.946018
262 0.683207 0.319732 -0.656505 0.690576 -0.31572 0.940009 0.129243 -0.328832 0.658444 0.118972 0.743167 0.952766
263 0.683374 0.318491 -0.656935 0.686398 -0.318465 0.939747 0.12432 -0.332007 0.656947 0.124253 0.743627 0.956935
264 0.682416 0.317904 -0.658213 0.683451 -0.318841 0.939752 0.123317 -0.33537 0.65776 0.125712 0.742663 0.959859
265 0.679623 0.318283 -0.660915 0.679393 -0.321916 0.938983 0.121167 -0.337078 0.659153 0.130412 0.740615 0.965589
266 0.676732 0.317545 -0.664228 0.677275 -0.322404 0.938915 0.12039 -0.342261 0.661884 0.132678 0.737771 0.968624
267 0.675607 0.314024 -0.667041 0.675216 -0.318269 0.940333 0.120327 -0.345064 0.665027 0.131005 0.73524 0.970985
268 0.673516 0.312601 -0.669819 0.671862 -0.314576 0.941235 0.122957 -0.347138 0.668894 0.127896 0.732273 0.974713
269 0.669093 0.313714 -0.67372 0.668168 -0.313745 0.94103 0.126596 -0.349848 0.673706 0.126671 0.728063 0.977811
270 0.662916 0.314319 -0.679519 0.664808 -0.313522 0.940739 0.129287 -0.351624 0.679887 0.127337 0.722177 0.983551
271 0.658441 0.315701 -0.683219 0.663247 -0.314499 0.94013 0.131321 -0.35288 0.683773 0.128404 0.718308 0.987941
272 0.655592 0.321183 -0.683403 0.657535 -0.318864 0.938135 0.135013 -0.353524 0.684489 0.129399 0.717448 0.990898
273 0.648627 0.326248 -0.687637 0.65162 -0.324194 0.93584 0.138206 -0.355504 0.688608 0.133284 0.71278 0.995135
274 0.640876 0.329006 -0.693566 0.650978 -0.326663 0.934496 0.141449 -0.358075 0.694673 0.135911 0.70637 0.999348
275 0.635491 0.336187 -0.695075 0.648742 -0.333115 0.931516 0.145987 -0.358912 0.696553 0.138766 0.703959 1.00341
276 0.628997 0.345268 -0.696529 0.644176 -0.342164 0.927468 0.150754 -0.360105 0.698059 0.143503 0.701513 1.00738
277 0.6208 0.350553 -0.701228 0.639522 -0.347407 0.924851 0.154785 -0.363007 0.702792 0.147521 0.695932 1.01059
278 0.607143 0.352852 -0.71195 0.638021 -0.348975 0.923367 0.160031 -0.367711 0.713859 0.151292 0.683752 1.01827
279 0.598382 0.35311 -0.719202 0.637209 -0.351591 0.922325 0.160312 -0.368721 0.719947 0.156937 0.676053 1.02424
280 0.593834 0.356299 -0.721396 0.635318 -0.35655 0.920294 0.161033 -0.369891 0.721272 0.161587 0.67354 1.02898
281 0.590719 0.356862 -0.723672 0.631794 -0.359744 0.919287 0.159673 -0.371893 0.722243 0.166015 0.671419 1.03402
282 0.588641 0.352386 -0.727548 0.630603 -0.358568 0.920428 0.155698 -0.374042 0.724521 0.169225 0.668156 1.03764
283 0.587328 0.349394 -0.730047 0.630364 -0.359493 0.920774 0.15146 -0.375194 0.725128 0.17349 0.666401 1.04164
284 0.585725 0.349406 -0.731329 0.628906 -0.362221 0.920032 0.149458 -0.376981 0.725067 0.177361 0.665448 1.04423
285 0.581083 0.350815 -0.734351 0.62637 -0.366023 0.918569 0.14919 -0.378954 0.72689 0.182098 0.662172 1.04611
286 0.571692 0.353739 -0.740295 0.624521 -0.372194 0.915916 0.15023 -0.380727 0.73119 0.189648 0.655282 1.04907
287 0.561532 0.357756 -0.746119 0.622892 -0.382861 0.911709 0.149012 -0.380961 0.733553 0.201984 0.648924 1.05382
288 0.552179 0.36344 -0.75034 0.622265 -0.390611 0.907872 0.15229 -0.386317 0.736561 0.208999 0.643271 1.05672
289 0.545447 0.368957 -0.752568 0.62064 -0.396113 0.90477 0.156481 -0.388368 0.738635 0.212749 0.639653 1.05848
290 0.537132 0.373336 -0.756379 0.617791 -0.398797 0.902564 0.162291 -0.391694 0.74327 0.21447 0.633681 1.06014
291 0.524686 0.375874 -0.763821 0.615576 -0.402406 0.900183 0.166556 -0.39355 0.750182 0.219977 0.623568 1.06266
292 0.511269 0.379591 -0.771048 0.614523 -0.407829 0.896881 0.171114 -0.394498 0.756491 0.22697 0.613356 1.06605
293 0.490423 0.392273 -0.778208 0.609561 -0.419026 0.889113 0.184108 -0.39709 0.764135 0.235799 0.600414 1.07259
294 0.478051 0.395863 -0.784066 0.607005 -0.420908 0.88675 0.191076 -0.400715 0.770911 0.238676 0.590534 1.07784
295 0.466999 0.400523 -0.788348 0.604679 -0.429034 0.882198 0.194053 -0.399629 0.773202 0.247606 0.583824 1.08288
296 0.457252 0.406199 -0.791153 0.601413 -0.438579 0.876893 0.196741 -0.401559 0.773673 0.257023 0.579111 1.08621
297 0.443175 0.41146 -0.796428 0.597135 -0.438852 0.874278 0.207478 -0.405109 0.781668 0.257565 0.568028 1.08864
298 0.432395 0.416926 -0.799505 0.59322 -0.439653 0.87162 0.216756 -0.406427 0.787236 0.25778 0.560187 1.09104
299 0.419332 0.41969 -0.804997 0.58777 -0.443966 0.868259 0.221405 -0.405287 0.791867 0.26455 0.550418 1.0975
300 0.409333 0.421147 -0.809371 0.585559 -0.447921 0.865592 0.223868 -0.405823 0.794866 0.270898 0.542956 1.10096
301 0.401843 0.423607 -0.811837 0.581376 -0.450528 0.8633 0.227458 -0.406629 0.797212 0.274353 0.537758 1.10339
302 0.38249 0.430435 -0.817574 0.575595 -0.453589 0.858369 0.239708 -0.409521 0.804959 0.279157 0.523558 1.10761
303 0.373406 0.435464 -0.819109 0.569403 -0.455417 0.855301 0.247094 -0.409277 0.808185 0.28077 0.517692 1.11108
304 0.361458 0.438398 -0.822895 0.564725 -0.456359 0.852808 0.253878 -0.410995 0.813071 0.28377 0.508321 1.11565
305 0.352526 0.439393 -0.826232 0.56012 -0.459235 0.850517 0.256367 -0.411256 0.81537 0.289058 0.501615 1.11951
306 0.345463 0.440769 -0.828479 0.556078 -0.461294 0.848571 0.259106 -0.41208 0.817229 0.292661 0.496474 1.12216
307 0.3311 0.442649 -0.833328 0.545056 -0.462107 0.846053 0.265803 -0.415072 0.822697 0.297079 0.484679 1.12754
308 0.32215 0.441787 -0.837283 0.540975 -0.464423 0.844446 0.266876 -0.415044 0.824943 0.302879 0.477215 1.13142
309 0.312633 0.444235 -0.839592 0.537547 -0.467476 0.841403 0.271123 -0.418191 0.826878 0.307727 0.47072 1.13556
310 0.302452 0.441483 -0.844758 0.52613 -0.47533 0.83806 0.267799 -0.420918 0.826187 0.320543 0.463323 1.14001
311 0.295676 0.441355 -0.84722 0.522042 -0.480149 0.835369 0.267612 -0.420975 0.825853 0.327665 0.458915 1.14184
312 0.288128 0.44339 -0.848756 0.515485 -0.486663 0.831148 0.268984 -0.422348 0.824707 0.335557 0.455259 1.14415
313 0.280487 0.443662 -0.85117 0.51001 -0.493364 0.827299 0.268641 -0.42346 0.823358 0.344586 0.450934 1.14547
314 0.266029 0.451046 -0.851931 0.498621 -0.50479 0.818098 0.275504 -0.424691 0.821228 0.356754 0.445321 1.14791
315 0.255135 0.454337 -0.853513 0.492269 -0.507962 0.814082 0.281506 -0.429654 0.822728 0.36173 0.438487 1.14986
316 0.246247 0.455572 -0.855463 0.487903 -0.514457 0.809475 0.282993 -0.429699 0.821399 0.370412 0.433702 1.15208
317 0.235507 0.462424 -0.85481 0.474197 -0.513802 0.805826 0.294369 -0.431749 0.824951 0.369877 0.427372 1.15411
318 0.22461 0.461316 -0.858334 0.467087 -0.511335 0.805623 0.299179 -0.432941 0.82951 0.371698 0.416838 1.15581
319 0.213604 0.46002 -0.861832 0.46388 -0.509147 0.805329 0.303668 -0.431884 0.833752 0.373935 0.406239 1.15749
320 0.203638 0.462334 -0.863005 0.457063 -0.500882 0.806582 0.313917 -0.436887 0.841219 0.368338 0.395825 1.16281
321 0.186461 0.460401 -0.867907 0.444767 -0.496362 0.806511 0.321193 -0.439724 0.847854 0.370906 0.378909 1.16566
322 0.175562 0.460343 -0.870208 0.443726 -0.499331 0.803436 0.324281 -0.43862 0.848437 0.377591 0.370916 1.16877
323 0.168296 0.464911 -0.869215 0.437115 -0.501305 0.799614 0.330622 -0.440793 0.848746 0.380099 0.367635 1.17087
324 0.153395 0.463539 -0.872698 0.426994 -0.500984 0.797716 0.335654 -0.441959 0.851754 0.385721 0.354591 1.17264
325 0.142141 0.465454 -0.873584 0.420688 -0.498259 0.796226 0.343165 -0.446221 0.855298 0.386493 0.345093 1.1752
326 0.130358 0.465926 -0.875168 0.416125 -0.498746 0.793702 0.348266 -0.447518 0.856889 0.391088 0.335844 1.17799
327 0.111298 0.468947 -0.876186 0.407245 -0.500224 0.788265 0.35835 -0.447927 0.858713 0.398406 0.322311 1.1825
328 0.100348 0.471509 -0.876133 0.399762 -0.500495 0.784976 0.365127 -0.449179 0.859904 0.40186 0.314759 1.1847
329 0.0870173 0.472564 -0.87699 0.394449 -0.500093 0.782091 0.371807 -0.452271 0.861589 0.406223 0.304381 1.18721
330 0.0624218 0.476926 -0.876724 0.383844 -0.50176 0.77435 0.385511 -0.453123 0.862751 0.415841 0.287639 1.19427
331 0.0487634 0.47923 -0.876333 0.377914 -0.502819 0.76987 0.393031 -0.45427 0.863015 0.421472 0.278508 1.19608
332 0.034817 0.48075 -0.876166 0.371484 -0.499988 0.767474 0.401242 -0.455633 0.865332 0.424103 0.267091 1.20092
333 0.00557233 0.482071 -0.876114 0.359865 -0.505113 0.757498 0.413592 -0.460662 0.863035 0.440232 0.247722 1.20852
334 -0.00860911 0.484059 -0.874993 0.354994 -0.507916 0.751626 0.420808 -0.461267 0.861363 0.448046 0.239391 1.21341
335 -0.021597 0.487548 -0.872829 0.346469 -0.512334 0.744289 0.428424 -0.463715 0.858515 0.456433 0.233713 1.21827
336 -0.0466244 0.488783 -0.871159 0.336344 -0.521625 0.731844 0.438535 -0.469864 0.8519 0.474864 0.22084 1.2249
337 -0.0563238 0.488751 -0.870604 0.330548 -0.523692 0.727944 0.442543 -0.473168 0.850044 0.480854 0.214954 1.22867
338 -0.0742721 0.486815 -0.870342 0.323564 -0.526494 0.722064 0.448807 -0.475971 0.846928 0.491564 0.202676 1.23504
339 -0.0834217 0.488961 -0.868308 0.319187 -0.522767 0.720348 0.455866 -0.480905 0.848384 0.491952 0.19552 1.23837
340 -0.0919339 0.487781 -0.868112 0.314701 -0.519508 0.720256 0.45972 -0.483322 0.849505 0.493255 0.18719 1.24072
341 -0.107598 0.484347 -0.868234 0.307333 -0.512817 0.721123 0.465833 -0.48658 0.851728 0.495368 0.17079 1.25134
342 -0.11031 0.486359 -0.866768 0.302224 -0.510421 0.720581 0.46929 -0.488582 0.85282 0.494184 0.16876 1.2549
343 -0.108046 0.486438 -0.867009 0.293667 -0.504002 0.724929 0.469532 -0.494369 0.856918 0.487705 0.16684 1.26383
344 -0.104008 0.48605 -0.86772 0.291541 -0.503548 0.726633 0.467379 -0.494486 0.857684 0.48555 0.169174 1.26402
345 -0.103346 0.487312 -0.867091 0.286797 -0.497088 0.729779 0.469389 -0.496118 0.861524 0.47953 0.166817 1.265
346 -0.102395 0.47938 -0.871614 0.278227 -0.484938 0.740991 0.464508 -0.499882 0.868533 0.470242 0.156596 1.27339
347 -0.0988651 0.477735 -0.872923 0.273927 -0.483136 0.743847 0.461813 -0.5006 0.869946 0.467398 0.15727 1.27708
348 -0.0925447 0.476069 -0.874525 0.271333 -0.481128 0.747574 0.457875 -0.503121 0.871752 0.463132 0.159866 1.28035
349 -0.0828406 0.475488 -0.875813 0.26472 -0.477437 0.752477 0.453687 -0.503118 0.874752 0.455729 0.16468 1.28207
350 -0.0799059 0.477898 -0.874773 0.260986 -0.474628 0.75347 0.454984 -0.502934 0.876552 0.451548 0.166617 1.28284
351 -0.079586 0.477571 -0.874981 0.249475 -0.469808 0.756193 0.455469 -0.505174 0.879174 0.447322 0.164185 1.28775
352 -0.0729029 0.478162 -0.875241 0.243894 -0.469473 0.757814 0.453114 -0.50668 0.879932 0.443935 0.169237 1.28953
353 -0.0620099 0.474891 -0.877857 0.236454 -0.473023 0.760513 0.444825 -0.50698 0.878865 0.442831 0.177475 1.28729
354 -0.0583307 0.472806 -0.879234 0.233342 -0.472113 0.762955 0.441598 -0.503202 0.879606 0.440857 0.178714 1.28829
355 -0.0555387 0.475898 -0.877745 0.225549 -0.469612 0.763345 0.443586 -0.505543 0.881124 0.436836 0.181092 1.28939
356 -0.0485108 0.470226 -0.881212 0.216263 -0.467113 0.769147 0.436141 -0.506351 0.882866 0.432783 0.182336 1.28922
357 -0.0445821 0.469179 -0.881977 0.211079 -0.467456 0.770444 0.433476 -0.50598 0.882892 0.431611 0.184972 1.29016
358 -0.0373823 0.462944 -0.885599 0.201291 -0.468309 0.774762 0.424772 -0.507453 0.882774 0.430613 0.187838 1.28759
359 -0.0337167 0.462026 -0.886225 0.196284 -0.463729 0.778268 0.423385 -0.507049 0.885335 0.425243 0.188014 1.28735
360 -0.0298256 0.459974 -0.887432 0.188898 -0.461569 0.781162 0.420405 -0.506374 0.886603 0.42215 0.189011 1.28656
361 -0.0231531 0.455506 -0.889932 0.180311 -0.462878 0.784125 0.413391 -0.504815 0.88612 0.421501 0.192689 1.28749
362 -0.0180005 0.456107 -0.889743 0.174575 -0.463662 0.784608 0.411592 -0.504818 0.885829 0.419949 0.197356 1.28616
363 -0.00985168 0.457709 -0.889047 0.164534 -0.458614 0.787999 0.410768 -0.503435 0.888581 0.411777 0.202149 1.28551
