29 0.997772 0.0650548 0.0148137 0.00892072 -0.0655814 0.997109 0.0383759 -0.0131968 -0.0122743 -0.0392619 0.999154 0.015533
30 0.997851 0.0639175 0.0144469 0.00614435 -0.0644772 0.997021 0.0423327 -0.019404 -0.0116981 -0.0431732 0.998999 0.0171126
31 0.99828 0.0584325 0.00469728 0.00804927 -0.0585613 0.997672 0.034951 -0.0204152 -0.00264407 -0.035166 0.999378 0.0174514
32 0.99839 0.0566956 -0.0019873 0.00883106 -0.0566102 0.997942 0.0301271 -0.0179769 0.00369129 -0.0299661 0.999544 0.0161543
33 0.9978 0.0648197 -0.0139286 0.0124407 -0.0642462 0.997199 0.0382915 -0.0154279 0.0163717 -0.0373124 0.99917 0.0154642
34 0.996767 0.0769447 -0.0231205 0.0129681 -0.0755624 0.995586 0.0556655 -0.0188369 0.0273016 -0.0537385 0.998182 0.0196126
35 0.996495 0.0793664 -0.0264439 0.0126873 -0.0776519 0.995141 0.060544 -0.0211384 0.0311206 -0.0582783 0.997815 0.0213387
36 0.996604 0.0771651 -0.0287271 0.0121453 -0.0748928 0.994502 0.0731838 -0.0246807 0.0342164 -0.0707839 0.996905 0.0217317
37 0.996101 0.0817679 -0.0331173 0.0120835 -0.0785793 0.992995 0.088239 -0.0280414 0.0401004 -0.0852926 0.995549 0.0233562
38 0.995573 0.0834915 -0.0431787 0.0120388 -0.0786526 0.991495 0.103687 -0.0312071 0.0514685 -0.0998316 0.993672 0.0241792
39 0.994462 0.0917104 -0.0513353 0.0132174 -0.0850494 0.989174 0.11959 -0.0305044 0.0617471 -0.114561 0.991495 0.025709
40 0.993328 0.101257 -0.0551888 0.0147277 -0.0933111 0.986941 0.131301 -0.0303045 0.0677633 -0.125276 0.989805 0.0277253
41 0.991127 0.119827 -0.0575171 0.0147986 -0.110514 0.983347 0.144277 -0.0349268 0.0738475 -0.136641 0.987864 0.0288494
42 0.988381 0.138605 -0.0623881 0.0147581 -0.127683 0.979792 0.153962 -0.0367607 0.0824673 -0.144207 0.986105 0.0291635
43 0.987105 0.145803 -0.0660714 0.0164696 -0.13386 0.978198 0.158774 -0.0402146 0.0877807 -0.147883 0.985102 0.0326047
44 0.986265 0.149502 -0.0702203 0.0165942 -0.13697 0.977871 0.158136 -0.0440457 0.092308 -0.146345 0.984917 0.0309875
45 0.984448 0.158301 -0.0761785 0.0167943 -0.144182 0.975788 0.164468 -0.0516279 0.100369 -0.150926 0.983436 0.0305822
46 0.983736 0.160045 -0.0815381 0.0175678 -0.145217 0.975821 0.163358 -0.0555549 0.105711 -0.14886 0.983192 0.0304045
47 0.983317 0.158601 -0.089067 0.0206644 -0.143294 0.977023 0.157776 -0.0551307 0.112044 -0.142381 0.98345 0.0287012
48 0.98201 0.164931 -0.0919449 0.0226459 -0.148907 0.975815 0.160036 -0.0598575 0.116116 -0.143465 0.98282 0.0292792
49 0.98113 0.170756 -0.0906983 0.023555 -0.15516 0.975235 0.15761 -0.0640579 0.115365 -0.140563 0.983327 0.028163
50 0.980487 0.174691 -0.0901512 0.0237891 -0.159387 0.974879 0.155587 -0.0639432 0.115066 -0.138183 0.9837 0.0262652
51 0.979678 0.180352 -0.0877758 0.0233323 -0.164458 0.972784 0.163232 -0.0709451 0.114826 -0.145479 0.982675 0.0268391
52 0.979842 0.178953 -0.088799 0.0222911 -0.162696 0.972763 0.165115 -0.0755536 0.115928 -0.147339 0.982269 0.0259227
53 0.978196 0.184663 -0.0950355 0.0240815 -0.166809 0.971195 0.170164 -0.0739976 0.123721 -0.150601 0.980822 0.0264215
54 0.977549 0.189856 -0.0913916 0.0226837 -0.17072 0.967874 0.184594 -0.0818614 0.123502 -0.164847 0.978556 0.0269514
55 0.977001 0.189803 -0.0971766 0.0230046 -0.16914 0.967331 0.188847 -0.0819525 0.129846 -0.168067 0.977187 0.0257088
56 0.97351 0.202611 -0.105959 0.020847 -0.178251 0.962763 0.203259 -0.0854453 0.143196 -0.178987 0.973375 0.0288362
57 0.972769 0.205788 -0.106637 0.0205053 -0.180327 0.961018 0.209585 -0.0886665 0.14561 -0.184648 0.971958 0.0291882
58 0.97065 0.213544 -0.110622 0.0195784 -0.185707 0.957791 0.21943 -0.0917519 0.15281 -0.192447 0.969337 0.028001
59 0.968716 0.220253 -0.114357 0.0185992 -0.189986 0.954639 0.229279 -0.0965804 0.159669 -0.20038 0.96662 0.0292975
60 0.968376 0.217876 -0.121567 0.0194237 -0.184671 0.953559 0.237954 -0.102596 0.167765 -0.207979 0.963639 0.0298142
61 0.966897 0.220828 -0.127849 0.0197943 -0.185048 0.951816 0.244548 -0.105243 0.175692 -0.212794 0.961172 0.0313158
62 0.967019 0.219787 -0.128713 0.0196207 -0.183373 0.951491 0.247062 -0.10956 0.17677 -0.215311 0.960413 0.0309616
63 0.966726 0.217257 -0.135057 0.019565 -0.177887 0.950323 0.255424 -0.115651 0.183841 -0.2229 0.957349 0.027256
64 0.964277 0.222841 -0.14322 0.0188786 -0.178961 0.946649 0.26801 -0.117047 0.195303 -0.232805 0.952711 0.0302228
65 0.964641 0.219181 -0.14638 0.0199871 -0.17356 0.946214 0.273049 -0.124682 0.198354 -0.237988 0.950798 0.0311508
66 0.964875 0.214743 -0.151332 0.019079 -0.167177 0.946258 0.276852 -0.125017 0.202651 -0.241828 0.948921 0.0262392
67 0.963522 0.213498 -0.161381 0.0176357 -0.159514 0.942319 0.294261 -0.131124 0.214897 -0.257784 0.942001 0.0288008
68 0.963264 0.206506 -0.171691 0.0184316 -0.148178 0.941875 0.301521 -0.134836 0.223977 -0.265003 0.937874 0.028778
69 0.962024 0.207214 -0.177685 0.0211058 -0.14499 0.939433 0.310553 -0.139925 0.231274 -0.272997 0.933801 0.0303017
70 0.962025 0.209912 -0.174483 0.0267392 -0.146567 0.936505 0.318555 -0.154226 0.230273 -0.280884 0.931707 0.0354259
71 0.964763 0.210789 -0.15748 0.0197372 -0.154897 0.938803 0.307663 -0.153767 0.212695 -0.272428 0.938373 0.0305412
72 0.965784 0.207224 -0.155944 0.0186505 -0.152035 0.939522 0.306893 -0.156736 0.210109 -0.272684 0.938881 0.0283342
73 0.967137 0.201952 -0.154473 0.0221231 -0.146602 0.939312 0.310162 -0.165621 0.207736 -0.277323 0.93805 0.0324605
74 0.969053 0.19973 -0.145069 0.0205359 -0.148895 0.941655 0.301854 -0.167581 0.196894 -0.270913 0.942252 0.0291499
75 0.970011 0.196998 -0.142371 0.0180497 -0.147904 0.94322 0.297423 -0.167532 0.192879 -0.267447 0.944071 0.0242164
76 0.971217 0.190941 -0.142407 0.0146221 -0.141302 0.943134 0.300887 -0.168908 0.19176 -0.272104 0.942967 0.02058
77 0.97112 0.185052 -0.150604 0.0142751 -0.13133 0.941585 0.310114 -0.174517 0.199194 -0.281379 0.938695 0.020627
78 0.96952 0.181697 -0.164367 0.0185822 -0.123666 0.94203 0.311907 -0.177992 0.211511 -0.282074 0.935787 0.0242142
79 0.969624 0.180594 -0.164968 0.0207765 -0.121781 0.941341 0.314717 -0.182813 0.212127 -0.285068 0.93474 0.0250086
80 0.971019 0.178321 -0.159135 0.0211345 -0.120763 0.940646 0.317177 -0.192421 0.206249 -0.288767 0.93492 0.0270913
81 0.972994 0.173326 -0.152451 0.0224376 -0.119913 0.943869 0.307787 -0.194581 0.197241 -0.281194 0.939162 0.0259
82 0.974693 0.168298 -0.147136 0.0228646 -0.118142 0.946568 0.300086 -0.188574 0.189778 -0.275109 0.942496 0.0219929
83 0.975015 0.168419 -0.144849 0.0211476 -0.117096 0.943778 0.309148 -0.19929 0.188771 -0.284462 0.939918 0.0249251
84 0.975948 0.162568 -0.145248 0.0243431 -0.113173 0.947268 0.299791 -0.199873 0.186325 -0.276142 0.942883 0.0226532
85 0.976362 0.162158 -0.142907 0.0244202 -0.114442 0.948729 0.294645 -0.199373 0.183359 -0.271325 0.944861 0.0200631
86 0.976334 0.162554 -0.142645 0.0240189 -0.114252 0.947708 0.297986 -0.205031 0.183625 -0.274637 0.943852 0.021263
87 0.976826 0.16034 -0.141785 0.0265092 -0.112701 0.948471 0.296143 -0.211177 0.181962 -0.273301 0.944561 0.0228601
88 0.977294 0.160984 -0.137768 0.0260381 -0.115615 0.950025 0.289975 -0.21145 0.177565 -0.267463 0.947066 0.0204127
89 0.977315 0.16143 -0.137101 0.0258314 -0.116353 0.950134 0.289322 -0.21348 0.17697 -0.266806 0.947363 0.0198333
90 0.97739 0.161287 -0.136729 0.0264516 -0.115972 0.949616 0.291169 -0.218186 0.176802 -0.268729 0.946851 0.0203291
91 0.977078 0.162562 -0.137451 0.0263904 -0.117087 0.949603 0.290765 -0.22145 0.177791 -0.268007 0.94687 0.0204977
92 0.976833 0.162272 -0.139515 0.0268739 -0.116327 0.949839 0.2903 -0.224854 0.179624 -0.267345 0.946711 0.0207408
93 0.9766 0.161406 -0.142126 0.027509 -0.114801 0.950079 0.290122 -0.227178 0.181859 -0.267017 0.946377 0.0207101
94 0.975839 0.159825 -0.148975 0.0334928 -0.111016 0.949966 0.291959 -0.233774 0.188183 -0.268367 0.944757 0.0255369
95 0.976419 0.157982 -0.147131 0.0373173 -0.110572 0.951321 0.287683 -0.234139 0.185418 -0.264631 0.946357 0.0263254
96 0.976726 0.160736 -0.142021 0.0337147 -0.114548 0.950696 0.288193 -0.236423 0.181342 -0.265217 0.946982 0.0242239
97 0.976028 0.159745 -0.147822 0.0334062 -0.111083 0.949689 0.292834 -0.240672 0.187164 -0.269394 0.944668 0.0234998
98 0.975396 0.155815 -0.155962 0.0380663 -0.103995 0.94898 0.297695 -0.242553 0.19439 -0.274151 0.941835 0.0286305
99 0.9748 0.15752 -0.15796 0.0412941 -0.104477 0.948005 0.300617 -0.246851 0.1971 -0.276538 0.940573 0.0312365
100 0.974329 0.160007 -0.158371 0.0425406 -0.106411 0.947237 0.302356 -0.250233 0.198394 -0.277742 0.939946 0.0332438
101 0.974631 0.15671 -0.159798 0.0465282 -0.102518 0.947246 0.30367 -0.252426 0.198957 -0.279584 0.939281 0.0352823
102 0.974174 0.159079 -0.160245 0.0481487 -0.104015 0.946061 0.306837 -0.256844 0.200413 -0.282245 0.938175 0.0383695
103 0.973588 0.161828 -0.161052 0.0505465 -0.106499 0.945858 0.306613 -0.259973 0.201951 -0.281363 0.93811 0.0408197
104 0.973431 0.163446 -0.160367 0.0512788 -0.108434 0.945885 0.305848 -0.261287 0.201679 -0.280333 0.938477 0.0407015
105 0.972289 0.167164 -0.163436 0.0535723 -0.110164 0.944209 0.310375 -0.265429 0.206201 -0.283769 0.936459 0.0435667
106 0.971649 0.168411 -0.165937 0.0578174 -0.110141 0.943474 0.31261 -0.271877 0.209205 -0.285471 0.935275 0.0496709
107 0.971482 0.170099 -0.165192 0.0623108 -0.113404 0.945154 0.306307 -0.272182 0.208235 -0.278838 0.93749 0.0496111
108 0.970675 0.176718 -0.162973 0.0635604 -0.120883 0.944809 0.304506 -0.272699 0.20779 -0.275876 0.938465 0.050328
109 0.970075 0.18074 -0.162137 0.0644251 -0.124587 0.943671 0.306535 -0.275273 0.208407 -0.277161 0.937949 0.0514749
110 0.969647 0.18208 -0.163192 0.0646431 -0.124632 0.94227 0.310795 -0.279973 0.210361 -0.281022 0.936363 0.0539465
111 0.968714 0.181181 -0.169607 0.0666017 -0.122239 0.943085 0.30927 -0.277949 0.215987 -0.278862 0.935727 0.0532046
112 0.966858 0.181691 -0.179373 0.0741748 -0.118079 0.941112 0.316805 -0.281765 0.226371 -0.285126 0.931375 0.0600219
113 0.96621 0.18423 -0.18027 0.0804608 -0.118795 0.938959 0.322867 -0.292247 0.228747 -0.290542 0.929118 0.0677958
114 0.967646 0.182047 -0.174699 0.0827424 -0.120857 0.94222 0.312434 -0.291596 0.221482 -0.281212 0.933737 0.0663385
115 0.967264 0.183814 -0.174963 0.0848034 -0.123434 0.943181 0.308503 -0.29075 0.221729 -0.276808 0.934994 0.0647169
116 0.966517 0.184734 -0.178095 0.0866032 -0.122046 0.94147 0.314227 -0.298077 0.225719 -0.28197 0.932493 0.0689675
117 0.966671 0.180805 -0.181262 0.0907171 -0.118074 0.943052 0.310984 -0.300585 0.227167 -0.279217 0.93297 0.072853
118 0.965937 0.183012 -0.182953 0.09512 -0.120427 0.943679 0.308168 -0.303568 0.229047 -0.275639 0.933574 0.0738728
119 0.964823 0.186068 -0.185728 0.0980403 -0.122814 0.943633 0.307366 -0.30647 0.23245 -0.273744 0.933291 0.0745642
120 0.964535 0.184185 -0.18907 0.101769 -0.120145 0.944149 0.306835 -0.30952 0.235025 -0.273237 0.932794 0.0775294
121 0.964569 0.183995 -0.189084 0.104589 -0.121678 0.946155 0.299975 -0.307694 0.234097 -0.266339 0.93502 0.0778313
122 0.96335 0.188457 -0.190897 0.105814 -0.12582 0.945949 0.298915 -0.311146 0.236911 -0.263941 0.934991 0.0792995
123 0.961983 0.191226 -0.194993 0.109416 -0.127793 0.946156 0.29742 -0.311997 0.241368 -0.261194 0.934623 0.0813123
124 0.961667 0.191406 -0.196368 0.112373 -0.128215 0.94685 0.295017 -0.312947 0.242399 -0.258531 0.935096 0.0831207
125 0.960921 0.193446 -0.198014 0.113845 -0.129643 0.946497 0.295528 -0.315308 0.244588 -0.258308 0.934588 0.0845222
126 0.959815 0.194115 -0.202669 0.115788 -0.129239 0.946789 0.294768 -0.316556 0.249104 -0.256729 0.933829 0.0856273
127 0.958386 0.194955 -0.208542 0.118112 -0.128188 0.946603 0.295822 -0.317721 0.255078 -0.256779 0.932202 0.0877189
128 0.955817 0.199765 -0.215658 0.120924 -0.130613 0.945828 0.297237 -0.31767 0.263353 -0.255936 0.93013 0.0898864
129 0.953768 0.203705 -0.220976 0.125124 -0.133485 0.945876 0.295806 -0.315492 0.269273 -0.252634 0.929338 0.0937298
130 0.953326 0.20597 -0.220783 0.127947 -0.136605 0.946312 0.292971 -0.315258 0.269273 -0.249137 0.930281 0.0954867
131 0.952734 0.209616 -0.219906 0.127819 -0.140036 0.94536 0.294423 -0.318234 0.269606 -0.249712 0.93003 0.0972214
132 0.952714 0.208369 -0.221174 0.127801 -0.138302 0.945445 0.294967 -0.318771 0.27057 -0.25043 0.929557 0.0986437
133 0.952606 0.204696 -0.225036 0.129523 -0.133315 0.945837 0.296007 -0.318846 0.273438 -0.251977 0.928299 0.101377
134 0.951368 0.204182 -0.23067 0.131501 -0.131117 0.945969 0.296567 -0.318484 0.27876 -0.251899 0.926736 0.10381
135 0.948479 0.213025 -0.234536 0.134192 -0.137171 0.943354 0.302104 -0.316999 0.285607 -0.254368 0.923973 0.111013
136 0.948181 0.210182 -0.238277 0.134426 -0.133351 0.943937 0.301993 -0.318028 0.288392 -0.25457 0.923052 0.11386
137 0.947062 0.210169 -0.242698 0.135758 -0.132297 0.94426 0.301447 -0.317153 0.292525 -0.25338 0.922078 0.116233
138 0.946282 0.211134 -0.244895 0.136012 -0.132385 0.943976 0.302298 -0.317216 0.295001 -0.253638 0.921218 0.119562
139 0.946054 0.20861 -0.24792 0.136608 -0.129276 0.944646 0.301549 -0.316919 0.297102 -0.253231 0.920654 0.122597
140 0.945424 0.209079 -0.249919 0.137088 -0.129111 0.944585 0.301811 -0.315949 0.299172 -0.253072 0.920028 0.125565
141 0.944235 0.218377 -0.246436 0.137285 -0.139075 0.942896 0.302664 -0.314912 0.298459 -0.251512 0.920687 0.133202
142 0.945791 0.215505 -0.242975 0.137001 -0.136812 0.942882 0.303736 -0.315806 0.294553 -0.254028 0.921254 0.136848
143 0.946059 0.214658 -0.242681 0.137029 -0.135251 0.9423 0.306231 -0.316787 0.294413 -0.256889 0.920505 0.141154
144 0.945137 0.21697 -0.244212 0.136455 -0.136052 0.941093 0.309571 -0.31807 0.296993 -0.259362 0.918981 0.146012
145 0.944885 0.21705 -0.245114 0.13738 -0.136219 0.941413 0.308521 -0.31587 0.297718 -0.258128 0.919094 0.149756
146 0.946127 0.215049 -0.24207 0.138765 -0.135329 0.941798 0.307736 -0.315248 0.29416 -0.258398 0.920163 0.156265
147 0.947722 0.214022 -0.236681 0.1385 -0.136054 0.941943 0.306974 -0.315859 0.288639 -0.258724 0.921818 0.160575
148 0.948016 0.215604 -0.234054 0.138017 -0.137397 0.940735 0.310066 -0.319051 0.287034 -0.261789 0.921454 0.165348
149 0.948209 0.216099 -0.232812 0.13681 -0.138115 0.9405 0.310459 -0.319197 0.28605 -0.262225 0.921637 0.170389
150 0.947934 0.217443 -0.232679 0.132515 -0.137106 0.938093 0.318094 -0.321416 0.287442 -0.26963 0.919063 0.175727
151 0.945741 0.221246 -0.237958 0.127657 -0.135324 0.934022 0.330591 -0.324896 0.2954 -0.280452 0.913283 0.18213
152 0.943017 0.223085 -0.246885 0.128567 -0.133008 0.932832 0.334864 -0.322098 0.305005 -0.282945 0.909348 0.188838
153 0.94106 0.230307 -0.247717 0.131453 -0.140617 0.932474 0.332745 -0.316923 0.307623 -0.2783 0.909899 0.194508
154 0.941147 0.239959 -0.238039 0.129664 -0.153724 0.93109 0.330817 -0.314555 0.301018 -0.274755 0.91318 0.200248
155 0.942675 0.243007 -0.228718 0.12877 -0.159076 0.929714 0.332156 -0.318078 0.293358 -0.276731 0.915074 0.206649
156 0.945234 0.237326 -0.224075 0.128017 -0.153766 0.929348 0.335661 -0.321813 0.287905 -0.282823 0.914944 0.213008
157 0.946209 0.236698 -0.220595 0.127189 -0.152524 0.927582 0.341068 -0.324303 0.28535 -0.289076 0.913789 0.219244
158 0.945465 0.239865 -0.220366 0.129603 -0.155355 0.926708 0.342165 -0.323114 0.286289 -0.28927 0.913434 0.227591
159 0.946636 0.240197 -0.214909 0.128819 -0.157776 0.926781 0.340857 -0.323233 0.281047 -0.28876 0.915222 0.233206
160 0.947951 0.240949 -0.208167 0.128265 -0.161024 0.926749 0.339423 -0.324027 0.274702 -0.288236 0.917311 0.238726
161 0.950676 0.236322 -0.200916 0.126868 -0.159032 0.927462 0.338413 -0.325378 0.266316 -0.28977 0.919298 0.243094
162 0.953583 0.229358 -0.195126 0.125542 -0.153541 0.927749 0.340157 -0.327797 0.259045 -0.294408 0.919902 0.247871
163 0.954568 0.226879 -0.193197 0.125482 -0.150249 0.926328 0.345458 -0.330257 0.257341 -0.300736 0.918332 0.253862
164 0.954551 0.228467 -0.191403 0.126068 -0.151779 0.9253 0.347538 -0.328799 0.256506 -0.302692 0.917923 0.259371
165 0.95609 0.22575 -0.186891 0.126997 -0.150511 0.925397 0.347832 -0.328146 0.251471 -0.30443 0.918741 0.265409
166 0.958004 0.221846 -0.181692 0.126335 -0.147786 0.924962 0.350149 -0.330714 0.245738 -0.308592 0.918904 0.271694
167 0.959563 0.218098 -0.177966 0.122545 -0.145212 0.925127 0.350789 -0.334059 0.241148 -0.310761 0.919388 0.275914
168 0.960505 0.214302 -0.177497 0.12116 -0.141946 0.925983 0.349865 -0.333924 0.239336 -0.310852 0.919831 0.278534
169 0.961912 0.208491 -0.176796 0.120379 -0.135443 0.92529 0.35425 -0.33524 0.237446 -0.316812 0.918286 0.284064
170 0.961835 0.205198 -0.181015 0.120207 -0.129505 0.92413 0.35946 -0.337114 0.241042 -0.322299 0.915435 0.290835
171 0.96113 0.204572 -0.185419 0.11904 -0.126626 0.923383 0.362395 -0.33622 0.245348 -0.32483 0.913395 0.294925
172 0.959541 0.210226 -0.187315 0.119945 -0.130665 0.92174 0.365133 -0.333927 0.249416 -0.325885 0.911916 0.300001
173 0.960509 0.208643 -0.184092 0.119431 -0.130317 0.921884 0.364894 -0.333396 0.245844 -0.326494 0.912668 0.306084
174 0.962845 0.20033 -0.181101 0.117627 -0.123043 0.922385 0.366152 -0.335512 0.240396 -0.330264 0.912762 0.309358
175 0.963043 0.197001 -0.18368 0.116799 -0.117214 0.920515 0.372711 -0.337992 0.242504 -0.337407 0.909587 0.314236
176 0.962275 0.196679 -0.187999 0.117077 -0.114281 0.919244 0.376737 -0.337062 0.246913 -0.34104 0.907042 0.317566
177 0.962385 0.194479 -0.189718 0.120599 -0.112192 0.920444 0.374427 -0.333355 0.247443 -0.339058 0.907641 0.323385
178 0.963566 0.194374 -0.18374 0.12025 -0.114442 0.920497 0.373616 -0.334433 0.241753 -0.338976 0.909203 0.328003
179 0.964104 0.194578 -0.180676 0.120153 -0.115589 0.92014 0.374142 -0.336825 0.239047 -0.339827 0.909601 0.332563
180 0.965055 0.191289 -0.179099 0.118498 -0.11181 0.918713 0.378766 -0.339831 0.236995 -0.345505 0.907998 0.335743
181 0.963965 0.191415 -0.18475 0.119313 -0.107818 0.91598 0.386467 -0.342147 0.243203 -0.352621 0.90361 0.342735
182 0.9618 0.193149 -0.193997 0.119298 -0.104971 0.914696 0.390271 -0.342279 0.252829 -0.354999 0.90003 0.347491
183 0.96052 0.192364 -0.200989 0.120568 -0.101649 0.915146 0.390096 -0.339721 0.258975 -0.354265 0.89857 0.351489
184 0.960053 0.194728 -0.200948 0.122386 -0.105444 0.916956 0.384802 -0.337127 0.259192 -0.348242 0.900859 0.355763
185 0.959411 0.198806 -0.200017 0.124224 -0.110672 0.917776 0.381366 -0.338912 0.259388 -0.34375 0.902526 0.362004
186 0.959978 0.200239 -0.195822 0.120616 -0.112957 0.916598 0.383522 -0.343026 0.256286 -0.346053 0.902532 0.3633
187 0.958455 0.205713 -0.197602 0.121527 -0.116548 0.914707 0.386946 -0.343156 0.260348 -0.34784 0.900681 0.368434
188 0.957136 0.208941 -0.200585 0.124202 -0.119352 0.915524 0.384149 -0.341658 0.263905 -0.343743 0.901219 0.374979
189 0.957415 0.208966 -0.199222 0.124204 -0.120513 0.916292 0.381951 -0.343495 0.26236 -0.341677 0.902455 0.379017
190 0.957305 0.208502 -0.200235 0.124184 -0.119674 0.916362 0.382045 -0.346183 0.263145 -0.34177 0.902191 0.384116
191 0.957674 0.204518 -0.202564 0.122387 -0.114388 0.916144 0.384182 -0.349561 0.26415 -0.344751 0.900762 0.386998
192 0.956496 0.206099 -0.206492 0.122686 -0.113688 0.915138 0.386779 -0.3495 0.268683 -0.346477 0.898756 0.390893
193 0.954165 0.213144 -0.21009 0.1256 -0.119295 0.914679 0.386174 -0.347976 0.274476 -0.343411 0.898182 0.397311
194 0.953396 0.21717 -0.209461 0.125842 -0.123457 0.914227 0.385936 -0.349485 0.275309 -0.34209 0.898432 0.402266
195 0.95411 0.21673 -0.206644 0.123064 -0.124293 0.914431 0.385184 -0.350678 0.272443 -0.341823 0.899406 0.403441
196 0.953986 0.21478 -0.209238 0.123061 -0.120392 0.913449 0.388737 -0.352426 0.274621 -0.345659 0.897275 0.408517
197 0.952106 0.218721 -0.213671 0.12341 -0.121314 0.911657 0.392637 -0.35303 0.280673 -0.347911 0.894528 0.41381
198 0.950039 0.22391 -0.217463 0.124986 -0.12476 0.911035 0.393001 -0.352147 0.286113 -0.346235 0.893454 0.41932
199 0.950437 0.221991 -0.21769 0.125274 -0.123024 0.911526 0.39241 -0.352819 0.285542 -0.34618 0.893658 0.424278
200 0.950024 0.22292 -0.218543 0.124187 -0.122397 0.909992 0.396147 -0.355144 0.287181 -0.3496 0.8918 0.428982
201 0.945913 0.235545 -0.223087 0.125071 -0.13218 0.907798 0.398034 -0.353502 0.296273 -0.347018 0.889832 0.433629
202 0.943106 0.247278 -0.22227 0.1272 -0.145077 0.90755 0.394088 -0.351136 0.299171 -0.339421 0.891791 0.438571
203 0.942895 0.250936 -0.219044 0.127663 -0.151038 0.908218 0.390292 -0.351287 0.296878 -0.33492 0.894255 0.444583
204 0.946012 0.240128 -0.217714 0.123641 -0.140405 0.908983 0.392475 -0.353555 0.292142 -0.340718 0.893624 0.445248
205 0.945972 0.240165 -0.217849 0.123739 -0.140398 0.908994 0.392452 -0.353514 0.292277 -0.340663 0.893601 0.445383
206 0.945867 0.233674 -0.225238 0.123859 -0.128582 0.907006 0.401008 -0.352404 0.297997 -0.350339 0.887953 0.451122
207 0.942003 0.242125 -0.232391 0.125599 -0.132867 0.90494 0.404265 -0.347655 0.308183 -0.349942 0.884627 0.4576
208 0.940917 0.245064 -0.233707 0.126664 -0.135495 0.904935 0.403402 -0.34488 0.310349 -0.347902 0.884674 0.462604
209 0.94294 0.238382 -0.23246 0.126673 -0.129725 0.906012 0.402883 -0.344175 0.306652 -0.349738 0.885239 0.468394
210 0.942141 0.239312 -0.234735 0.126707 -0.128557 0.904648 0.406307 -0.345586 0.309587 -0.352622 0.883071 0.474841
211 0.940079 0.242963 -0.239206 0.127163 -0.131095 0.905215 0.404228 -0.342423 0.314746 -0.348648 0.882825 0.479769
212 0.94011 0.24294 -0.239108 0.127078 -0.13106 0.905157 0.404369 -0.342547 0.314667 -0.348814 0.882787 0.479761
213 0.941561 0.237493 -0.238871 0.125722 -0.126059 0.906057 0.403942 -0.342687 0.312364 -0.350224 0.883047 0.483602
214 0.942018 0.233134 -0.241353 0.12425 -0.119991 0.905719 0.406541 -0.343038 0.313376 -0.354008 0.881177 0.488518
215 0.941347 0.232018 -0.245017 0.124028 -0.116719 0.905167 0.408716 -0.3428 0.316611 -0.356146 0.879158 0.491602
216 0.941672 0.23527 -0.240628 0.121546 -0.120912 0.903807 0.410503 -0.34228 0.314061 -0.357464 0.879537 0.494289
217 0.940349 0.240962 -0.240167 0.123268 -0.126361 0.902813 0.411049 -0.34067 0.315873 -0.356182 0.879408 0.50099
218 0.940359 0.24106 -0.24003 0.123182 -0.126532 0.902819 0.410983 -0.34065 0.315775 -0.3561 0.879477 0.500845
219 0.94111 0.239536 -0.238608 0.122622 -0.126951 0.90445 0.407251 -0.338893 0.31336 -0.352977 0.881597 0.50601
220 0.941533 0.240635 -0.235819 0.119625 -0.128601 0.903606 0.408605 -0.341944 0.311412 -0.354388 0.881721 0.509457
221 0.940918 0.24259 -0.236271 0.11708 -0.130721 0.903833 0.407428 -0.341284 0.312387 -0.352471 0.882144 0.512153
222 0.941846 0.241392 -0.233787 0.113612 -0.129913 0.903162 0.409171 -0.342854 0.309918 -0.355004 0.881999 0.514418
223 0.941494 0.244601 -0.231862 0.110483 -0.132371 0.901041 0.413041 -0.344683 0.309948 -0.358184 0.880702 0.518305
224 0.939599 0.247901 -0.236007 0.110383 -0.135211 0.902266 0.40943 -0.340264 0.314439 -0.35279 0.881287 0.52248
225 0.939602 0.24791 -0.235984 0.11036 -0.135214 0.902248 0.409471 -0.340301 0.314428 -0.352831 0.881275 0.522493
226 0.940596 0.244976 -0.235088 0.107013 -0.133186 0.903116 0.408219 -0.340695 0.312316 -0.352659 0.882094 0.524962
227 0.940758 0.244653 -0.234777 0.102801 -0.131424 0.901358 0.412653 -0.344368 0.312574 -0.357351 0.880112 0.528983
228 0.940267 0.243061 -0.238367 0.0997035 -0.128977 0.902319 0.411321 -0.341595 0.315059 -0.356007 0.879771 0.529985
229 0.941093 0.237126 -0.241071 0.0972975 -0.122384 0.903434 0.410888 -0.340565 0.315224 -0.357181 0.879236 0.533152
230 0.941065 0.237125 -0.241183 0.0973939 -0.122366 0.903471 0.410812 -0.340485 0.315315 -0.357088 0.879241 0.533182
231 0.941368 0.236043 -0.241059 0.0941998 -0.121176 0.903377 0.411371 -0.341588 0.314869 -0.358041 0.879013 0.536628
232 0.939823 0.240554 -0.242624 0.0912094 -0.124928 0.902906 0.411284 -0.34204 0.318002 -0.356224 0.878623 0.540333
233 0.938828 0.239342 -0.247624 0.0889061 -0.122706 0.904316 0.408848 -0.341075 0.321784 -0.353453 0.878365 0.543863
234 0.939978 0.234587 -0.247811 0.0832407 -0.117613 0.904445 0.410057 -0.343564 0.320325 -0.356299 0.877749 0.544518
235 0.938568 0.236999 -0.250841 0.0810801 -0.11895 0.904511 0.409526 -0.342628 0.323946 -0.35453 0.877136 0.546625
236 0.938501 0.237088 -0.25101 0.0812027 -0.118918 0.904452 0.409666 -0.342725 0.324153 -0.354622 0.877022 0.546821
237 0.937394 0.239885 -0.252482 0.0780686 -0.122783 0.906044 0.404981 -0.340756 0.325909 -0.348626 0.878774 0.547909
238 0.938549 0.235987 -0.251865 0.0754362 -0.120658 0.908025 0.401164 -0.339347 0.323369 -0.346123 0.880699 0.547359
239 0.937553 0.239208 -0.252536 0.0719195 -0.123079 0.907172 0.402357 -0.340719 0.325341 -0.346149 0.879963 0.549688
240 0.936299 0.242797 -0.253758 0.0692427 -0.126696 0.907394 0.400729 -0.339792 0.327554 -0.343052 0.880354 0.550981
241 0.936418 0.242093 -0.253993 0.0671559 -0.126553 0.90816 0.399037 -0.339569 0.32727 -0.341521 0.881055 0.552879
242 0.936515 0.240228 -0.255404 0.0653412 -0.125643 0.909966 0.39519 -0.338407 0.327344 -0.338012 0.88238 0.554635
243 0.936496 0.240241 -0.255459 0.0653943 -0.125638 0.909971 0.395181 -0.338401 0.327399 -0.337991 0.882367 0.554647
244 0.937847 0.237718 -0.252849 0.0621025 -0.125525 0.911595 0.391456 -0.338389 0.323552 -0.335387 0.884777 0.554776
245 0.939205 0.236653 -0.248776 0.0593844 -0.12719 0.912788 0.388124 -0.338441 0.318931 -0.332886 0.887395 0.556325
246 0.94097 0.234552 -0.24405 0.0553993 -0.126803 0.912757 0.388325 -0.340491 0.313841 -0.334456 0.888619 0.557379
247 0.94137 0.234483 -0.242571 0.0543985 -0.12796 0.913422 0.386377 -0.339039 0.312169 -0.332684 0.889872 0.556377
248 0.94299 0.232623 -0.238025 0.0513687 -0.127493 0.913102 0.387285 -0.339325 0.307433 -0.334859 0.890704 0.55757
249 0.94337 0.231032 -0.238069 0.0507583 -0.12611 0.913507 0.386783 -0.337957 0.306837 -0.334857 0.890911 0.560618
250 0.945105 0.224922 -0.237039 0.0478028 -0.120786 0.914492 0.386153 -0.337757 0.303624 -0.336324 0.891459 0.561348
251 0.947698 0.221951 -0.229359 0.0434487 -0.120425 0.914162 0.387047 -0.33748 0.295577 -0.339183 0.893078 0.561497
252 0.949472 0.223135 -0.220714 0.0417037 -0.125177 0.914114 0.385651 -0.335703 0.28781 -0.338536 0.895856 0.563463
253 0.95208 0.223985 -0.208267 0.0378847 -0.129666 0.912319 0.388408 -0.336365 0.277003 -0.34279 0.897644 0.564823
254 0.952129 0.223902 -0.208131 0.0376582 -0.129539 0.912201 0.388726 -0.336605 0.276894 -0.343157 0.897537 0.565053
255 0.952723 0.224912 -0.204287 0.0364929 -0.130681 0.910308 0.392763 -0.335439 0.274301 -0.347498 0.896663 0.568428
256 0.953403 0.22346 -0.202705 0.0346184 -0.129847 0.910381 0.39287 -0.331986 0.272329 -0.348242 0.896975 0.570001
257 0.954122 0.221832 -0.2011 0.0360109 -0.130203 0.912205 0.388497 -0.327111 0.269626 -0.34449 0.899238 0.572444
258 0.956464 0.22083 -0.190818 0.0315246 -0.134627 0.913939 0.382871 -0.324944 0.258946 -0.340513 0.90388 0.574457
259 0.95944 0.215169 -0.182146 0.0281776 -0.133328 0.915612 0.379313 -0.324367 0.248391 -0.339643 0.907163 0.575356
260 0.959434 0.21519 -0.18215 0.02818 -0.133362 0.91563 0.379258 -0.324319 0.248395 -0.339581 0.907185 0.575346
261 0.961819 0.210335 -0.17511 0.025245 -0.131601 0.91643 0.377938 -0.324081 0.23997 -0.340463 0.90912 0.577143
262 0.96255 0.209747 -0.171764 0.0227862 -0.131982 0.915973 0.378912 -0.323973 0.236806 -0.342052 0.909353 0.578669
263 0.963154 0.210023 -0.168003 0.0193016 -0.133597 0.915749 0.378888 -0.321802 0.233424 -0.342483 0.910065 0.579397
264 0.963208 0.209969 -0.167761 0.0190983 -0.133655 0.915779 0.378795 -0.32174 0.233167 -0.342436 0.910149 0.579294
265 0.964336 0.208428 -0.163139 0.0158703 -0.133915 0.915856 0.378515 -0.319736 0.228305 -0.343169 0.911105 0.580558
266 0.964865 0.206451 -0.162522 0.0145237 -0.132459 0.916399 0.377714 -0.31724 0.226915 -0.342916 0.911547 0.583313
267 0.966553 0.199718 -0.160894 0.0113959 -0.127064 0.91786 0.376016 -0.314307 0.222776 -0.342995 0.912538 0.583734
268 0.968682 0.193037 -0.15618 0.00949787 -0.12291 0.919287 0.373904 -0.312038 0.215752 -0.342998 0.914223 0.5849
269 0.968665 0.193041 -0.15628 0.00958751 -0.122882 0.919299 0.373884 -0.312016 0.215843 -0.342965 0.914214 0.584923
270 0.970982 0.185319 -0.151163 0.0084153 -0.118032 0.921085 0.371041 -0.309775 0.207995 -0.342433 0.91623 0.586905
271 0.973712 0.173769 -0.147272 0.00654353 -0.10927 0.923638 0.36736 -0.307997 0.199861 -0.34161 0.918345 0.588429
272 0.976247 0.16353 -0.142123 0.00345549 -0.101739 0.925167 0.36567 -0.307311 0.191286 -0.342525 0.91983 0.589608
273 0.976256 0.163525 -0.142073 0.00341304 -0.101749 0.92516 0.365686 -0.307325 0.191239 -0.342547 0.919831 0.5896
274 0.978336 0.155737 -0.136402 -0.000291393 -0.0965066 0.925975 0.365044 -0.306226 0.183155 -0.343972 0.920944 0.589919
275 0.980122 0.15057 -0.129191 -0.00310444 -0.0938237 0.925526 0.366877 -0.306217 0.174811 -0.347463 0.921255 0.591928
276 0.98096 0.147885 -0.125884 -0.00361797 -0.0924802 0.925687 0.366811 -0.303953 0.170775 -0.348186 0.921739 0.593803
277 0.98211 0.143522 -0.121904 -0.00556538 -0.0897924 0.925968 0.366771 -0.302921 0.165519 -0.349263 0.92229 0.59508
278 0.983353 0.137823 -0.118411 -0.00819041 -0.0849852 0.924854 0.370705 -0.303404 0.160604 -0.354471 0.921171 0.596218
279 0.983543 0.131916 -0.123452 -0.0070833 -0.0775744 0.925443 0.370859 -0.300505 0.16317 -0.35518 0.920447 0.598424
280 0.98359 0.131953 -0.123037 -0.00738186 -0.077844 0.925612 0.370383 -0.300133 0.162758 -0.354727 0.920694 0.59815
281 0.984387 0.125978 -0.122927 -0.00906757 -0.0726718 0.926969 0.368032 -0.297863 0.160313 -0.353352 0.921652 0.598577
282 0.985312 0.121433 -0.120063 -0.00883254 -0.0703153 0.929221 0.362773 -0.294475 0.155617 -0.349002 0.924111 0.599434
283 0.986928 0.112389 -0.115506 -0.00841399 -0.0646931 0.932709 0.354779 -0.291819 0.147607 -0.342669 0.927788 0.600879
284 0.988736 0.102462 -0.109101 -0.011458 -0.0580649 0.934439 0.351357 -0.293003 0.137949 -0.341064 0.929863 0.600749
285 0.988757 0.102452 -0.108918 -0.0116335 -0.0580687 0.934312 0.351694 -0.293257 0.137795 -0.341415 0.929757 0.600877
286 0.989453 0.0959942 -0.108478 -0.0129896 -0.0527047 0.936134 0.347671 -0.292348 0.134924 -0.338287 0.93132 0.601152
287 0.990827 0.0874726 -0.103011 -0.0168652 -0.046917 0.9375 0.344807 -0.291639 0.126734 -0.336811 0.933004 0.601865
288 0.992229 0.0740765 -0.0999704 -0.0177644 -0.0356012 0.938895 0.342357 -0.291147 0.119222 -0.336137 0.934236 0.603169
289 0.992747 0.0652466 -0.10098 -0.0178496 -0.02753 0.940978 0.337346 -0.288717 0.117031 -0.332119 0.935949 0.604411
290 0.992754 0.0652568 -0.100898 -0.0179098 -0.0275736 0.940995 0.337296 -0.28869 0.116955 -0.33207 0.935976 0.604374
291 0.993515 0.0567957 -0.0984979 -0.0192149 -0.0210689 0.94326 0.331386 -0.287022 0.11173 -0.327162 0.93834 0.605219
292 0.994838 0.0462835 -0.0903033 -0.0235518 -0.0135468 0.942532 0.33384 -0.289722 0.100565 -0.330893 0.938294 0.606335
293 0.995173 0.0363647 -0.0911499 -0.0238108 -0.00378034 0.942327 0.334672 -0.288111 0.0980633 -0.332712 0.937916 0.607603
294 0.995432 0.0262759 -0.0917839 -0.0257173 0.00589364 0.942634 0.333776 -0.285885 0.0952889 -0.332793 0.938173 0.608996
295 0.996061 0.0196057 -0.0864714 -0.0286406 0.0106519 0.941724 0.336217 -0.285385 0.088024 -0.335814 0.937806 0.610855
296 0.996388 0.0140343 -0.0837516 -0.0281156 0.0147563 0.94263 0.333512 -0.281273 0.0836274 -0.333544 0.939018 0.612028
297 0.996809 0.00122999 -0.0798155 -0.0290556 0.0252572 0.943651 0.329977 -0.278161 0.0757238 -0.33094 0.940609 0.614434
298 0.996808 0.00122668 -0.0798208 -0.0290497 0.0252714 0.94361 0.330092 -0.278275 0.0757246 -0.331056 0.940568 0.614437
299 0.996684 -0.0108958 -0.0806402 -0.0291857 0.0372307 0.942246 0.332845 -0.279287 0.0723563 -0.334743 0.939527 0.616628
300 0.996582 -0.0158083 -0.0810843 -0.0295002 0.0417048 0.943538 0.328627 -0.274238 0.0713111 -0.330886 0.940973 0.618141
301 0.996664 -0.0226513 -0.0784136 -0.0259181 0.0465623 0.946843 0.318309 -0.268248 0.0670352 -0.320898 0.944739 0.621568
302 0.997064 -0.031385 -0.0698449 -0.0260061 0.0516103 0.949269 0.310202 -0.266989 0.0565659 -0.312896 0.948102 0.623606
303 0.997237 -0.0389916 -0.0632269 -0.0282647 0.0567126 0.949361 0.309027 -0.269167 0.0479757 -0.311759 0.948949 0.625433
304 0.99704 -0.0459391 -0.0616474 -0.0291352 0.062718 0.949772 0.306594 -0.267712 0.0444663 -0.309553 0.949842 0.626938
305 0.996329 -0.0593244 -0.0617116 -0.0274966 0.0751877 0.951101 0.299589 -0.263456 0.040921 -0.30313 0.95207 0.629795
306 0.995264 -0.0762517 -0.0602938 -0.0251567 0.0904024 0.95404 0.285718 -0.258389 0.0357362 -0.289815 0.956415 0.633013
307 0.994631 -0.0880984 -0.0542989 -0.0262245 0.0998593 0.954753 0.280133 -0.260817 0.0271627 -0.284051 0.958424 0.634591
308 0.994473 -0.0906364 -0.0529978 -0.0248945 0.101604 0.957997 0.268175 -0.256726 0.0264653 -0.272078 0.961911 0.636569
309 0.994204 -0.0958305 -0.04874 -0.0232724 0.104928 0.963678 0.245591 -0.251296 0.0234345 -0.249281 0.968148 0.639276
310 0.994367 -0.0946239 -0.0477571 -0.0240143 0.103476 0.964234 0.244018 -0.249904 0.0229591 -0.247585 0.968594 0.638525
311 0.994148 -0.103481 -0.0309956 -0.0274097 0.107853 0.966941 0.231067 -0.253015 0.00605998 -0.233058 0.972444 0.638715
312 0.993212 -0.114186 -0.0221768 -0.0271725 0.116227 0.966625 0.228315 -0.253213 -0.00463379 -0.229343 0.973335 0.639161
313 0.992545 -0.119164 -0.0255829 -0.0254841 0.121865 0.967066 0.223456 -0.251196 -0.00188756 -0.224908 0.974378 0.642777
314 0.993149 -0.114758 -0.022027 -0.0266621 0.116822 0.970718 0.209903 -0.248331 -0.00270611 -0.211038 0.977474 0.643756
315 0.993426 -0.114174 -0.00835713 -0.0283271 0.113533 0.973213 0.199919 -0.245601 -0.0146923 -0.199554 0.979777 0.644801
316 0.992233 -0.124241 -0.00621644 -0.0272046 0.123217 0.974738 0.186288 -0.243235 -0.0170852 -0.185607 0.982476 0.647658
317 0.992699 -0.120297 -0.00884164 -0.0265759 0.119996 0.977438 0.173825 -0.243058 -0.0122684 -0.173616 0.984737 0.647801
318 0.992603 -0.121387 -0.00203855 -0.0283977 0.119935 0.977852 0.171524 -0.23988 -0.0188273 -0.1705 0.985178 0.648626
319 0.991885 -0.127009 -0.00565052 -0.0272016 0.126151 0.977713 0.167816 -0.237823 -0.0157897 -0.167168 0.985802 0.65177
320 0.99184 -0.127063 -0.0103787 -0.0278616 0.127156 0.980134 0.152211 -0.232726 -0.00916778 -0.152288 0.988294 0.654153
321 0.991833 -0.127422 -0.00554938 -0.0295759 0.126847 0.980947 0.147148 -0.230875 -0.0133063 -0.146651 0.989099 0.655192
322 0.99183 -0.127441 -0.0056578 -0.0295006 0.12688 0.980929 0.147238 -0.230924 -0.0132142 -0.146753 0.989085 0.655262
323 0.991843 -0.127018 -0.0106304 -0.0277645 0.127194 0.980902 0.147151 -0.229458 -0.00826347 -0.147303 0.989057 0.657345
324 0.992532 -0.121042 -0.0151255 -0.0288917 0.121951 0.981774 0.145768 -0.226492 -0.00279415 -0.146524 0.989203 0.659511
325 0.993155 -0.11547 -0.0176093 -0.0291358 0.116805 0.981795 0.149781 -0.225232 -6.49337e-06 -0.150813 0.988562 0.661317
326 0.993268 -0.112209 -0.0287785 -0.0277159 0.115361 0.980729 0.157679 -0.223309 0.0105309 -0.159937 0.987071 0.664054
327 0.993854 -0.105219 -0.0343858 -0.032141 0.109144 0.983273 0.145814 -0.212415 0.0184682 -0.148671 0.988714 0.667293
328 0.995031 -0.0940426 -0.0326976 -0.0358985 0.0979053 0.983888 0.149599 -0.213287 0.018102 -0.152057 0.988206 0.669305
329 0.995807 -0.083767 -0.0367522 -0.0347597 0.0882708 0.985363 0.145837 -0.207665 0.0239979 -0.14847 0.988626 0.672998
330 0.995573 -0.0816966 -0.0464794 -0.0315721 0.0871828 0.987432 0.131821 -0.201495 0.0351259 -0.13529 0.990183 0.675299
331 0.99547 -0.0850628 -0.0424733 -0.037512 0.0900698 0.986776 0.134763 -0.205657 0.0304483 -0.137978 0.989967 0.678607
332 0.996039 -0.0857718 -0.0234258 -0.0481008 0.0883309 0.98466 0.150476 -0.212161 0.0101599 -0.151949 0.988336 0.680326
333 0.996231 -0.0839383 -0.0218507 -0.0495396 0.0862523 0.985288 0.14754 -0.210273 0.00914501 -0.148869 0.988815 0.678687
334 0.996016 -0.0880466 -0.0141316 -0.0475028 0.0891711 0.98458 0.1505 -0.206268 0.000662676 -0.151161 0.988509 0.681358
335 0.995853 -0.0899857 -0.013421 -0.0445304 0.0909809 0.984639 0.149025 -0.201465 -0.000195324 -0.149628 0.988742 0.681707
336 0.995631 -0.0925045 -0.0127197 -0.043861 0.0933652 0.984284 0.149895 -0.197571 -0.00134624 -0.150428 0.98862 0.684702
337 0.995833 -0.0911771 0.00175144 -0.047772 0.0899488 0.985218 0.14579 -0.196386 -0.0150183 -0.145025 0.989314 0.688011
338 0.996301 -0.0826035 0.0236864 -0.0488461 0.0783141 0.986265 0.145422 -0.199691 -0.0353735 -0.143029 0.989086 0.691473
339 0.996556 -0.0747917 0.0358182 -0.0428006 0.069804 0.989753 0.124566 -0.192233 -0.0447676 -0.121637 0.991565 0.694878
340 0.995863 -0.0766969 0.0487346 -0.042588 0.0714068 0.992186 0.102314 -0.188262 -0.056201 -0.0984108 0.993558 0.694224
341 0.995739 -0.0745862 0.0542219 -0.0418916 0.0691696 0.993003 0.0957076 -0.190307 -0.060981 -0.0915493 0.993932 0.693504
342 0.995732 -0.0746165 0.0543132 -0.0419528 0.069188 0.992997 0.0957637 -0.190347 -0.0610784 -0.0915971 0.993921 0.693499
343 0.995749 -0.0740516 0.0547813 -0.0414444 0.0687543 0.993292 0.0929685 -0.188932 -0.0612983 -0.0888068 0.994161 0.693488
344 0.995402 -0.08152 0.0502905 -0.0417087 0.0770898 0.993437 0.0845005 -0.183884 -0.0568489 -0.0802351 0.995154 0.695027
345 0.996024 -0.0765372 0.045591 -0.0418127 0.0721761 0.993264 0.0906454 -0.187072 -0.0522217 -0.0869944 0.994839 0.695393
346 0.996115 -0.0701902 0.0531833 -0.0451529 0.0649435 0.993388 0.0946719 -0.188308 -0.0594767 -0.0908502 0.994087 0.693808
347 0.995045 -0.0705535 0.0700601 -0.0465783 0.0625888 0.991958 0.110013 -0.194753 -0.0772584 -0.105083 0.991458 0.693419
348 0.992932 -0.08001 0.0876561 -0.0458531 0.0692142 0.990365 0.119946 -0.191708 -0.0964085 -0.113032 0.988903 0.693041
349 0.99027 -0.0941504 0.102471 -0.0453399 0.0822912 0.990023 0.114379 -0.18351 -0.112218 -0.104833 0.988138 0.695313
350 0.987765 -0.112509 0.107987 -0.0430182 0.100254 0.988536 0.112896 -0.181899 -0.119451 -0.100689 0.987721 0.694615
351 0.986022 -0.126493 0.108445 -0.0428428 0.113375 0.986325 0.119623 -0.182201 -0.122093 -0.105656 0.986879 0.693588
352 0.984884 -0.131237 0.11305 -0.0433689 0.11694 0.985244 0.124976 -0.181497 -0.127784 -0.109867 0.985698 0.694579
353 0.984879 -0.131269 0.113054 -0.0433718 0.116971 0.98524 0.124979 -0.181494 -0.127792 -0.109865 0.985697 0.694589
354 0.982273 -0.137931 0.126941 -0.0443728 0.121701 0.984305 0.1278 -0.181504 -0.142577 -0.110086 0.983643 0.693964
355 0.978779 -0.154158 0.135006 -0.0434762 0.134853 0.980627 0.142075 -0.17983 -0.154292 -0.120854 0.980606 0.691507
356 0.976064 -0.168676 0.137284 -0.0435119 0.145377 0.975522 0.164989 -0.179283 -0.161753 -0.141082 0.976694 0.690486
357 0.975963 -0.167399 0.13955 -0.0434544 0.141543 0.973763 0.178187 -0.179132 -0.165716 -0.154151 0.974051 0.692777
358 0.975926 -0.157507 0.150866 -0.0431278 0.13012 0.975604 0.176823 -0.178462 -0.175036 -0.152935 0.972611 0.697817
359 0.974504 -0.153735 0.163425 -0.0432008 0.125086 0.976926 0.173113 -0.178536 -0.186268 -0.148257 0.971249 0.695669
360 0.973203 -0.156725 0.168268 -0.0430717 0.1265 0.975976 0.177394 -0.178571 -0.192027 -0.151354 0.969648 0.693279
361 0.973496 -0.150132 0.172525 -0.0427155 0.119513 0.977122 0.175925 -0.17733 -0.19499 -0.150643 0.969167 0.694055
362 0.971885 -0.139788 0.189468 -0.0433329 0.107813 0.979581 0.169696 -0.177922 -0.20932 -0.144498 0.967112 0.694648
363 0.967477 -0.138893 0.211419 -0.0437252 0.104141 0.980358 0.167493 -0.178934 -0.230529 -0.140028 0.962937 0.692387
364 0.965003 -0.136814 0.22372 -0.0437106 0.100583 0.980975 0.166048 -0.177309 -0.242181 -0.137734 0.960405 0.688725
365 0.963346 -0.135501 0.231523 -0.0431786 0.0974163 0.98084 0.168707 -0.177044 -0.249947 -0.139969 0.958089 0.687587
366 0.960595 -0.137346 0.241649 -0.0437211 0.0955319 0.979564 0.176999 -0.177363 -0.261021 -0.146939 0.954084 0.685431
367 0.958883 -0.135846 0.249177 -0.0432417 0.0907943 0.978692 0.184168 -0.176922 -0.268886 -0.153972 0.950785 0.685915
368 0.958166 -0.135254 0.252239 -0.0424295 0.090221 0.979097 0.182288 -0.176735 -0.271622 -0.151904 0.95034 0.687557
369 0.958029 -0.136583 0.252042 -0.0426015 0.0930615 0.979764 0.177208 -0.176793 -0.271146 -0.146315 0.951353 0.685595
