11 0.999969 0.00463784 -0.00629055 0.00846952 -0.00460213 0.999973 0.00567895 0.00855378 0.00631672 -0.00564983 0.999964 -0.00222588
12 0.999952 0.0070379 -0.00687866 0.00630482 -0.00698103 0.999942 0.00825733 0.00970566 0.00693637 -0.00820891 0.999942 -0.00132275
13 0.999922 0.00890341 -0.00877149 0.0059919 -0.00879742 0.999889 0.0120494 0.0107715 0.00887779 -0.0119713 0.999889 0.00114563
14 0.999881 0.0116893 -0.0100471 0.00546019 -0.0115167 0.999788 0.017066 0.0101949 0.0102445 -0.0169483 0.999804 0.00330695
15 0.999842 0.0148513 -0.00974643 0.00334058 -0.0146419 0.999668 0.0212186 0.00947474 0.0100583 -0.0210725 0.999727 0.00595957
16 0.999797 0.0180103 -0.00900714 -0.000716937 -0.017784 0.999539 0.0245978 0.00977737 0.00944601 -0.0244326 0.999657 0.00961672
17 0.999698 0.0224436 -0.00997691 -0.0082413 -0.022141 0.99932 0.0294694 0.008486 0.0106315 -0.0292396 0.999516 0.01417
18 0.999511 0.0265342 -0.0165392 -0.0131905 -0.0259561 0.999076 0.034244 0.00634905 0.0174326 -0.0337979 0.999277 0.018492
19 0.999194 0.0320748 -0.0241518 -0.0151817 -0.0311461 0.998796 0.0378962 0.00511342 0.0253382 -0.0371134 0.99899 0.024603
20 0.998604 0.041737 -0.0323662 -0.0185919 -0.0404382 0.998389 0.0397947 0.00450175 0.033975 -0.0384303 0.998684 0.0310048
21 0.997763 0.0523518 -0.0415753 -0.0226391 -0.0506157 0.997844 0.0417668 0.00464453 0.0436722 -0.039569 0.998262 0.0358892
22 0.996786 0.0616966 -0.0511 -0.0263569 -0.0594309 0.99723 0.0447313 0.00307503 0.0537182 -0.0415506 0.997691 0.043008
23 0.995719 0.0706639 -0.0595898 -0.0303699 -0.067923 0.996591 0.046834 0.00118213 0.0626961 -0.042586 0.997124 0.0470252
24 0.994713 0.0785834 -0.0661069 -0.0370146 -0.0753936 0.995927 0.0494405 -0.00145441 0.0697229 -0.0441951 0.996587 0.0521766
25 0.993459 0.0875781 -0.0732709 -0.0424869 -0.0840413 0.995205 0.0500402 -0.00390554 0.077302 -0.0435551 0.996056 0.0586145
26 0.991648 0.0991819 -0.0824431 -0.0504654 -0.0953108 0.994209 0.0496434 -0.00531088 0.0868894 -0.0413711 0.995359 0.0649395
27 0.989438 0.109301 -0.0952109 -0.057366 -0.104996 0.993258 0.0491279 -0.00555633 0.0999388 -0.0386123 0.994244 0.0725535
28 0.986936 0.121238 -0.106111 -0.0677497 -0.116143 0.991819 0.052967 -0.00923816 0.111665 -0.0399509 0.992943 0.0768395
29 0.983389 0.135967 -0.120249 -0.0717037 -0.129996 0.989919 0.0562211 -0.0121064 0.126681 -0.0396553 0.991151 0.0844144
30 0.980219 0.150792 -0.128186 -0.0786639 -0.144377 0.987822 0.0579995 -0.0146817 0.13537 -0.0383452 0.990053 0.0895289
31 0.977281 0.162796 -0.135721 -0.0850661 -0.156016 0.985976 0.0592487 -0.0172353 0.143463 -0.036728 0.988974 0.0986984
32 0.975149 0.170063 -0.141995 -0.0946224 -0.163139 0.984829 0.0591472 -0.0228418 0.149899 -0.0345125 0.988099 0.106193
33 0.972519 0.175984 -0.152433 -0.101694 -0.16951 0.984016 0.0545759 -0.0244434 0.159601 -0.0272373 0.986806 0.114154
34 0.969633 0.182578 -0.162721 -0.109195 -0.176304 0.982944 0.0523175 -0.0259497 0.169498 -0.0220403 0.985284 0.120716
35 0.967253 0.188365 -0.170117 -0.118229 -0.181642 0.981859 0.0544002 -0.0310953 0.177278 -0.0217183 0.983921 0.130129
36 0.963656 0.199074 -0.178147 -0.12516 -0.192405 0.979821 0.054138 -0.0360865 0.18533 -0.0178941 0.982513 0.138415
37 0.960472 0.20778 -0.185257 -0.129981 -0.201706 0.978103 0.0512694 -0.0393079 0.191853 -0.0118755 0.981352 0.146414
38 0.958179 0.215711 -0.188048 -0.136174 -0.210447 0.976438 0.0477681 -0.0439662 0.193922 -0.00619616 0.980997 0.154254
39 0.957139 0.219649 -0.188784 -0.143418 -0.215503 0.975579 0.0424738 -0.0500969 0.193503 3.03175e-05 0.9811 0.161134
40 0.956046 0.223605 -0.189676 -0.149167 -0.220709 0.974655 0.0365343 -0.0535274 0.193038 0.00693476 0.981167 0.169257
41 0.953852 0.230752 -0.192146 -0.154566 -0.229033 0.972911 0.0314251 -0.0565185 0.194192 0.0140329 0.980863 0.176949
42 0.951633 0.23669 -0.19589 -0.16112 -0.236366 0.971333 0.0253766 -0.0609328 0.196281 0.0221527 0.980297 0.186325
43 0.949695 0.237831 -0.203755 -0.163215 -0.239501 0.970751 0.0167927 -0.0693926 0.201789 0.0328516 0.978878 0.190006
44 0.94871 0.240136 -0.205631 -0.16602 -0.244045 0.969742 0.00652616 -0.0735474 0.200976 0.0439918 0.978608 0.195522
45 0.947857 0.243685 -0.205389 -0.170428 -0.24956 0.968355 -0.00279093 -0.0781569 0.198209 0.0539021 0.978677 0.201683
46 0.947461 0.245529 -0.20502 -0.174906 -0.253501 0.967246 -0.0131462 -0.0829964 0.195077 0.0644283 0.978669 0.207788
47 0.947723 0.24331 -0.206448 -0.179999 -0.253135 0.967177 -0.0221716 -0.092466 0.194277 0.0732716 0.978206 0.210203
48 0.947389 0.240332 -0.211413 -0.185975 -0.252143 0.967212 -0.0303952 -0.0949754 0.197177 0.0821025 0.976924 0.217278
49 0.945544 0.239001 -0.220964 -0.187563 -0.25278 0.966857 -0.0359112 -0.100605 0.205058 0.0898109 0.974621 0.220119
50 0.944736 0.237824 -0.225642 -0.18733 -0.25336 0.966453 -0.0421556 -0.106021 0.208047 0.0969945 0.973298 0.223299
51 0.944268 0.238761 -0.226608 -0.190607 -0.255846 0.965483 -0.0488375 -0.110742 0.207126 0.104092 0.972761 0.227969
52 0.943801 0.24025 -0.22698 -0.193878 -0.25815 0.964687 -0.0523219 -0.120185 0.206395 0.107977 0.972493 0.228627
53 0.943233 0.241169 -0.228364 -0.196359 -0.260212 0.963876 -0.0568568 -0.124586 0.206402 0.113052 0.971914 0.232933
54 0.942513 0.240329 -0.23219 -0.199429 -0.260412 0.963654 -0.0596404 -0.129465 0.209417 0.116677 0.97084 0.238063
55 0.941908 0.23726 -0.237732 -0.203724 -0.258951 0.963759 -0.0641345 -0.133483 0.2139 0.12197 0.969211 0.24387
56 0.940337 0.232821 -0.248114 -0.204195 -0.256233 0.964346 -0.0661985 -0.138511 0.223855 0.125824 0.966466 0.245748
57 0.939027 0.233309 -0.252577 -0.202174 -0.256446 0.964539 -0.0624521 -0.15315 0.22905 0.123417 0.965559 0.241701
58 0.939598 0.233835 -0.249955 -0.203372 -0.25811 0.963668 -0.0687325 -0.159084 0.224802 0.129097 0.965815 0.245673
59 0.940145 0.232579 -0.249068 -0.204332 -0.258973 0.962683 -0.0785832 -0.162914 0.221497 0.138381 0.965293 0.249516
60 0.941127 0.228578 -0.249061 -0.20429 -0.256309 0.962865 -0.0848374 -0.166827 0.22042 0.143679 0.964765 0.252303
61 0.941578 0.22411 -0.251409 -0.206323 -0.253091 0.963326 -0.0891555 -0.171226 0.222208 0.147576 0.963766 0.257169
62 0.940455 0.222809 -0.25671 -0.202876 -0.253175 0.963073 -0.0916158 -0.180871 0.226817 0.151153 0.962136 0.256692
63 0.940767 0.224462 -0.254116 -0.198201 -0.256328 0.961432 -0.0997181 -0.187013 0.221932 0.158948 0.96202 0.257251
64 0.943249 0.224027 -0.245141 -0.198033 -0.256387 0.960429 -0.108816 -0.19201 0.211062 0.165492 0.963361 0.259425
65 0.945031 0.220598 -0.241358 -0.198158 -0.253734 0.960321 -0.115769 -0.195134 0.206242 0.170646 0.963506 0.26385
66 0.94501 0.219365 -0.242558 -0.197326 -0.253374 0.960032 -0.118916 -0.200035 0.206778 0.173835 0.962821 0.266797
67 0.944394 0.219387 -0.244928 -0.192051 -0.254671 0.959201 -0.122783 -0.2078 0.207998 0.178332 0.961735 0.26816
68 0.945303 0.219511 -0.241282 -0.187447 -0.255248 0.958347 -0.128142 -0.212983 0.203103 0.18272 0.961958 0.270437
69 0.946667 0.221106 -0.234378 -0.186065 -0.256346 0.957515 -0.132104 -0.216374 0.195211 0.185141 0.963128 0.273853
70 0.946877 0.225341 -0.229445 -0.186898 -0.2605 0.9558 -0.136334 -0.221315 0.188582 0.188862 0.963726 0.279361
71 0.947348 0.225612 -0.227226 -0.185563 -0.261731 0.9544 -0.143584 -0.225921 0.18447 0.195497 0.963199 0.283915
72 0.948272 0.223268 -0.225679 -0.18282 -0.259793 0.954337 -0.147471 -0.232455 0.182449 0.198472 0.962975 0.284906
73 0.949335 0.217655 -0.226695 -0.178217 -0.255011 0.955089 -0.150911 -0.235802 0.183667 0.201075 0.962203 0.286964
74 0.949477 0.216978 -0.226746 -0.172291 -0.254317 0.955294 -0.150787 -0.241658 0.183892 0.200834 0.962211 0.287243
75 0.950574 0.217492 -0.2216 -0.166789 -0.253898 0.955285 -0.151546 -0.248415 0.178731 0.20032 0.96329 0.290918
76 0.953691 0.215411 -0.209931 -0.16119 -0.249964 0.955799 -0.154807 -0.253156 0.167305 0.200114 0.965383 0.293446
77 0.95623 0.216284 -0.197091 -0.157876 -0.248092 0.956394 -0.154146 -0.261467 0.155157 0.196296 0.968191 0.293257
78 0.959523 0.210033 -0.187623 -0.152539 -0.240312 0.957986 -0.156569 -0.263183 0.146856 0.195319 0.969682 0.293797
79 0.962508 0.203292 -0.179587 -0.14937 -0.231777 0.960318 -0.155145 -0.267139 0.140921 0.190952 0.971431 0.298242
80 0.964971 0.195755 -0.174673 -0.144633 -0.223143 0.962539 -0.154033 -0.2714 0.137977 0.187615 0.972504 0.301172
81 0.964964 0.195779 -0.174684 -0.144668 -0.223169 0.962533 -0.154033 -0.271398 0.137983 0.187621 0.972501 0.30121
82 0.967429 0.189112 -0.168279 -0.137001 -0.215212 0.964444 -0.153397 -0.277296 0.133286 0.184617 0.973731 0.30377
83 0.969758 0.187576 -0.156155 -0.131937 -0.211204 0.965592 -0.151739 -0.286226 0.12232 0.180131 0.976008 0.30636
84 0.973577 0.180825 -0.139464 -0.12408 -0.201827 0.967071 -0.155046 -0.289711 0.106836 0.179097 0.978014 0.307678
85 0.977661 0.171687 -0.121254 -0.118568 -0.189763 0.969042 -0.157945 -0.292943 0.0903826 0.177426 0.979975 0.308484
86 0.981042 0.16179 -0.10668 -0.115064 -0.177505 0.971091 -0.159604 -0.297171 0.077774 0.175515 0.9814 0.312583
87 0.984651 0.147081 -0.0939698 -0.107475 -0.160937 0.973463 -0.162694 -0.300862 0.0675468 0.17532 0.982192 0.314138
88 0.988062 0.133268 -0.0772916 -0.0984046 -0.144578 0.975398 -0.166423 -0.305804 0.0532112 0.175611 0.98302 0.315733
89 0.991347 0.118501 -0.0564678 -0.0886578 -0.12654 0.977112 -0.170998 -0.306782 0.0349119 0.176664 0.983652 0.311858
90 0.994283 0.100902 -0.0349182 -0.0826558 -0.105455 0.979237 -0.173133 -0.306963 0.0167238 0.175825 0.984279 0.316783
91 0.996146 0.0863661 -0.0153078 -0.0777773 -0.0877123 0.980887 -0.173686 -0.308955 1.46589e-05 0.17436 0.984682 0.319098
92 0.997374 0.072298 0.0042287 -0.07228 -0.070461 0.982212 -0.174057 -0.311736 -0.0167374 0.173302 0.984727 0.319344
93 0.998075 0.0574625 0.0233236 -0.0661147 -0.0525483 0.983343 -0.173996 -0.312333 -0.0329334 0.172436 0.98447 0.320455
94 0.998064 0.0448263 0.0431041 -0.0631112 -0.0367925 0.984436 -0.171848 -0.313125 -0.0501365 0.169929 0.98418 0.319183
95 0.998065 0.0448265 0.0431022 -0.063107 -0.036793 0.984436 -0.171847 -0.313124 -0.0501347 0.169929 0.98418 0.319181
96 0.99749 0.031429 0.0634513 -0.0599375 -0.0203687 0.985581 -0.167976 -0.315139 -0.0678157 0.166262 0.983747 0.323007
97 0.996296 0.0190478 0.0838497 -0.0565838 -0.00506708 0.986466 -0.163885 -0.316587 -0.0858366 0.162853 0.982909 0.322272
98 0.994687 0.0104133 0.102415 -0.0461022 0.00572192 0.98774 -0.156003 -0.323571 -0.102784 0.155761 0.982433 0.328582
99 0.992297 0.000193247 0.123883 -0.0427364 0.0188209 0.988156 -0.152295 -0.323918 -0.122445 0.153454 0.98054 0.330811
100 0.989803 -0.0121205 0.141926 -0.0368764 0.0331481 0.988618 -0.14675 -0.325114 -0.138532 0.149958 0.978939 0.333521
101 0.990387 -0.00982603 0.137974 -0.0303521 0.0299129 0.989085 -0.144278 -0.330065 -0.13505 0.147018 0.979871 0.335528
102 0.987298 -0.0192014 0.157715 -0.0268791 0.0415352 0.989342 -0.139562 -0.33187 -0.153354 0.14434 0.977573 0.343201
103 0.98465 -0.0274136 0.172374 -0.0125051 0.0503708 0.9902 -0.130256 -0.340008 -0.167113 0.136939 0.976381 0.345902
104 0.980675 -0.0371728 0.19208 -0.00496027 0.0610421 0.990909 -0.119886 -0.342274 -0.185877 0.129294 0.974029 0.344251
105 0.976676 -0.0420774 0.210553 0.00283336 0.0667967 0.991494 -0.111702 -0.342149 -0.204062 0.123161 0.97118 0.351332
106 0.973802 -0.0516269 0.221461 0.0224316 0.0758398 0.991863 -0.102258 -0.348462 -0.21438 0.116375 0.969793 0.365138
107 0.968828 -0.0640835 0.239304 0.0317724 0.0890385 0.991491 -0.0949622 -0.349426 -0.231182 0.113309 0.96629 0.366061
108 0.968827 -0.0640853 0.239305 0.0317679 0.089038 0.991492 -0.0949513 -0.349446 -0.231184 0.113299 0.96629 0.366054
109 0.963857 -0.0723548 0.256407 0.0407754 0.0972812 0.991544 -0.0858879 -0.350118 -0.248024 0.107727 0.962745 0.367313
110 0.96068 -0.0806158 0.265698 0.0655563 0.10435 0.991599 -0.0764327 -0.353196 -0.257304 0.101153 0.961022 0.376482
111 0.954014 -0.092961 0.284984 0.0731413 0.116636 0.990897 -0.0672219 -0.353476 -0.276141 0.0973699 0.956172 0.3824
112 0.94839 -0.10543 0.299067 0.084503 0.12851 0.98998 -0.058529 -0.353894 -0.2899 0.0939416 0.952435 0.38798
113 0.952492 -0.101341 0.287209 0.107097 0.122799 0.990755 -0.057664 -0.357761 -0.27871 0.0901936 0.956131 0.387864
114 0.949238 -0.111045 0.294307 0.119821 0.131101 0.990145 -0.0492528 -0.358407 -0.285938 0.0853367 0.954441 0.38988
115 0.947788 -0.117585 0.296431 0.13844 0.135526 0.98994 -0.0406449 -0.361269 -0.288669 0.0786969 0.954189 0.397883
116 0.943081 -0.127714 0.307062 0.144101 0.145307 0.988766 -0.0350307 -0.359789 -0.299138 0.077655 0.951045 0.407895
117 0.9431 -0.127687 0.307014 0.144173 0.145332 0.988756 -0.035216 -0.359403 -0.299065 0.0778312 0.951053 0.407714
118 0.939769 -0.137131 0.313095 0.160822 0.153901 0.98765 -0.0293643 -0.359166 -0.305202 0.0757814 0.949268 0.407338
119 0.940182 -0.145048 0.308252 0.19193 0.159306 0.986996 -0.021459 -0.360966 -0.301131 0.0692818 0.951063 0.408731
120 0.93888 -0.155845 0.306946 0.206402 0.168565 0.985573 -0.0151987 -0.359737 -0.300149 0.0660101 0.951605 0.414377
121 0.938599 -0.165368 0.302797 0.219903 0.177027 0.984141 -0.0112686 -0.358071 -0.296132 0.06418 0.952988 0.417269
122 0.938665 -0.165343 0.302605 0.220329 0.176976 0.984151 -0.0112329 -0.358123 -0.295952 0.0640978 0.95305 0.417026
123 0.937454 -0.172447 0.302394 0.230397 0.182393 0.983214 -0.00473942 -0.358195 -0.296501 0.0595976 0.953171 0.415944
124 0.934998 -0.181329 0.304791 0.250036 0.190039 0.981776 0.00110936 -0.35217 -0.299438 0.0568849 0.952418 0.41646
125 0.932573 -0.190437 0.306662 0.263237 0.196903 0.980372 0.0100202 -0.349013 -0.302551 0.0510382 0.951766 0.416267
126 0.931942 -0.200763 0.301957 0.277593 0.204565 0.978662 0.0193306 -0.34374 -0.299394 0.0437547 0.953126 0.417172
127 0.93199 -0.200654 0.301883 0.277842 0.204828 0.97863 0.0181132 -0.341133 -0.299067 0.0449529 0.953173 0.417477
128 0.932902 -0.210107 0.292486 0.29182 0.210565 0.97711 0.030296 -0.34007 -0.292157 0.0333241 0.95579 0.416977
129 0.934036 -0.213647 0.286239 0.306338 0.211717 0.97659 0.0380573 -0.327114 -0.287668 0.0250549 0.957402 0.417823
130 0.933128 -0.217438 0.286345 0.314402 0.212235 0.975965 0.0494833 -0.321704 -0.290222 0.014598 0.956848 0.41924
131 0.931708 -0.222903 0.286764 0.329643 0.213267 0.97484 0.0648346 -0.323102 -0.294001 0.000750571 0.955805 0.40828
132 0.931785 -0.223088 0.286372 0.329967 0.213389 0.974798 0.0650666 -0.323415 -0.29367 0.000480545 0.955907 0.407489
133 0.928416 -0.230496 0.291402 0.342892 0.217722 0.973047 0.0760004 -0.317539 -0.301066 -0.00711514 0.953577 0.399072
134 0.921157 -0.240449 0.306029 0.342125 0.226235 0.970643 0.0816671 -0.297495 -0.316682 -0.00599373 0.948513 0.40465
135 0.917822 -0.247375 0.310498 0.351032 0.229487 0.96881 0.0934991 -0.291042 -0.323943 -0.0145603 0.945965 0.401027
136 0.917803 -0.247391 0.31054 0.350924 0.22947 0.968805 0.0935965 -0.291217 -0.324008 -0.0146436 0.945941 0.400906
137 0.914115 -0.253859 0.316147 0.361385 0.231977 0.966961 0.105706 -0.283757 -0.332536 -0.0232883 0.942803 0.390456
138 0.908642 -0.261201 0.325798 0.363259 0.23733 0.964981 0.111746 -0.262234 -0.343577 -0.0242155 0.938812 0.394992
139 0.903373 -0.268215 0.334631 0.369302 0.239417 0.962789 0.125367 -0.254064 -0.355804 -0.033137 0.933973 0.389969
140 0.900005 -0.271365 0.341104 0.370813 0.236781 0.961409 0.140101 -0.248729 -0.365959 -0.0453249 0.929527 0.383216
141 0.90005 -0.271269 0.341063 0.371623 0.23883 0.961684 0.134626 -0.237915 -0.364515 -0.0397139 0.93035 0.39232
142 0.897972 -0.275726 0.342959 0.37488 0.238036 0.959848 0.148428 -0.227716 -0.370114 -0.0516478 0.92755 0.384989
143 0.894393 -0.282713 0.346605 0.378876 0.238058 0.95692 0.16623 -0.218281 -0.378668 -0.0661631 0.923164 0.381054
144 0.890973 -0.290021 0.349363 0.384111 0.23793 0.953542 0.184788 -0.212559 -0.386725 -0.0815172 0.918585 0.375723
145 0.890978 -0.290013 0.349357 0.384122 0.237919 0.953543 0.184796 -0.212577 -0.38672 -0.0815312 0.918586 0.375689
146 0.88707 -0.296558 0.353781 0.387711 0.237831 0.950418 0.200354 -0.205764 -0.395657 -0.0935875 0.913618 0.365609
147 0.881786 -0.306324 0.358636 0.387794 0.239713 0.945922 0.218561 -0.198953 -0.406192 -0.106754 0.907531 0.361134
148 0.878327 -0.312735 0.361579 0.39149 0.238924 0.942272 0.234605 -0.196127 -0.414074 -0.11967 0.902342 0.353031
149 0.878352 -0.312694 0.361552 0.391517 0.238874 0.942279 0.234626 -0.196179 -0.414049 -0.119719 0.902347 0.35285
150 0.873533 -0.323155 0.36402 0.394078 0.243079 0.937514 0.248957 -0.18834 -0.421726 -0.128987 0.897502 0.343067
151 0.869784 -0.332233 0.364825 0.402518 0.245996 0.932889 0.263067 -0.17919 -0.427741 -0.139065 0.89314 0.341083
152 0.863762 -0.33953 0.372336 0.404865 0.247807 0.929602 0.272821 -0.175924 -0.438755 -0.143385 0.887093 0.329668
153 0.86378 -0.339539 0.372288 0.404823 0.247972 0.929645 0.272524 -0.175554 -0.438628 -0.143084 0.887205 0.329273
154 0.858817 -0.346087 0.377698 0.404227 0.250487 0.926835 0.279704 -0.168319 -0.446866 -0.145606 0.882672 0.320718
155 0.856847 -0.348673 0.379791 0.410855 0.249596 0.925095 0.286183 -0.159387 -0.451127 -0.15042 0.879692 0.318316
156 0.853708 -0.351355 0.384359 0.4099 0.247677 0.923215 0.29382 -0.1519 -0.458081 -0.155639 0.875179 0.310445
157 0.853704 -0.35138 0.384346 0.409906 0.247675 0.923196 0.29388 -0.151994 -0.458091 -0.155694 0.875164 0.310453
158 0.851565 -0.355511 0.385291 0.408128 0.24496 0.919604 0.30712 -0.14954 -0.4635 -0.167151 0.870189 0.305208
159 0.85076 -0.360984 0.381966 0.40726 0.247319 0.916273 0.315083 -0.145713 -0.463725 -0.173593 0.868806 0.299599
160 0.85263 -0.362925 0.375909 0.413348 0.249696 0.914964 0.317005 -0.134786 -0.458993 -0.176425 0.870747 0.291701
161 0.85263 -0.362925 0.375909 0.413348 0.249696 0.914964 0.317005 -0.134786 -0.458993 -0.176425 0.870747 0.291701
162 0.850248 -0.367658 0.376704 0.415927 0.251342 0.912359 0.323154 -0.129694 -0.462499 -0.18008 0.868139 0.284865
163 0.844008 -0.37486 0.383575 0.415603 0.253994 0.909267 0.329728 -0.127585 -0.472374 -0.180867 0.862641 0.278959
164 0.844057 -0.374727 0.383598 0.415494 0.253851 0.909311 0.329717 -0.127586 -0.472364 -0.180924 0.862635 0.278868
165 0.838173 -0.381243 0.390024 0.410463 0.258793 0.907486 0.330901 -0.123969 -0.480095 -0.176417 0.859294 0.269381
166 0.837655 -0.385018 0.387421 0.414325 0.266551 0.90726 0.325316 -0.108099 -0.476744 -0.169235 0.862598 0.260042
167 0.835296 -0.39208 0.385427 0.412108 0.273563 0.904481 0.327228 -0.102936 -0.476911 -0.167893 0.862768 0.25295
168 0.832325 -0.399009 0.384742 0.410037 0.279488 0.901533 0.33034 -0.0979841 -0.478666 -0.167419 0.861887 0.246391
169 0.832325 -0.398994 0.384758 0.410007 0.279469 0.90154 0.330337 -0.0979818 -0.478677 -0.16742 0.861881 0.246391
170 0.828864 -0.405234 0.385708 0.408865 0.284143 0.898828 0.333722 -0.0962161 -0.481921 -0.167014 0.86015 0.241351
171 0.825326 -0.408498 0.389828 0.405489 0.287864 0.898322 0.331892 -0.0922841 -0.485768 -0.161701 0.859001 0.233665
172 0.823573 -0.410256 0.391685 0.407248 0.294028 0.899309 0.323713 -0.0717512 -0.485051 -0.151435 0.861274 0.218344
173 0.823573 -0.410258 0.391684 0.407251 0.29403 0.899309 0.323714 -0.0717526 -0.485051 -0.151435 0.861274 0.218345
174 0.8197 -0.416944 0.392747 0.401648 0.299108 0.896334 0.327291 -0.0699267 -0.488494 -0.150807 0.859436 0.214508
175 0.817701 -0.421681 0.391854 0.397061 0.305469 0.894836 0.325511 -0.0647447 -0.487907 -0.146472 0.860519 0.207277
176 0.814174 -0.427484 0.392909 0.393024 0.311523 0.892677 0.325702 -0.0577854 -0.489973 -0.142779 0.859965 0.198203
177 0.810762 -0.430806 0.396322 0.395478 0.314232 0.891522 0.326263 -0.043082 -0.493886 -0.139985 0.858185 0.189552
178 0.810784 -0.430805 0.396279 0.395543 0.314191 0.891506 0.326345 -0.043188 -0.493876 -0.140088 0.858173 0.189468
179 0.807187 -0.432398 0.401846 0.388116 0.314702 0.891166 0.32678 -0.0416954 -0.499411 -0.137311 0.855415 0.18364
180 0.804991 -0.433819 0.40471 0.380339 0.316184 0.890901 0.326071 -0.0354414 -0.502013 -0.134522 0.854334 0.176705
181 0.803169 -0.43623 0.405738 0.37642 0.317755 0.889769 0.327633 -0.0301703 -0.503936 -0.13422 0.853249 0.16887
182 0.803156 -0.436228 0.405766 0.376401 0.317782 0.88978 0.327575 -0.0300918 -0.50394 -0.134149 0.853258 0.168902
183 0.79897 -0.43969 0.410269 0.374097 0.317056 0.887686 0.333899 -0.0255432 -0.511002 -0.136697 0.848641 0.16158
184 0.793502 -0.440558 0.419837 0.370226 0.31299 0.88708 0.339303 -0.0179665 -0.521912 -0.137833 0.84179 0.157524
185 0.789482 -0.443844 0.423936 0.362878 0.311861 0.884978 0.345769 -0.0129813 -0.528641 -0.140769 0.837092 0.153358
186 0.789873 -0.445214 0.421764 0.360499 0.31058 0.883414 0.350884 -0.00852055 -0.528811 -0.146162 0.836059 0.148486
187 0.792689 -0.44017 0.421775 0.361346 0.303191 0.884877 0.353649 -0.00388095 -0.528885 -0.152456 0.834888 0.143075
188 0.7927 -0.440169 0.421756 0.361361 0.303183 0.884873 0.353667 -0.00390856 -0.528873 -0.152482 0.834891 0.143054
189 0.793411 -0.434525 0.426247 0.359233 0.29554 0.887197 0.354312 0.000308434 -0.532123 -0.155142 0.832332 0.137758
190 0.791966 -0.433824 0.429637 0.354872 0.292442 0.887226 0.356803 0.00786582 -0.535974 -0.156932 0.82952 0.136479
191 0.79204 -0.434891 0.42842 0.354665 0.290811 0.885829 0.361574 0.0121142 -0.536752 -0.161792 0.828083 0.133529
192 0.794328 -0.434324 0.424743 0.354583 0.291116 0.885813 0.361367 0.0180887 -0.533193 -0.163394 0.830065 0.12956
193 0.794328 -0.434324 0.424743 0.354583 0.291116 0.885813 0.361367 0.0180883 -0.533193 -0.163394 0.830065 0.12956
194 0.797617 -0.434682 0.418161 0.358017 0.292757 0.885139 0.361694 0.025669 -0.527352 -0.166074 0.833258 0.123305
195 0.800488 -0.433084 0.414316 0.360777 0.2905 0.885007 0.36383 0.0315643 -0.524241 -0.170882 0.834248 0.118817
196 0.802163 -0.433287 0.410849 0.361289 0.290465 0.884328 0.365505 0.0367044 -0.521694 -0.173857 0.83523 0.116957
197 0.805986 -0.43223 0.404431 0.366395 0.291017 0.884304 0.365123 0.0419479 -0.515457 -0.176588 0.838523 0.113122
198 0.806009 -0.432234 0.404379 0.366438 0.291022 0.884295 0.365143 0.0419112 -0.515418 -0.176625 0.838539 0.113057
199 0.810085 -0.430516 0.398018 0.371775 0.292461 0.885073 0.362094 0.0487899 -0.508162 -0.176922 0.842894 0.107844
200 0.812549 -0.431542 0.391836 0.380113 0.295212 0.884306 0.361736 0.0553611 -0.502607 -0.178254 0.845938 0.102902
201 0.812867 -0.430064 0.392799 0.383811 0.294343 0.885255 0.36012 0.0609154 -0.502602 -0.177112 0.846181 0.104011
202 0.812867 -0.430064 0.3928 0.383811 0.294343 0.885255 0.360119 0.0609156 -0.502602 -0.177112 0.846181 0.104011
203 0.814935 -0.430461 0.388051 0.390345 0.29822 0.885588 0.356089 0.0689266 -0.496936 -0.174464 0.850069 0.100749
204 0.818478 -0.430629 0.380332 0.398444 0.301739 0.88552 0.353281 0.0772635 -0.488925 -0.174392 0.854716 0.0983182
205 0.81841 -0.430204 0.380959 0.397575 0.30158 0.88588 0.352513 0.0775689 -0.489137 -0.17361 0.854754 0.0989935
206 0.821087 -0.431823 0.373289 0.407499 0.306261 0.885152 0.3503 0.0846805 -0.481685 -0.173303 0.859038 0.0961953
207 0.82385 -0.432708 0.366107 0.419512 0.30931 0.884473 0.349336 0.0946785 -0.474972 -0.17456 0.862514 0.0922652
208 0.823561 -0.43641 0.362346 0.431239 0.312637 0.882244 0.351999 0.102004 -0.473293 -0.17661 0.863019 0.0901967
209 0.824371 -0.43579 0.361247 0.43384 0.311811 0.882243 0.352735 0.101047 -0.472426 -0.178144 0.863179 0.0891948
210 0.822144 -0.43809 0.363532 0.446466 0.313706 0.881522 0.352858 0.109963 -0.475045 -0.176058 0.86217 0.0851884
211 0.817158 -0.444699 0.366737 0.456024 0.317886 0.878414 0.356843 0.116489 -0.480835 -0.175017 0.859167 0.0819027
212 0.813281 -0.448711 0.370449 0.459645 0.324934 0.878362 0.350569 0.131576 -0.482693 -0.164739 0.860156 0.0880472
213 0.81331 -0.44867 0.370435 0.461288 0.324607 0.878279 0.351078 0.131388 -0.482864 -0.16529 0.859955 0.0885417
214 0.816801 -0.450187 0.360789 0.476738 0.328065 0.876859 0.351414 0.13248 -0.474563 -0.168673 0.863909 0.0841143
215 0.822966 -0.4464 0.351361 0.495924 0.328115 0.878405 0.347484 0.139728 -0.463754 -0.17068 0.869368 0.0743334
216 0.825808 -0.441244 0.351206 0.511575 0.320795 0.879726 0.350959 0.144699 -0.463823 -0.17716 0.868034 0.068302
217 0.826183 -0.441895 0.349501 0.514689 0.321822 0.879323 0.351028 0.145339 -0.462442 -0.177536 0.868694 0.068474
218 0.823762 -0.441045 0.356223 0.526241 0.317459 0.87943 0.354714 0.151346 -0.469719 -0.179114 0.864455 0.0672969
219 0.822694 -0.439973 0.359997 0.538113 0.315869 0.880289 0.354003 0.156012 -0.472653 -0.177524 0.863183 0.0665427
220 0.825982 -0.435786 0.357554 0.552842 0.31513 0.882903 0.348102 0.164735 -0.467383 -0.174849 0.866591 0.060087
221 0.827356 -0.433426 0.357245 0.568147 0.31038 0.882899 0.352354 0.167134 -0.468131 -0.18064 0.864999 0.0555519
222 0.827417 -0.433421 0.357108 0.568296 0.310366 0.882875 0.352427 0.167038 -0.468031 -0.18077 0.865025 0.0554043
223 0.824983 -0.433602 0.36248 0.583219 0.307886 0.882664 0.35512 0.172138 -0.473929 -0.181365 0.861683 0.0503436
224 0.822217 -0.434018 0.368223 0.595077 0.305427 0.88235 0.358011 0.174832 -0.480285 -0.181897 0.858044 0.0454511
225 0.822208 -0.434019 0.36824 0.59506 0.30543 0.882353 0.358001 0.174844 -0.480297 -0.18188 0.858041 0.0454674
226 0.822389 -0.430628 0.3718 0.606895 0.301487 0.884076 0.357093 0.18186 -0.482474 -0.181577 0.856883 0.041817
227 0.823678 -0.426455 0.373752 0.621672 0.29611 0.885574 0.35788 0.186401 -0.483604 -0.184107 0.855705 0.038846
228 0.825158 -0.42173 0.375844 0.635102 0.291327 0.887717 0.356493 0.18852 -0.483987 -0.184669 0.855368 0.0334265
229 0.82499 -0.418421 0.379889 0.645942 0.287943 0.889607 0.354524 0.192625 -0.486292 -0.183093 0.854399 0.0268789
230 0.82503 -0.418411 0.379814 0.646031 0.287927 0.889597 0.354565 0.192576 -0.486235 -0.183168 0.854415 0.0268204
231 0.823818 -0.417128 0.383834 0.658841 0.285547 0.890318 0.354678 0.196576 -0.48968 -0.182588 0.85257 0.0228754
232 0.824963 -0.410717 0.388264 0.670804 0.279437 0.893526 0.351464 0.200414 -0.491276 -0.181449 0.851895 0.0213699
233 0.827246 -0.406602 0.387735 0.680791 0.278752 0.896216 0.345099 0.204656 -0.487813 -0.1774 0.854733 0.0169772
234 0.829634 -0.406789 0.3824 0.691495 0.282765 0.896735 0.340456 0.208225 -0.481406 -0.174325 0.858988 0.0128289
235 0.835157 -0.401009 0.376436 0.709674 0.278253 0.898418 0.339736 0.21063 -0.474434 -0.178988 0.861902 0.00841598
236 0.835136 -0.401023 0.376469 0.709644 0.278247 0.898411 0.339761 0.210616 -0.474476 -0.178995 0.861878 0.00847767
237 0.83626 -0.397893 0.377294 0.720589 0.275686 0.899878 0.33796 0.213869 -0.473991 -0.178607 0.862225 0.00578186
238 0.838957 -0.392279 0.377185 0.73347 0.269893 0.901783 0.337559 0.215871 -0.472556 -0.181397 0.86243 0.00337627
239 0.84309 -0.38592 0.374521 0.75102 0.263748 0.903648 0.337427 0.219941 -0.468655 -0.185702 0.863642 -0.00202916
240 0.843085 -0.385922 0.374528 0.751011 0.263756 0.903651 0.337413 0.219954 -0.468658 -0.185684 0.863644 -0.00203577
241 0.845142 -0.378842 0.377113 0.763735 0.254059 0.905392 0.340174 0.222577 -0.470307 -0.191687 0.861433 -0.000917728
242 0.847626 -0.371946 0.3784 0.775133 0.246016 0.907371 0.340813 0.22416 -0.470113 -0.195789 0.860616 -0.00283798
243 0.854135 -0.3657 0.369752 0.795813 0.242496 0.909034 0.338901 0.230223 -0.460053 -0.199803 0.865118 -0.00748333
244 0.857382 -0.362112 0.365747 0.8103 0.238622 0.909312 0.340898 0.232447 -0.456021 -0.205004 0.866036 -0.00569003
245 0.857393 -0.362118 0.365715 0.810338 0.238599 0.909292 0.340968 0.232377 -0.456012 -0.205085 0.866021 -0.00569371
246 0.86044 -0.357423 0.36317 0.82494 0.2352 0.910843 0.339183 0.23319 -0.452023 -0.206429 0.867792 -0.00342413
247 0.869764 -0.347283 0.350579 0.850482 0.231055 0.914353 0.332525 0.238668 -0.436033 -0.208215 0.875512 -0.00752268
248 0.875691 -0.33809 0.344761 0.867427 0.222467 0.91617 0.333377 0.239845 -0.428571 -0.215237 0.877496 -0.0114302
249 0.882686 -0.327367 0.337188 0.894717 0.212205 0.917804 0.335566 0.244719 -0.419326 -0.224646 0.879602 -0.012596
250 0.882677 -0.327385 0.337196 0.894713 0.212211 0.917795 0.335587 0.244698 -0.419343 -0.224658 0.879591 -0.0125937
251 0.883968 -0.321804 0.33918 0.905242 0.207159 0.919925 0.332902 0.249339 -0.419149 -0.22401 0.879848 -0.00892545
252 0.88729 -0.320198 0.331947 0.917493 0.210246 0.921407 0.32681 0.253023 -0.410503 -0.220185 0.884876 -0.00720281
253 0.894898 -0.31373 0.317381 0.945305 0.206841 0.921772 0.327953 0.252071 -0.395441 -0.227837 0.889785 -0.0140802
254 0.8949 -0.313718 0.317389 0.945313 0.206798 0.921759 0.328017 0.252005 -0.395461 -0.227907 0.889758 -0.014026
255 0.897675 -0.304866 0.318178 0.964809 0.196367 0.923147 0.330513 0.251694 -0.394487 -0.234214 0.888552 -0.0146369
256 0.898292 -0.303593 0.317652 0.975621 0.197421 0.924706 0.325491 0.258829 -0.392552 -0.229675 0.890591 -0.0187617
257 0.902999 -0.298679 0.308843 0.989071 0.195716 0.92588 0.323173 0.260553 -0.382476 -0.231379 0.894525 -0.0201243
258 0.910083 -0.289009 0.297022 1.00863 0.188642 0.927047 0.324034 0.258407 -0.369002 -0.238867 0.898209 -0.0237063
259 0.910852 -0.288665 0.294995 1.01236 0.189669 0.927545 0.322001 0.261318 -0.366571 -0.237344 0.899607 -0.0249631
260 0.915186 -0.279915 0.289971 1.03352 0.179596 0.927328 0.328341 0.257425 -0.360806 -0.248415 0.898949 -0.0316034
261 0.913508 -0.27294 0.301674 1.04553 0.166936 0.927724 0.333856 0.259524 -0.370993 -0.25462 0.893047 -0.0346478
262 0.913061 -0.265728 0.309367 1.05415 0.15813 0.929916 0.332041 0.263714 -0.375918 -0.254253 0.89109 -0.0308109
263 0.913856 -0.266173 0.306624 1.05508 0.160491 0.930456 0.329384 0.266456 -0.372974 -0.251799 0.893022 -0.0322392
264 0.916229 -0.263421 0.301883 1.06485 0.16205 0.932742 0.322074 0.270777 -0.36642 -0.246173 0.897293 -0.0357043
265 0.921845 -0.254265 0.29249 1.08114 0.155889 0.934225 0.320815 0.267639 -0.354824 -0.250145 0.900848 -0.0366111
266 0.925719 -0.245591 0.287626 1.09648 0.147625 0.934796 0.323052 0.262627 -0.348211 -0.256595 0.901614 -0.0439408
267 0.92601 -0.245947 0.286382 1.09903 0.148061 0.934475 0.323782 0.262341 -0.34725 -0.257423 0.901749 -0.0445299
268 0.928231 -0.238801 0.285239 1.11061 0.141075 0.935456 0.324069 0.26318 -0.344216 -0.260571 0.902008 -0.0478807
269 0.930774 -0.231434 0.283017 1.12146 0.133844 0.936091 0.325298 0.262408 -0.340214 -0.264899 0.902265 -0.0475397
270 0.934148 -0.219711 0.281239 1.1352 0.121201 0.936503 0.329047 0.258888 -0.335676 -0.273293 0.901461 -0.0500799
271 0.934447 -0.219472 0.280431 1.13621 0.121051 0.936375 0.329466 0.25826 -0.334897 -0.273922 0.90156 -0.0508877
272 0.93557 -0.208038 0.285359 1.14204 0.109053 0.938762 0.326855 0.259999 -0.335882 -0.274676 0.900964 -0.0472207
273 0.938645 -0.200438 0.280662 1.15322 0.105249 0.941436 0.320346 0.261618 -0.328434 -0.271152 0.904769 -0.0482232
274 0.945925 -0.187872 0.264442 1.16923 0.099382 0.943853 0.315063 0.258726 -0.308786 -0.271745 0.911486 -0.0507098
275 0.945923 -0.187862 0.264456 1.16921 0.0993753 0.943862 0.315039 0.258748 -0.308794 -0.271723 0.91149 -0.0507097
276 0.949581 -0.176721 0.258969 1.1812 0.0906665 0.945497 0.312754 0.254657 -0.300125 -0.273506 0.913849 -0.055578
277 0.951787 -0.167763 0.25682 1.19596 0.0828746 0.946699 0.311275 0.252407 -0.295352 -0.274984 0.91496 -0.0648788
278 0.954287 -0.151743 0.257509 1.2134 0.066286 0.947533 0.31271 0.25033 -0.29145 -0.281346 0.914276 -0.066232
279 0.956803 -0.137894 0.255954 1.22438 0.0537655 0.949104 0.31034 0.252273 -0.285721 -0.283173 0.91552 -0.0646766
280 0.956803 -0.137893 0.255954 1.22438 0.0537662 0.949106 0.310335 0.252279 -0.285721 -0.283168 0.915521 -0.0646766
281 0.960529 -0.120543 0.250707 1.2373 0.0387836 0.950464 0.308405 0.250601 -0.275464 -0.286508 0.917623 -0.0660965
282 0.964423 -0.0997588 0.24482 1.25095 0.0210903 0.952151 0.304899 0.249017 -0.263522 -0.288888 0.92038 -0.0690992
283 0.967547 -0.0822405 0.238932 1.26553 0.00590202 0.952653 0.304003 0.247018 -0.252621 -0.292728 0.922222 -0.0749569
284 0.969552 -0.0652576 0.236029 1.27963 -0.0106662 0.951671 0.306933 0.243507 -0.244652 -0.300105 0.921999 -0.0783853
285 0.969445 -0.0656553 0.236358 1.28021 -0.0106976 0.951286 0.308125 0.242363 -0.245074 -0.301239 0.921517 -0.0798309
286 0.97002 -0.0519255 0.237412 1.29327 -0.0251239 0.950246 0.310484 0.240352 -0.241722 -0.307141 0.920454 -0.083193
287 0.969492 -0.0400443 0.241831 1.30126 -0.037893 0.950223 0.309257 0.243874 -0.242177 -0.308986 0.919716 -0.0846619
288 0.971203 -0.0252628 0.236909 1.30993 -0.0498757 0.950772 0.305851 0.245993 -0.232973 -0.308859 0.922133 -0.0844215
289 0.97166 -0.0244994 0.235111 1.31128 -0.050156 0.9506 0.306339 0.245153 -0.231002 -0.309449 0.922431 -0.0862651
290 0.973139 -0.00812754 0.230073 1.32425 -0.0658471 0.947799 0.311995 0.23771 -0.220599 -0.318765 0.921805 -0.0925456
291 0.972924 0.00766404 0.230998 1.33626 -0.0824788 0.945158 0.316028 0.235842 -0.215908 -0.326523 0.920199 -0.0976699
292 0.972511 0.0214334 0.23187 1.34554 -0.0962558 0.943702 0.316483 0.237297 -0.212033 -0.330102 0.919823 -0.0952544
293 0.97284 0.0334208 0.229054 1.35309 -0.10619 0.943692 0.313319 0.239452 -0.205685 -0.329132 0.92161 -0.0921713
294 0.973482 0.0336842 0.226271 1.35488 -0.105718 0.943389 0.31439 0.237625 -0.202872 -0.329974 0.921933 -0.0942979
295 0.974095 0.0489483 0.220777 1.36239 -0.118152 0.942601 0.31232 0.232045 -0.192817 -0.330314 0.923966 -0.0932319
296 0.974063 0.0628436 0.217373 1.36816 -0.129458 0.942675 0.307578 0.226719 -0.185583 -0.327741 0.926361 -0.0936173
297 0.971872 0.079126 0.221818 1.37477 -0.146756 0.940117 0.30764 0.221358 -0.184192 -0.331539 0.925286 -0.0955426
298 0.97058 0.0910735 0.222892 1.38342 -0.158308 0.938865 0.305731 0.218958 -0.181421 -0.332022 0.925661 -0.0999768
299 0.970421 0.100616 0.219453 1.39357 -0.165822 0.938454 0.302996 0.218852 -0.17546 -0.330424 0.92738 -0.102944
300 0.970671 0.11263 0.212397 1.40492 -0.174403 0.937975 0.299645 0.215585 -0.165474 -0.3279 0.930108 -0.105889
301 0.970028 0.126062 0.207738 1.411 -0.184875 0.937674 0.29426 0.2123 -0.157696 -0.323846 0.932875 -0.107811
302 0.970033 0.126063 0.207711 1.41103 -0.184867 0.937675 0.294261 0.212278 -0.157671 -0.323842 0.932881 -0.107901
303 0.968457 0.144121 0.203274 1.4166 -0.200443 0.935208 0.291907 0.204918 -0.148033 -0.323444 0.934596 -0.109279
304 0.965305 0.162243 0.204608 1.41779 -0.217367 0.933458 0.285319 0.199581 -0.144702 -0.319895 0.936338 -0.106419
305 0.963327 0.176384 0.202215 1.42367 -0.229009 0.933183 0.276991 0.195615 -0.139847 -0.313142 0.939354 -0.108826
306 0.962174 0.185725 0.199316 1.42971 -0.235928 0.93388 0.268711 0.193439 -0.136231 -0.305571 0.942373 -0.10778
307 0.961541 0.191456 0.196937 1.43305 -0.238993 0.936564 0.25638 0.191839 -0.135359 -0.293586 0.946301 -0.106695
308 0.960045 0.20379 0.191789 1.43547 -0.247863 0.937384 0.244693 0.186354 -0.129914 -0.282454 0.950443 -0.105171
309 0.958716 0.215531 0.185498 1.43868 -0.255225 0.939835 0.227092 0.181911 -0.125392 -0.26506 0.956044 -0.104126
310 0.957997 0.226699 0.175642 1.44531 -0.261397 0.942186 0.209658 0.17861 -0.117958 -0.246764 0.96187 -0.106146
311 0.954535 0.24274 0.173034 1.44717 -0.275505 0.940032 0.201089 0.169883 -0.113846 -0.239618 0.964169 -0.102346
312 0.950461 0.256531 0.175543 1.44858 -0.288811 0.93762 0.193539 0.162252 -0.114944 -0.23465 0.96526 -0.101501
313 0.94863 0.2641 0.174219 1.45213 -0.294437 0.938447 0.180621 0.1616 -0.115793 -0.222639 0.968 -0.101712
314 0.947985 0.27298 0.163723 1.45504 -0.299472 0.939187 0.16806 0.157997 -0.10789 -0.208348 0.972086 -0.101294
315 0.946074 0.287552 0.149192 1.45603 -0.310069 0.937157 0.159979 0.150723 -0.093814 -0.197612 0.975781 -0.0994708
316 0.941931 0.303254 0.144234 1.45569 -0.324228 0.933107 0.155522 0.136158 -0.0874233 -0.193255 0.977246 -0.0986839
317 0.938073 0.315638 0.142799 1.45679 -0.335235 0.931012 0.144344 0.131543 -0.0873871 -0.183276 0.97917 -0.0981617
318 0.934426 0.327537 0.139882 1.45649 -0.345444 0.929095 0.132099 0.128289 -0.0866966 -0.171758 0.981317 -0.0967916
319 0.932872 0.336809 0.127705 1.458 -0.351818 0.92803 0.122409 0.123367 -0.0772853 -0.159121 0.984229 -0.0972142
320 0.929212 0.350583 0.116865 1.45819 -0.363321 0.924479 0.115482 0.115522 -0.0675532 -0.149767 0.986411 -0.0963009
321 0.92552 0.36195 0.111374 1.45889 -0.373459 0.921102 0.109995 0.106548 -0.0627741 -0.143396 0.987673 -0.0946799
322 0.922184 0.371613 0.107149 1.45635 -0.38194 0.918628 0.101211 0.0989127 -0.0608187 -0.134259 0.989078 -0.0941993
323 0.919892 0.380956 0.0931179 1.45702 -0.388902 0.916732 0.0914239 0.09255 -0.0505356 -0.120314 0.991449 -0.0944369
324 0.916429 0.39157 0.0826486 1.45784 -0.397946 0.913503 0.0845606 0.0831091 -0.0423884 -0.110384 0.992985 -0.0946048
325 0.912901 0.400771 0.07742 1.45809 -0.406271 0.91046 0.0774986 0.0751411 -0.0394287 -0.102202 0.993982 -0.0934256
326 0.909898 0.408323 0.0731969 1.45528 -0.413135 0.907901 0.0709573 0.0638982 -0.0374821 -0.0948041 0.99479 -0.0943641
327 0.907534 0.415188 0.0632506 1.4545 -0.418737 0.906101 0.0603337 0.0574958 -0.0322616 -0.0812403 0.996172 -0.0933944
328 0.904902 0.422205 0.0538049 1.45439 -0.424787 0.903791 0.0521333 0.0478993 -0.0266174 -0.0700311 0.99719 -0.0947233
329 0.902952 0.426816 0.0500575 1.45641 -0.429004 0.902086 0.0468618 0.0399433 -0.0251548 -0.0637888 0.997646 -0.0971207
330 0.897635 0.436964 0.0575683 1.45054 -0.439581 0.89707 0.045102 0.0284015 -0.0319348 -0.065791 0.997322 -0.0985831
331 0.895295 0.441607 0.0585668 1.44653 -0.44402 0.895239 0.0373119 0.0222477 -0.0359541 -0.05941 0.997586 -0.0928397
332 0.893162 0.446318 0.0553273 1.44288 -0.448245 0.893446 0.0288084 0.0130193 -0.0365743 -0.0505308 0.998053 -0.091503
333 0.889901 0.453411 0.0499516 1.43525 -0.454625 0.890543 0.0157975 0.00326704 -0.0373213 -0.0367675 0.998627 -0.093204
334 0.888325 0.457488 0.0397839 1.43332 -0.457939 0.88898 0.00254375 -0.0052958 -0.0342033 -0.0204783 0.999205 -0.0967729
335 0.885327 0.46372 0.0340521 1.43478 -0.463893 0.885886 -0.00310689 -0.0189883 -0.031607 -0.0130459 0.999415 -0.104753
336 0.880516 0.472503 0.0378634 1.42829 -0.472638 0.881237 -0.00586052 -0.0310892 -0.0361358 -0.0127354 0.999266 -0.109789
337 0.870148 0.491108 0.0406835 1.40898 -0.490606 0.871098 -0.0222156 -0.0426597 -0.0463495 -0.000628732 0.998925 -0.102228
338 0.86377 0.503101 0.0281181 1.40492 -0.502335 0.864145 -0.0302333 -0.0496972 -0.0395085 0.01199 0.999147 -0.106008
339 0.860785 0.508864 0.0102886 1.40483 -0.50827 0.860487 -0.034991 -0.0551435 -0.0266589 0.0248904 0.999335 -0.106206
340 0.854805 0.518937 0.00354686 1.3991 -0.518504 0.854336 -0.0355359 -0.0636479 -0.0214711 0.0285372 0.999362 -0.105496
341 0.845987 0.533006 -0.0145427 1.38654 -0.533122 0.845063 -0.0406051 -0.0753896 -0.00935323 0.0421044 0.999069 -0.102605
342 0.842497 0.537593 -0.0345412 1.38156 -0.538666 0.84144 -0.0426249 -0.0808049 0.00614955 0.0545175 0.998494 -0.0964084
343 0.827225 0.558307 -0.0631747 1.37289 -0.561308 0.826185 -0.0484892 -0.0935467 0.0251221 0.075572 0.996824 -0.0956056
344 0.821909 0.565141 -0.0712821 1.36895 -0.568775 0.821049 -0.0487242 -0.0980525 0.0309901 0.0805904 0.996265 -0.0961323
345 0.815808 0.573017 -0.0781579 1.35979 -0.57705 0.815506 -0.0443104 -0.106475 0.0383476 0.0812498 0.995956 -0.0888227
346 0.808209 0.582036 -0.0896244 1.3488 -0.587088 0.808258 -0.045235 -0.111044 0.0461112 0.0891768 0.994948 -0.0837706
347 0.798426 0.589963 -0.120247 1.3363 -0.597902 0.800417 -0.0429479 -0.118818 0.0709104 0.106187 0.991815 -0.0809115
348 0.795624 0.59118 -0.132246 1.32806 -0.600273 0.798759 -0.0406914 -0.124494 0.0815765 0.111759 0.990381 -0.0726436
349 0.791535 0.594063 -0.143393 1.32088 -0.604794 0.795152 -0.0442464 -0.127307 0.087734 0.121746 0.988676 -0.0662472
350 0.786402 0.592537 -0.174561 1.29823 -0.60788 0.792565 -0.0481978 -0.133198 0.109792 0.144015 0.983466 -0.0623985
351 0.782943 0.59076 -0.194946 1.29036 -0.610656 0.789652 -0.0595747 -0.129129 0.118745 0.165688 0.979003 -0.0542463
352 0.7809 0.585866 -0.216694 1.28927 -0.610412 0.789365 -0.0655738 -0.13143 0.132633 0.183479 0.974035 -0.0580329
353 0.780638 0.580453 -0.231688 1.28683 -0.60816 0.790934 -0.0675597 -0.133745 0.144035 0.193643 0.970441 -0.0566793
