15 0.996481 -0.0824736 0.0149787 -0.0256206 0.0821555 0.996404 0.02074 0.00360526 -0.0166353 -0.0194364 0.999673 0.0110557
16 0.995594 -0.0929035 0.0127485 -0.0273006 0.0926197 0.995474 0.0212921 0.00318527 -0.0146689 -0.0200175 0.999692 0.0125219
17 0.994566 -0.103471 0.0115332 -0.0268509 0.103213 0.994436 0.0210637 0.00242249 -0.0136485 -0.0197589 0.999712 0.0139305
18 0.993092 -0.116341 0.0152451 -0.0309421 0.116026 0.993042 0.0201445 0.00192505 -0.0174827 -0.0182365 0.999681 0.0148142
19 0.993092 -0.116351 0.0152115 -0.0308946 0.116037 0.993042 0.0200798 0.00197507 -0.017442 -0.018176 0.999683 0.0148463
20 0.99136 -0.130179 0.016057 -0.0349758 0.129859 0.991339 0.0195759 0.000943241 -0.0184663 -0.0173216 0.999679 0.0160341
21 0.989038 -0.146861 0.0153356 -0.0366562 0.146586 0.989039 0.017703 4.4159e-05 -0.0177674 -0.015261 0.999726 0.0171125
22 0.986211 -0.164584 0.0173444 -0.0412793 0.164309 0.986275 0.016245 -0.000260462 -0.01978 -0.0131711 0.999718 0.0177364
23 0.983021 -0.1827 0.0170679 -0.0434667 0.182409 0.983071 0.0172983 -0.00216693 -0.0199393 -0.0138913 0.999705 0.0190279
24 0.979195 -0.202135 0.0178602 -0.0465073 0.201839 0.97927 0.017051 -0.00469406 -0.0209365 -0.0130914 0.999695 0.0249445
25 0.974741 -0.222553 0.0187148 -0.0515317 0.222283 0.974859 0.0154831 -0.00854625 -0.0216901 -0.0109321 0.999705 0.0267348
26 0.970643 -0.23991 0.0172068 -0.0549182 0.239784 0.970784 0.00911153 -0.0105466 -0.0188901 -0.00471811 0.99981 0.0284524
27 0.966774 -0.255117 0.0162383 -0.059244 0.255102 0.966909 0.00302208 -0.00990411 -0.0164719 0.00122074 0.999864 0.0295191
28 0.962639 -0.270393 0.0146081 -0.0625165 0.270402 0.962747 0.00138582 -0.0120323 -0.0144386 0.002616 0.999892 0.0319708
29 0.958448 -0.285009 0.0121528 -0.0633684 0.285055 0.958509 -0.00214799 -0.0138577 -0.0110364 0.00552295 0.999924 0.0368377
30 0.954192 -0.298909 0.0131027 -0.0673482 0.299 0.954237 -0.00556386 -0.0152721 -0.01084 0.00922669 0.999899 0.0386571
31 0.94965 -0.313029 0.0133063 -0.0686918 0.313155 0.949662 -0.00870516 -0.0187644 -0.0099115 0.0124338 0.999874 0.040745
32 0.944801 -0.327145 0.0180831 -0.0717671 0.32743 0.944739 -0.0160422 -0.0218756 -0.0118357 0.0210776 0.999708 0.042274
33 0.9408 -0.338116 0.0239364 -0.0778432 0.33869 0.940526 -0.0264537 -0.0218091 -0.0135684 0.0329947 0.999363 0.0431279
34 0.937637 -0.346857 0.0229578 -0.0773157 0.347484 0.937053 -0.0344459 -0.0205202 -0.00956487 0.0402752 0.999143 0.0464376
35 0.937631 -0.346876 0.0228924 -0.0772405 0.347499 0.937055 -0.0342506 -0.0207058 -0.00957068 0.0400695 0.999151 0.046307
36 0.9347 -0.354337 0.0279598 -0.0814044 0.355208 0.934032 -0.0375602 -0.0190209 -0.0128064 0.045039 0.998903 0.0475293
37 0.930518 -0.364801 0.0324963 -0.0859994 0.365839 0.929998 -0.0355643 -0.0183295 -0.0172476 0.0449817 0.998839 0.0491651
38 0.92607 -0.375821 0.0339451 -0.0845746 0.376819 0.925789 -0.030349 -0.0207819 -0.0200202 0.0408965 0.998963 0.0510932
39 0.923421 -0.381314 0.0435064 -0.0854012 0.382657 0.923461 -0.0281657 -0.0233012 -0.0294365 0.0426568 0.998656 0.0515498
40 0.922467 -0.382113 0.0551807 -0.0904808 0.383972 0.922923 -0.0279192 -0.0246812 -0.0402593 0.0469424 0.998086 0.0525388
41 0.921874 -0.382246 0.0635306 -0.0930426 0.384548 0.922659 -0.0286975 -0.0250172 -0.0476475 0.0508861 0.997567 0.0530757
42 0.920889 -0.383549 0.0696654 -0.0922175 0.386143 0.92201 -0.0281215 -0.0245468 -0.0534463 0.0527976 0.997174 0.0518839
43 0.920692 -0.38172 0.0813387 -0.0948454 0.38469 0.922733 -0.0240392 -0.0254286 -0.0658776 0.0534229 0.996397 0.0518467
44 0.922495 -0.374602 0.0931505 -0.096684 0.377955 0.925591 -0.0207505 -0.0254213 -0.0784461 0.0543489 0.995436 0.0513796
45 0.925081 -0.364463 0.106729 -0.0984063 0.368044 0.929682 -0.0153271 -0.0242944 -0.093638 0.0534599 0.99417 0.0507473
46 0.927547 -0.353006 0.122649 -0.10091 0.356452 0.93429 -0.00665503 -0.0243764 -0.112241 0.0498913 0.992428 0.0492136
47 0.930503 -0.339804 0.136736 -0.101847 0.342525 0.939501 0.00384634 -0.025453 -0.12977 0.0432564 0.9906 0.0441479
48 0.933199 -0.324739 0.153895 -0.105113 0.326699 0.945038 0.0130967 -0.0268181 -0.14969 0.0380555 0.988 0.0430555
49 0.936228 -0.307702 0.169697 -0.109167 0.308869 0.950891 0.0201472 -0.0282821 -0.167563 0.0335519 0.98529 0.0420206
50 0.93959 -0.290411 0.181196 -0.109007 0.290842 0.95645 0.0247862 -0.0295589 -0.180503 0.0294104 0.983135 0.0389847
51 0.942155 -0.270951 0.197304 -0.112402 0.270939 0.962201 0.0275865 -0.0280768 -0.19732 0.0274665 0.979954 0.0361298
52 0.944556 -0.25081 0.211917 -0.118088 0.249315 0.967819 0.0341938 -0.0282792 -0.213673 0.0205362 0.976689 0.0354512
53 0.947325 -0.232177 0.220612 -0.120339 0.22929 0.972577 0.0389763 -0.0298393 -0.223612 0.013661 0.974582 0.0338297
54 0.949338 -0.214419 0.229743 -0.121205 0.210447 0.976705 0.0419512 -0.0317157 -0.233386 0.00852303 0.972347 0.0293942
55 0.950466 -0.194867 0.242159 -0.12413 0.190472 0.980808 0.0416652 -0.0318282 -0.245631 0.00652306 0.969342 0.0264913
56 0.951516 -0.174503 0.25331 -0.127904 0.169904 0.984644 0.0401001 -0.0307375 -0.256418 0.00488247 0.966554 0.0229547
57 0.952766 -0.154731 0.261334 -0.130851 0.149524 0.987956 0.039821 -0.0275398 -0.264348 0.00113554 0.964427 0.0196502
58 0.95384 -0.1343 0.268613 -0.132649 0.126982 0.990906 0.044516 -0.0280546 -0.272148 -0.00835216 0.962219 0.0164489
59 0.954032 -0.114194 0.277097 -0.134801 0.105531 0.99335 0.0460309 -0.0286821 -0.280511 -0.0146727 0.959739 0.013031
60 0.953941 -0.0943815 0.284761 -0.138177 0.0848109 0.995345 0.0457841 -0.0281272 -0.287757 -0.0195245 0.957505 0.00844643
61 0.954106 -0.0722546 0.290621 -0.140293 0.0619136 0.997083 0.0446342 -0.0270442 -0.292998 -0.0245924 0.955797 0.00460528
62 0.953554 -0.0518884 0.29672 -0.142096 0.0405619 0.998199 0.0442065 -0.0258579 -0.298479 -0.0301178 0.953941 -9.75384e-05
63 0.951968 -0.0338653 0.304318 -0.146096 0.0212544 0.998776 0.0446584 -0.0266861 -0.305458 -0.0360453 0.951523 -0.00196942
64 0.951104 -0.0120889 0.308633 -0.150282 0.000222132 0.99926 0.0384555 -0.0285243 -0.30887 -0.0365066 0.950403 -0.00253756
65 0.952057 0.00723542 0.305836 -0.151975 -0.0162806 0.999502 0.0270349 -0.0248913 -0.305488 -0.030718 0.9517 -0.00812104
66 0.952767 0.0254562 0.302634 -0.151796 -0.0336576 0.999193 0.0219147 -0.0221638 -0.301832 -0.0310655 0.952855 -0.0145804
67 0.951635 0.0453284 0.303868 -0.152293 -0.0539717 0.99834 0.0201016 -0.0201181 -0.302452 -0.0355297 0.952502 -0.0207495
68 0.948985 0.0664464 0.308241 -0.156004 -0.0760769 0.996915 0.0193173 -0.0194274 -0.306007 -0.0417819 0.951112 -0.0234791
69 0.947371 0.0861194 0.308338 -0.16022 -0.0961208 0.995218 0.0173654 -0.0189962 -0.305368 -0.0460891 0.951118 -0.0252844
70 0.946652 0.104396 0.304879 -0.161964 -0.113426 0.993474 0.0120047 -0.0189859 -0.301636 -0.0459456 0.952315 -0.0298742
71 0.945694 0.122391 0.301136 -0.161165 -0.130693 0.991395 0.00749818 -0.0164668 -0.297627 -0.0464473 0.953552 -0.0389836
72 0.942035 0.142784 0.303615 -0.164214 -0.151875 0.988379 0.00641285 -0.0167255 -0.299171 -0.0521525 0.952773 -0.0419025
73 0.939557 0.160249 0.302578 -0.166915 -0.169087 0.985596 0.00305815 -0.0140525 -0.297729 -0.0540351 0.95312 -0.0457137
74 0.937345 0.178612 0.299135 -0.169133 -0.188495 0.982065 0.00426908 -0.0140216 -0.293008 -0.0603872 0.954201 -0.0493582
75 0.934593 0.194332 0.297943 -0.171638 -0.204892 0.978775 0.00430815 -0.0152364 -0.290782 -0.0650727 0.954574 -0.0531856
76 0.931643 0.208268 0.297768 -0.174277 -0.218959 0.975731 0.00261282 -0.0155515 -0.289997 -0.067633 0.954635 -0.0565024
77 0.928966 0.219402 0.298135 -0.177879 -0.22973 0.973254 -0.000412946 -0.016701 -0.290252 -0.0681068 0.954524 -0.0572719
78 0.929457 0.223445 0.293566 -0.179936 -0.231969 0.972705 -0.00593151 -0.0142189 -0.286879 -0.062585 0.95592 -0.0600563
79 0.929916 0.229121 0.287682 -0.182857 -0.237771 0.971308 -0.00500374 -0.0151461 -0.280574 -0.0637495 0.957713 -0.0631005
80 0.92917 0.236265 0.284293 -0.187699 -0.244531 0.969619 -0.00659826 -0.0174044 -0.277214 -0.0633876 0.958715 -0.0651978
81 0.931077 0.237427 0.276991 -0.190846 -0.244032 0.969706 -0.0109102 -0.0158768 -0.27119 -0.0574363 0.960811 -0.0669107
82 0.934979 0.23448 0.266144 -0.193001 -0.240277 0.970641 -0.0110569 -0.0149369 -0.260923 -0.0536102 0.96387 -0.0700136
83 0.937682 0.23417 0.256743 -0.196052 -0.240143 0.970702 -0.00830511 -0.0157095 -0.251166 -0.0538675 0.966444 -0.0717028
84 0.939194 0.236061 0.249379 -0.199413 -0.241796 0.970295 -0.00784335 -0.0166361 -0.243823 -0.0529325 0.968374 -0.0722233
85 0.941611 0.236144 0.240011 -0.202611 -0.241295 0.970418 -0.00813368 -0.0151914 -0.234831 -0.0502547 0.970736 -0.0734023
86 0.94343 0.238719 0.230117 -0.20955 -0.244162 0.969722 -0.00496004 -0.016188 -0.224334 -0.0515064 0.97315 -0.0724587
87 0.945272 0.242582 0.218209 -0.214352 -0.247383 0.968902 -0.00547232 -0.0200083 -0.21275 -0.0488083 0.975887 -0.0698877
88 0.949185 0.238935 0.204835 -0.217408 -0.241791 0.970262 -0.0113484 -0.0185191 -0.201455 -0.0387555 0.978731 -0.0738964
89 0.953148 0.233582 0.19222 -0.221087 -0.235757 0.97174 -0.0118081 -0.0168307 -0.189546 -0.0340622 0.981281 -0.0742144
90 0.956742 0.228968 0.179493 -0.225255 -0.231289 0.972851 -0.00817586 -0.0180913 -0.176492 -0.0336927 0.983725 -0.0734332
91 0.959804 0.223867 0.169293 -0.230742 -0.22612 0.97408 -0.00610228 -0.0211527 -0.166271 -0.0324236 0.985547 -0.0723138
92 0.962995 0.216844 0.160058 -0.233987 -0.218402 0.975826 -0.00800916 -0.0229942 -0.157925 -0.0272442 0.987075 -0.072679
93 0.966094 0.208632 0.152103 -0.23721 -0.209467 0.977757 -0.0106925 -0.0234426 -0.150951 -0.0215306 0.988307 -0.0732328
94 0.969687 0.196751 0.144903 -0.239818 -0.197128 0.980306 -0.0118928 -0.0228173 -0.144389 -0.0170322 0.989374 -0.0734396
95 0.973468 0.181865 0.138871 -0.242826 -0.182341 0.983191 -0.00939466 -0.0229191 -0.138245 -0.0161764 0.990266 -0.0737472
96 0.97678 0.167102 0.134081 -0.245589 -0.168 0.985776 -0.00467222 -0.0245287 -0.132955 -0.017962 0.990959 -0.0718392
97 0.979364 0.153142 0.131884 -0.250505 -0.154415 0.988006 -0.000577726 -0.0265639 -0.130391 -0.0197991 0.991265 -0.07156
98 0.981871 0.138669 0.129231 -0.254596 -0.140214 0.990117 0.00289345 -0.0262951 -0.127553 -0.020961 0.99161 -0.0703592
99 0.984687 0.121654 0.124865 -0.25929 -0.123725 0.992276 0.00893776 -0.0269405 -0.122813 -0.0242498 0.992133 -0.0665536
100 0.987675 0.10293 0.117916 -0.262196 -0.105423 0.994313 0.015085 -0.0297735 -0.115693 -0.0273301 0.992909 -0.0637771
101 0.989755 0.0864109 0.11366 -0.2652 -0.0891493 0.995833 0.0192256 -0.0339258 -0.111525 -0.0291613 0.993334 -0.0602798
102 0.990959 0.0734156 0.112294 -0.271531 -0.076098 0.996904 0.0197853 -0.0411113 -0.110494 -0.0281518 0.993478 -0.0563656
103 0.992611 0.0570031 0.107115 -0.272386 -0.058471 0.998233 0.0106116 -0.0410267 -0.106321 -0.0167964 0.99419 -0.0572581
104 0.993502 0.0394456 0.106764 -0.277058 -0.040261 0.999174 0.00549208 -0.0396795 -0.106459 -0.0097548 0.994269 -0.0555801
105 0.994415 0.0182302 0.103955 -0.282108 -0.0188312 0.999811 0.00480254 -0.0415796 -0.103848 -0.00673332 0.99457 -0.0534371
106 0.995123 -0.00639136 0.0984297 -0.286346 0.00604187 0.999974 0.00384839 -0.0428191 -0.0984518 -0.00323492 0.995137 -0.0523286
107 0.995478 -0.0280259 0.0907692 -0.290964 0.0276147 0.999602 0.00578336 -0.0444626 -0.0908952 -0.00325063 0.995855 -0.0499894
108 0.99589 -0.0452077 0.078479 -0.290628 0.0445738 0.998958 0.00981138 -0.0485997 -0.0788407 -0.00627296 0.996867 -0.0481643
109 0.995735 -0.0604142 0.0697323 -0.287061 0.0596647 0.998137 0.0127837 -0.0563625 -0.0703747 -0.00856863 0.997484 -0.0473393
110 0.994715 -0.074146 0.0710254 -0.287203 0.0737301 0.997242 0.0084638 -0.0619339 -0.0714571 -0.00318236 0.997439 -0.0463247
111 0.993434 -0.0848008 0.0767996 -0.28945 0.084925 0.996386 0.00165252 -0.0667705 -0.0766622 0.00488054 0.997045 -0.0446033
112 0.991877 -0.0974869 0.0817142 -0.293409 0.0985003 0.995101 -0.0084532 -0.0690261 -0.0804898 0.0164334 0.99662 -0.0433362
113 0.99017 -0.112079 0.0836758 -0.297025 0.113977 0.993316 -0.0182495 -0.070358 -0.0810712 0.0276072 0.996326 -0.0423062
114 0.988236 -0.128908 0.0822878 -0.298127 0.131478 0.990962 -0.0265932 -0.0713732 -0.078116 0.0370994 0.996254 -0.0416115
115 0.98601 -0.145606 0.0811374 -0.299064 0.14866 0.98834 -0.032922 -0.0700017 -0.0753977 0.0445232 0.996159 -0.0409452
116 0.983597 -0.162274 0.0787682 -0.29976 0.16527 0.985693 -0.0330892 -0.0696712 -0.0722718 0.0455644 0.996344 -0.0388493
117 0.980517 -0.181598 0.074886 -0.293015 0.184239 0.982425 -0.0299602 -0.0739817 -0.0681291 0.0431734 0.996742 -0.0368568
118 0.976143 -0.201542 0.0807787 -0.289419 0.204547 0.978374 -0.0307423 -0.0751965 -0.0728359 0.0465319 0.996258 -0.0352524
119 0.97041 -0.22384 0.0905538 -0.290519 0.227226 0.973415 -0.0288542 -0.07712 -0.0816877 0.0485766 0.995473 -0.0335877
120 0.964656 -0.245621 0.0954377 -0.292165 0.248994 0.968182 -0.0250209 -0.0796518 -0.0862554 0.0479 0.995121 -0.0318483
121 0.957963 -0.271271 0.0933753 -0.290258 0.274245 0.961443 -0.0204068 -0.0837025 -0.0842393 0.0451567 0.995422 -0.0293745
122 0.95038 -0.297789 0.0899961 -0.285525 0.300528 0.953598 -0.018277 -0.0881964 -0.0803774 0.0444164 0.995774 -0.0264617
123 0.94177 -0.324508 0.0881086 -0.278993 0.32738 0.944682 -0.0199654 -0.0918245 -0.0767556 0.0476478 0.995911 -0.0236229
124 0.933786 -0.346184 0.0905526 -0.276361 0.349475 0.936665 -0.0229366 -0.092236 -0.0768772 0.0530637 0.995628 -0.0223886
125 0.927696 -0.361943 0.0915313 -0.2733 0.365136 0.930732 -0.0203456 -0.0947887 -0.0778272 0.0522959 0.995594 -0.0202111
126 0.921937 -0.376293 0.0918436 -0.268528 0.379359 0.925076 -0.017917 -0.098317 -0.0782203 0.0513601 0.995612 -0.017883
127 0.915442 -0.391305 0.0940529 -0.266181 0.394457 0.918759 -0.016874 -0.101474 -0.0798091 0.052547 0.995424 -0.0164491
128 0.909316 -0.405337 0.0940582 -0.264144 0.408512 0.912603 -0.0165275 -0.103724 -0.0791386 0.0534526 0.99543 -0.0148493
129 0.90311 -0.419457 0.0919191 -0.259428 0.422473 0.906246 -0.0153225 -0.106953 -0.0768743 0.0526712 0.995649 -0.0133649
130 0.897313 -0.431748 0.0917723 -0.255697 0.434774 0.900415 -0.0149941 -0.107333 -0.0761594 0.0533546 0.995667 -0.0114547
131 0.892417 -0.441829 0.0915337 -0.252392 0.444556 0.895686 -0.0108112 -0.108883 -0.0772087 0.05034 0.995743 -0.00891944
132 0.887465 -0.452033 0.0898448 -0.247217 0.45439 0.890778 -0.00662201 -0.111975 -0.0770384 0.0467014 0.995934 -0.00605648
133 0.882522 -0.461656 0.089596 -0.242796 0.463899 0.885875 -0.00481236 -0.113808 -0.0771492 0.0458105 0.995967 -0.00393105
134 0.878179 -0.469814 0.0898713 -0.239728 0.471949 0.881621 -0.00285901 -0.113527 -0.0778892 0.0449254 0.995949 -0.00138232
135 0.873363 -0.478935 0.0886469 -0.234479 0.480635 0.876917 0.00245529 -0.115478 -0.0789119 0.0404625 0.99606 0.00148037
136 0.869388 -0.486305 0.087583 -0.227548 0.487681 0.872999 0.00639092 -0.117498 -0.0795678 0.0371564 0.996137 0.00474781
137 0.865638 -0.49267 0.0891521 -0.221688 0.493924 0.869459 0.00894059 -0.118357 -0.0819189 0.0362951 0.995978 0.00785707
138 0.862534 -0.497676 0.0914037 -0.217647 0.498734 0.866665 0.0125114 -0.120218 -0.085443 0.0347947 0.995735 0.00999715
139 0.860291 -0.501627 0.0909344 -0.211855 0.502415 0.864484 0.0156695 -0.121234 -0.0864716 0.0322065 0.995734 0.0124286
140 0.858016 -0.505659 0.0900961 -0.202626 0.506181 0.862226 0.0186521 -0.121918 -0.0871148 0.0296011 0.995758 0.016122
141 0.856066 -0.50835 0.0934392 -0.193399 0.508758 0.860649 0.0211925 -0.122758 -0.0911915 0.0293958 0.995399 0.0190139
142 0.853987 -0.510436 0.100807 -0.184761 0.510917 0.859324 0.0229488 -0.122067 -0.0983397 0.031906 0.994641 0.0218358
143 0.851981 -0.511658 0.111062 -0.179665 0.51204 0.85853 0.0272385 -0.1234 -0.109287 0.0336615 0.99344 0.0230368
144 0.85043 -0.512638 0.1182 -0.17306 0.51275 0.857949 0.0318022 -0.125209 -0.117712 0.0335615 0.99248 0.0250235
145 0.849205 -0.513568 0.122877 -0.16452 0.51344 0.857405 0.0351583 -0.12638 -0.123412 0.0332335 0.991799 0.0269777
146 0.848479 -0.513302 0.128862 -0.154946 0.512966 0.857552 0.0383508 -0.127034 -0.130191 0.0335619 0.990921 0.0290007
147 0.847605 -0.512731 0.136646 -0.146291 0.512064 0.857885 0.0427091 -0.128343 -0.139125 0.0337712 0.989699 0.0305505
148 0.845703 -0.513299 0.145982 -0.137648 0.51239 0.857483 0.0466868 -0.129454 -0.149141 0.0353165 0.988185 0.0320699
149 0.843487 -0.514076 0.15574 -0.129679 0.512838 0.856959 0.0511735 -0.131361 -0.15977 0.0367053 0.986472 0.0326412
150 0.8409 -0.515667 0.16424 -0.122369 0.513932 0.855985 0.0562457 -0.132319 -0.169591 0.0371114 0.984815 0.0337035
151 0.837297 -0.519462 0.170565 -0.112095 0.517041 0.853719 0.0619003 -0.13312 -0.17777 0.0363602 0.9834 0.0363254
152 0.832859 -0.521491 0.185454 -0.094123 0.517469 0.852546 0.0734217 -0.135789 -0.196397 0.0348169 0.979906 0.0391502
153 0.82944 -0.524466 0.192262 -0.0828869 0.519465 0.850763 0.0797411 -0.136978 -0.205391 0.0337331 0.978098 0.0422325
154 0.824061 -0.529552 0.201239 -0.0739451 0.523651 0.847577 0.0860426 -0.141135 -0.21613 0.0344749 0.975756 0.042431
155 0.819065 -0.534328 0.208868 -0.0654315 0.528269 0.844435 0.0886643 -0.144007 -0.223751 0.0377167 0.973916 0.0426713
156 0.814254 -0.538883 0.215861 -0.0562582 0.533094 0.841319 0.0894064 -0.14468 -0.229787 0.0422744 0.972322 0.0444254
157 0.809811 -0.542157 0.224214 -0.0479161 0.536713 0.838941 0.0900965 -0.144951 -0.236949 0.0473777 0.970366 0.0461137
158 0.806868 -0.542902 0.232855 -0.0407616 0.53748 0.838248 0.0919523 -0.146526 -0.245111 0.0509611 0.968155 0.0468315
159 0.804803 -0.542796 0.240133 -0.0335752 0.537553 0.838103 0.0928417 -0.147221 -0.25165 0.0543649 0.96629 0.0480579
160 0.807882 -0.531462 0.254706 -0.0200153 0.525756 0.845204 0.0959748 -0.145544 -0.266285 0.0563766 0.962244 0.051374
161 0.812112 -0.521531 0.261687 -0.0114294 0.51444 0.851594 0.100693 -0.144726 -0.275366 0.052848 0.959886 0.0539174
162 0.815901 -0.510632 0.27122 -0.00590045 0.501696 0.858411 0.106914 -0.145507 -0.287412 0.0488385 0.956561 0.0553759
163 0.821189 -0.498418 0.2779 0.000557473 0.487319 0.865887 0.112964 -0.145574 -0.296933 0.0426608 0.953945 0.0564434
164 0.826452 -0.485473 0.285118 0.00841841 0.471832 0.873526 0.119692 -0.144777 -0.307166 0.035608 0.95099 0.0598711
165 0.832139 -0.470127 0.29415 0.0154387 0.453256 0.882184 0.127712 -0.146577 -0.319536 0.0270513 0.947188 0.0622383
166 0.838319 -0.452922 0.303453 0.0229816 0.433439 0.891324 0.132936 -0.148912 -0.330684 0.020085 0.943528 0.0654252
167 0.842145 -0.437779 0.314867 0.0286414 0.416742 0.898915 0.135196 -0.14858 -0.342225 0.0173635 0.939458 0.0668361
168 0.849332 -0.407911 0.335027 0.0407043 0.382358 0.912993 0.142289 -0.154101 -0.363919 0.0072503 0.931403 0.0738821
169 0.854147 -0.389736 0.344296 0.045459 0.36459 0.920894 0.13794 -0.153755 -0.37082 0.00770549 0.928673 0.0767714
170 0.857943 -0.375318 0.350814 0.0508361 0.349786 0.926878 0.13619 -0.152977 -0.376276 0.00586652 0.926489 0.0789231
171 0.861896 -0.361684 0.355414 0.0553048 0.334633 0.9323 0.137247 -0.156279 -0.380993 0.000640034 0.924578 0.0835552
172 0.869476 -0.340835 0.357552 0.0597259 0.314231 0.94012 0.132033 -0.158247 -0.381144 -0.00244565 0.924513 0.0882787
173 0.878185 -0.317838 0.357448 0.0630526 0.292547 0.948134 0.124333 -0.155275 -0.378427 -0.00461655 0.92562 0.0917315
174 0.885063 -0.302027 0.354179 0.0683186 0.2756 0.95322 0.12416 -0.15712 -0.37511 -0.0122773 0.926899 0.0962288
175 0.899923 -0.26778 0.344141 0.081815 0.242523 0.963266 0.115334 -0.16125 -0.362383 -0.0203299 0.931807 0.104602
176 0.905981 -0.252471 0.339788 0.0888335 0.22843 0.967359 0.109706 -0.160921 -0.356395 -0.0217733 0.934082 0.108195
177 0.911989 -0.235053 0.336194 0.0971343 0.211484 0.971654 0.105651 -0.163152 -0.351498 -0.0252528 0.935848 0.112146
178 0.917213 -0.213468 0.33638 0.104946 0.190546 0.976555 0.10016 -0.167047 -0.349875 -0.0277726 0.936385 0.115074
179 0.920622 -0.191784 0.340107 0.109613 0.170099 0.98105 0.0927744 -0.1711 -0.351455 -0.0275583 0.935799 0.11822
180 0.923651 -0.172296 0.342321 0.111142 0.153222 0.984765 0.0822268 -0.171828 -0.351273 -0.0234978 0.935978 0.123626
181 0.929128 -0.153464 0.336408 0.113253 0.13716 0.987939 0.0718596 -0.170331 -0.343378 -0.020625 0.938971 0.128792
182 0.936317 -0.135693 0.323879 0.120624 0.120738 0.990493 0.0659298 -0.171209 -0.329746 -0.0226266 0.943798 0.133852
183 0.941965 -0.118138 0.314236 0.131595 0.104353 0.992705 0.0603995 -0.174534 -0.319079 -0.0241028 0.947421 0.135979
184 0.943888 -0.0974079 0.315575 0.140663 0.0845091 0.99494 0.0543388 -0.178289 -0.319272 -0.0246207 0.947343 0.135377
185 0.943709 -0.0733758 0.322535 0.147736 0.0614835 0.997005 0.0469205 -0.179538 -0.325012 -0.0244487 0.945394 0.137026
186 0.941698 -0.049813 0.332751 0.150688 0.0384664 0.998435 0.040605 -0.179802 -0.334252 -0.025438 0.94214 0.141787
187 0.939724 -0.0281981 0.340768 0.1514 0.0173009 0.999238 0.0349754 -0.181323 -0.341495 -0.0269716 0.939496 0.147549
188 0.941413 0.000680359 0.337256 0.158663 -0.00959376 0.999647 0.0247633 -0.180331 -0.337121 -0.026548 0.941087 0.155907
189 0.942278 0.0102901 0.334672 0.165413 -0.0191763 0.999546 0.0232585 -0.180751 -0.334281 -0.0283338 0.942048 0.158081
190 0.942124 0.0175494 0.334804 0.170015 -0.0270115 0.999356 0.0236262 -0.182322 -0.334174 -0.0313024 0.941992 0.162201
191 0.941937 0.0229412 0.335004 0.174948 -0.0324571 0.999212 0.0228339 -0.183901 -0.334216 -0.0323814 0.94194 0.16594
192 0.941636 0.0268586 0.335559 0.179147 -0.0358181 0.999147 0.0205386 -0.185139 -0.334721 -0.031359 0.941795 0.169903
193 0.941957 0.0373404 0.333649 0.185018 -0.0454983 0.998825 0.0166671 -0.185091 -0.332635 -0.0308802 0.94255 0.172186
194 0.941666 0.0515941 0.332572 0.191359 -0.0595535 0.99813 0.0137772 -0.184469 -0.331239 -0.0327794 0.942977 0.173777
195 0.940242 0.0635852 0.334519 0.19637 -0.0724259 0.997275 0.0140079 -0.185063 -0.332716 -0.0373986 0.942285 0.174754
196 0.938996 0.075528 0.335532 0.201906 -0.0853168 0.996248 0.0145069 -0.184353 -0.333178 -0.0422484 0.941917 0.177315
197 0.937443 0.0856922 0.337428 0.208719 -0.0970828 0.995131 0.0169949 -0.184499 -0.334329 -0.0486902 0.941198 0.179443
198 0.93488 0.0934109 0.342452 0.212561 -0.106417 0.994133 0.0193439 -0.185255 -0.338636 -0.0545269 0.939336 0.18423
199 0.933935 0.0988152 0.343513 0.217205 -0.112292 0.993484 0.0195102 -0.184934 -0.339347 -0.0567949 0.938945 0.18798
200 0.934106 0.100796 0.34247 0.223843 -0.114371 0.993244 0.0196223 -0.184273 -0.338178 -0.0574981 0.939324 0.190287
201 0.932619 0.113725 0.342473 0.23918 -0.128834 0.991431 0.0216139 -0.18213 -0.33708 -0.0642796 0.939279 0.193627
202 0.929241 0.118636 0.349908 0.241248 -0.135223 0.990542 0.0232638 -0.18341 -0.343839 -0.0689332 0.936495 0.195826
203 0.927579 0.12377 0.352532 0.247862 -0.140298 0.989873 0.0216175 -0.182555 -0.346287 -0.0695114 0.93555 0.197543
204 0.926047 0.127147 0.355344 0.254354 -0.143765 0.989397 0.0206406 -0.182037 -0.348952 -0.0702004 0.934508 0.199609
205 0.924669 0.130218 0.357815 0.258865 -0.14623 0.989088 0.0179351 -0.18048 -0.351575 -0.0689072 0.93362 0.202765
206 0.925618 0.132832 0.354383 0.265086 -0.147724 0.988912 0.0151713 -0.177706 -0.348439 -0.0663936 0.934977 0.203806
207 0.927481 0.132993 0.349417 0.274125 -0.14792 0.988866 0.0162583 -0.175922 -0.343365 -0.0667651 0.936826 0.204115
208 0.926404 0.134873 0.351546 0.278313 -0.151782 0.988194 0.0208527 -0.178523 -0.344583 -0.0726763 0.935938 0.202753
209 0.925995 0.139257 0.350915 0.292608 -0.156494 0.987454 0.0210959 -0.179987 -0.343575 -0.0744507 0.93617 0.204798
210 0.925706 0.142563 0.350349 0.299837 -0.158991 0.987108 0.0184204 -0.180915 -0.343207 -0.0727542 0.936438 0.205756
211 0.925082 0.148929 0.349346 0.307185 -0.163459 0.986473 0.0123021 -0.179323 -0.342789 -0.0684842 0.936913 0.205817
212 0.924755 0.153134 0.348394 0.313347 -0.165942 0.986111 0.00702662 -0.176221 -0.342479 -0.064311 0.937322 0.207167
213 0.925448 0.154486 0.345947 0.318654 -0.166158 0.986091 0.00414275 -0.172929 -0.340496 -0.0613157 0.938245 0.209017
214 0.92897 0.160612 0.333494 0.331788 -0.171535 0.985172 0.00335918 -0.171587 -0.32801 -0.0603264 0.942746 0.210596
215 0.929957 0.164211 0.328961 0.337942 -0.174437 0.984667 0.0015986 -0.171791 -0.323654 -0.0588696 0.944342 0.211793
216 0.930576 0.17033 0.324062 0.343511 -0.179217 0.983807 -0.00245954 -0.172066 -0.319233 -0.0557886 0.946033 0.212661
217 0.931641 0.174545 0.318715 0.347097 -0.181343 0.983384 -0.00846503 -0.172213 -0.314896 -0.0499103 0.947813 0.215248
218 0.934652 0.176791 0.308498 0.351299 -0.18023 0.983468 -0.0175552 -0.170707 -0.306501 -0.0391927 0.951063 0.216762
219 0.942168 0.178478 0.283664 0.363442 -0.175385 0.983824 -0.0364798 -0.169924 -0.285586 -0.0153804 0.95823 0.216629
220 0.944925 0.180276 0.273163 0.370232 -0.174875 0.983598 -0.0442058 -0.168898 -0.276652 -0.00599836 0.960951 0.217245
221 0.947029 0.181086 0.265223 0.374934 -0.173589 0.983463 -0.0516468 -0.168388 -0.27019 0.00287128 0.962803 0.218317
222 0.949583 0.179133 0.2573 0.378974 -0.169503 0.983743 -0.0593248 -0.166284 -0.263744 0.0127209 0.964509 0.219563
223 0.952061 0.179903 0.247415 0.382901 -0.168919 0.983477 -0.0651092 -0.166811 -0.255041 0.0201948 0.966719 0.220979
224 0.957514 0.179791 0.225482 0.38986 -0.16422 0.982653 -0.0861704 -0.164808 -0.237063 0.0454808 0.970429 0.222985
225 0.960723 0.178718 0.212298 0.393349 -0.162293 0.982391 -0.0925683 -0.164421 -0.225103 0.0544781 0.972811 0.223432
226 0.963203 0.179845 0.19974 0.397539 -0.162547 0.98162 -0.0999986 -0.166814 -0.214053 0.0638518 0.974733 0.223872
227 0.965114 0.181984 0.188248 0.401647 -0.16315 0.980309 -0.111252 -0.166678 -0.204787 0.0766582 0.9758 0.223947
228 0.968904 0.18511 0.164193 0.407223 -0.164828 0.977761 -0.12967 -0.16757 -0.184545 0.098574 0.977868 0.225536
229 0.971098 0.185964 0.149617 0.412304 -0.164795 0.97586 -0.14332 -0.163182 -0.172658 0.114521 0.978302 0.22708
230 0.97229 0.187742 0.139299 0.414175 -0.166853 0.974659 -0.148995 -0.161869 -0.163741 0.121624 0.978977 0.227728
231 0.976084 0.187681 0.109708 0.417205 -0.169305 0.972829 -0.157922 -0.161122 -0.136366 0.135571 0.981338 0.23064
232 0.977968 0.187111 0.0925625 0.421045 -0.170523 0.97181 -0.162808 -0.159305 -0.120416 0.143437 0.982306 0.231558
233 0.979273 0.186805 0.0782885 0.422927 -0.171872 0.970895 -0.1668 -0.158653 -0.107169 0.149887 0.982878 0.233407
234 0.980624 0.184897 0.0647263 0.424564 -0.171784 0.970433 -0.169558 -0.157043 -0.0941633 0.155153 0.983392 0.23438
235 0.981447 0.184792 0.05112 0.426688 -0.173785 0.970006 -0.169964 -0.156892 -0.0809946 0.157926 0.984124 0.236322
236 0.981823 0.187653 0.0284535 0.428638 -0.180269 0.968896 -0.169541 -0.15701 -0.0593834 0.16133 0.985112 0.239145
237 0.981771 0.189357 0.0164201 0.428858 -0.183834 0.967965 -0.171023 -0.15573 -0.0482785 0.164887 0.98513 0.240258
238 0.981156 0.193218 0.00043403 0.42899 -0.190286 0.966653 -0.171385 -0.155797 -0.0335342 0.168073 0.985204 0.241886
239 0.98097 0.193648 -0.0140617 0.431155 -0.19316 0.966034 -0.171664 -0.156306 -0.0196582 0.171113 0.985055 0.243523
240 0.980918 0.193035 -0.0231748 0.432542 -0.194121 0.965797 -0.171913 -0.15679 -0.0108031 0.173131 0.98484 0.244637
241 0.981322 0.190143 -0.0292146 0.430882 -0.192321 0.966096 -0.172252 -0.157334 -0.00452844 0.174653 0.98462 0.24592
242 0.981171 0.189065 -0.0394769 0.429346 -0.193069 0.965726 -0.173488 -0.157203 0.00532331 0.177843 0.984044 0.247474
243 0.980256 0.19083 -0.0517877 0.429396 -0.197028 0.964758 -0.174421 -0.157851 0.0166778 0.181181 0.983308 0.24873
244 0.979738 0.190226 -0.0626755 0.431589 -0.198462 0.964192 -0.175915 -0.158104 0.0269675 0.184789 0.982408 0.248027
245 0.979519 0.18879 -0.0700022 0.429631 -0.19843 0.964095 -0.176485 -0.15823 0.0341702 0.186761 0.981811 0.248514
246 0.978642 0.188992 -0.080881 0.427699 -0.200696 0.963555 -0.17687 -0.158612 0.0445062 0.189325 0.980905 0.249408
247 0.977178 0.190422 -0.0941374 0.428138 -0.204678 0.962611 -0.177445 -0.159601 0.0568282 0.192664 0.979618 0.250655
248 0.976152 0.189273 -0.106311 0.427081 -0.206051 0.961974 -0.1793 -0.159803 0.0683319 0.196929 0.978034 0.251506
249 0.974656 0.188659 -0.120221 0.425859 -0.208415 0.961047 -0.181527 -0.160501 0.0812911 0.201982 0.97601 0.252839
250 0.973189 0.186393 -0.134761 0.426636 -0.209399 0.960395 -0.18383 -0.160023 0.0951594 0.207121 0.973676 0.250469
251 0.971267 0.187051 -0.14715 0.427228 -0.212715 0.959587 -0.184243 -0.159926 0.10674 0.21025 0.971803 0.250512
252 0.969646 0.189026 -0.155101 0.426221 -0.216429 0.95867 -0.184691 -0.160471 0.11378 0.212653 0.970481 0.250371
253 0.968112 0.189637 -0.163697 0.424054 -0.218928 0.958068 -0.184868 -0.159715 0.121775 0.214811 0.969034 0.249579
254 0.966197 0.189957 -0.1743 0.422764 -0.221374 0.957809 -0.183293 -0.160257 0.132128 0.215682 0.967483 0.249969
255 0.963663 0.191722 -0.185998 0.420956 -0.225818 0.95666 -0.183868 -0.161622 0.142686 0.219188 0.965193 0.252832
256 0.960536 0.192531 -0.200755 0.418044 -0.230501 0.954923 -0.187058 -0.162531 0.155692 0.22595 0.961617 0.253929
257 0.956891 0.190919 -0.218884 0.415133 -0.233943 0.953252 -0.19126 -0.161569 0.172136 0.234222 0.956822 0.252677
258 0.952576 0.186803 -0.240218 0.415076 -0.235763 0.952152 -0.194479 -0.161475 0.192395 0.24189 0.951038 0.252836
259 0.948907 0.184483 -0.256011 0.419375 -0.237879 0.95127 -0.196211 -0.160997 0.207338 0.247085 0.946552 0.251714
260 0.946996 0.18795 -0.260525 0.420815 -0.242573 0.950057 -0.196343 -0.160876 0.210611 0.249133 0.945291 0.251752
261 0.945261 0.195659 -0.261151 0.418143 -0.250434 0.948049 -0.196177 -0.159837 0.2092 0.25084 0.945153 0.252898
262 0.942999 0.201128 -0.265142 0.415006 -0.256774 0.946551 -0.195214 -0.159883 0.211707 0.252168 0.944241 0.252258
263 0.94028 0.203569 -0.272824 0.411782 -0.260995 0.945666 -0.193899 -0.160249 0.218529 0.253525 0.942322 0.253187
264 0.936473 0.205671 -0.284109 0.409113 -0.266202 0.94421 -0.19392 -0.160857 0.228374 0.257231 0.938977 0.254927
265 0.932541 0.207405 -0.295551 0.407597 -0.271597 0.942305 -0.195693 -0.161286 0.237911 0.262763 0.935069 0.257334
266 0.928954 0.208121 -0.306154 0.405131 -0.276054 0.940463 -0.198303 -0.16131 0.246655 0.268729 0.931099 0.258549
267 0.925238 0.205208 -0.319099 0.402912 -0.277797 0.939281 -0.201446 -0.161688 0.258386 0.275031 0.926064 0.260364
268 0.920833 0.203815 -0.332454 0.401321 -0.281553 0.937349 -0.205195 -0.160046 0.269804 0.282553 0.920527 0.263079
269 0.916915 0.203858 -0.343088 0.401106 -0.285565 0.935691 -0.207208 -0.161084 0.278784 0.287965 0.916164 0.263956
270 0.913743 0.204002 -0.351364 0.398615 -0.289516 0.933669 -0.210816 -0.161258 0.285051 0.294357 0.912195 0.265001
271 0.910339 0.201828 -0.361314 0.395011 -0.291676 0.932238 -0.214142 -0.160923 0.293611 0.300328 0.907522 0.266128
272 0.905552 0.200182 -0.374037 0.393495 -0.294921 0.930825 -0.21584 -0.161423 0.304956 0.305766 0.901948 0.267554
273 0.901788 0.1977 -0.384308 0.393022 -0.296832 0.929646 -0.218286 -0.162261 0.314116 0.310923 0.897027 0.268225
274 0.899168 0.195131 -0.391689 0.39036 -0.298221 0.928286 -0.222148 -0.160888 0.320251 0.316558 0.892877 0.270408
275 0.895693 0.193344 -0.400439 0.387768 -0.300486 0.926977 -0.224549 -0.16132 0.327783 0.321454 0.888384 0.272158
276 0.893017 0.188286 -0.408742 0.386092 -0.299386 0.926681 -0.227224 -0.161293 0.33599 0.325287 0.883911 0.273247
277 0.889611 0.186381 -0.416958 0.384973 -0.300776 0.926099 -0.22776 -0.160779 0.343694 0.328029 0.879927 0.274244
278 0.886424 0.188896 -0.422577 0.383953 -0.304992 0.925091 -0.226246 -0.161795 0.348185 0.329433 0.877634 0.275079
279 0.884314 0.190269 -0.426364 0.380453 -0.307937 0.924102 -0.226297 -0.16159 0.350947 0.331411 0.875787 0.277311
280 0.881435 0.188969 -0.432855 0.375926 -0.309117 0.923732 -0.226196 -0.161254 0.357098 0.33318 0.872624 0.280323
281 0.877913 0.185174 -0.441565 0.372866 -0.308559 0.923967 -0.225999 -0.16095 0.366143 0.334656 0.8683 0.282557
282 0.87401 0.184972 -0.449323 0.36727 -0.311178 0.923282 -0.225208 -0.160288 0.373195 0.336654 0.864517 0.284557
283 0.869104 0.184437 -0.458957 0.365228 -0.313746 0.922888 -0.223252 -0.160694 0.38239 0.338025 0.859952 0.28648
284 0.864717 0.183222 -0.467647 0.362059 -0.315873 0.92229 -0.222725 -0.160537 0.390498 0.340311 0.855395 0.288791
285 0.85866 0.181238 -0.479433 0.358707 -0.318328 0.921692 -0.221699 -0.159324 0.401709 0.342981 0.849114 0.291275
286 0.851327 0.179673 -0.49291 0.357422 -0.321045 0.921492 -0.218593 -0.158825 0.414937 0.34434 0.842174 0.292845
287 0.844113 0.179313 -0.505292 0.355689 -0.323703 0.921716 -0.21367 -0.157619 0.427422 0.343927 0.836077 0.295392
288 0.836219 0.182905 -0.516994 0.352938 -0.328291 0.922114 -0.204769 -0.157392 0.439274 0.340956 0.831136 0.296739
289 0.829093 0.184799 -0.527687 0.350653 -0.330005 0.923609 -0.195046 -0.156503 0.451333 0.33585 0.826743 0.299377
290 0.821238 0.186279 -0.539322 0.348172 -0.330756 0.925615 -0.183949 -0.156459 0.464939 0.32945 0.821763 0.302161
291 0.812554 0.185759 -0.552494 0.3453 -0.330698 0.927458 -0.174528 -0.156046 0.479995 0.324523 0.81504 0.305094
292 0.803362 0.182392 -0.566871 0.344326 -0.327808 0.930175 -0.165279 -0.155628 0.497144 0.318603 0.807057 0.307586
293 0.79533 0.181789 -0.578275 0.344684 -0.325241 0.933004 -0.154017 -0.156978 0.511535 0.310574 0.801172 0.308047
294 0.791841 0.181351 -0.58318 0.344078 -0.322653 0.934978 -0.147349 -0.156628 0.518539 0.304842 0.798868 0.311619
295 0.788695 0.184014 -0.5866 0.342057 -0.323159 0.935791 -0.140938 -0.155227 0.523 0.300722 0.797519 0.31508
296 0.783915 0.187226 -0.591966 0.341697 -0.323574 0.936927 -0.132166 -0.154267 0.529884 0.295152 0.795053 0.31507
297 0.778194 0.187803 -0.599286 0.340947 -0.321046 0.939095 -0.122598 -0.153596 0.539762 0.287804 0.791092 0.318327
298 0.773018 0.187522 -0.606036 0.34149 -0.317688 0.941323 -0.113953 -0.154162 0.549107 0.280618 0.787233 0.322588
299 0.76602 0.188512 -0.614555 0.339095 -0.312665 0.944587 -0.0999781 -0.152595 0.561653 0.268735 0.782513 0.328803
300 0.76216 0.19015 -0.618834 0.341403 -0.310942 0.945937 -0.0922986 -0.1526 0.567827 0.262768 0.78008 0.330837
301 0.761722 0.191602 -0.618925 0.343492 -0.308037 0.947499 -0.0857868 -0.152951 0.569994 0.255997 0.780751 0.334325
302 0.763212 0.193583 -0.616468 0.344059 -0.30593 0.948613 -0.0808708 -0.153567 0.569135 0.250318 0.783216 0.334643
303 0.762143 0.19453 -0.617492 0.344804 -0.305108 0.949154 -0.0775676 -0.153698 0.571006 0.247519 0.782743 0.334652
304 0.760801 0.19064 -0.620353 0.346844 -0.299042 0.951336 -0.0743913 -0.153052 0.575982 0.242109 0.780787 0.334669
305 0.760241 0.185824 -0.622497 0.350778 -0.290773 0.954208 -0.070271 -0.153527 0.580934 0.234428 0.779461 0.338416
306 0.767108 0.184088 -0.614538 0.354724 -0.281831 0.957256 -0.0650496 -0.153094 0.576296 0.223096 0.7862 0.344256
307 0.771101 0.182013 -0.610143 0.356585 -0.27585 0.959167 -0.0624897 -0.153112 0.573856 0.216494 0.789823 0.345021
308 0.774223 0.179382 -0.60696 0.359168 -0.269524 0.961139 -0.0597412 -0.151744 0.572656 0.209843 0.792484 0.344099
309 0.775773 0.17984 -0.604842 0.361655 -0.265109 0.962717 -0.0537809 -0.15074 0.57262 0.202071 0.794527 0.344311
310 0.778777 0.181989 -0.600322 0.364479 -0.260607 0.964361 -0.0457271 -0.149329 0.570606 0.192059 0.79845 0.347088
311 0.784991 0.183811 -0.59161 0.365959 -0.254059 0.966488 -0.0368201 -0.148704 0.565016 0.179207 0.805383 0.348546
312 0.788714 0.185727 -0.586033 0.3718 -0.249102 0.968059 -0.0284547 -0.146982 0.56203 0.168425 0.809787 0.352017
313 0.799007 0.188624 -0.570972 0.37476 -0.238457 0.971067 -0.0128946 -0.14915 0.55202 0.146455 0.820868 0.354058
314 0.802479 0.186738 -0.566706 0.376799 -0.229384 0.973327 -0.00409143 -0.151147 0.550827 0.133277 0.82391 0.35378
315 0.803163 0.182666 -0.567064 0.383647 -0.221348 0.975195 0.000629462 -0.151575 0.553113 0.125013 0.823673 0.360049
316 0.806194 0.18339 -0.562512 0.38646 -0.218239 0.97588 0.00537485 -0.151998 0.54993 0.118429 0.826772 0.362374
317 0.810175 0.183781 -0.556634 0.388699 -0.215079 0.976552 0.00937783 -0.151957 0.545306 0.112123 0.830705 0.365646
318 0.815047 0.184454 -0.549249 0.392229 -0.211923 0.977191 0.0136903 -0.153645 0.539246 0.10524 0.835547 0.366524
319 0.819689 0.18391 -0.542482 0.394097 -0.208511 0.977881 0.0164573 -0.154282 0.53351 0.0996239 0.839906 0.367532
320 0.823441 0.181426 -0.537614 0.395982 -0.203766 0.97885 0.0182271 -0.155077 0.529551 0.0945385 0.842994 0.369884
321 0.825768 0.175546 -0.535996 0.403291 -0.197178 0.980216 0.0172585 -0.155343 0.528421 0.0914348 0.844044 0.37134
322 0.828843 0.173127 -0.532021 0.406703 -0.194573 0.980757 0.0160249 -0.155011 0.524558 0.0902346 0.84658 0.37391
323 0.832555 0.172315 -0.52646 0.41039 -0.193235 0.98103 0.0155141 -0.155225 0.519147 0.0888141 0.850058 0.37774
324 0.83781 0.171235 -0.518414 0.414254 -0.191823 0.981328 0.0141319 -0.155716 0.511154 0.0876038 0.855013 0.381198
325 0.844629 0.168886 -0.508015 0.418542 -0.188706 0.981952 0.0126994 -0.155528 0.500991 0.0851391 0.861255 0.383399
326 0.850561 0.164175 -0.499593 0.429049 -0.182043 0.983202 0.0131674 -0.155942 0.493363 0.0797478 0.86616 0.385039
327 0.858335 0.162002 -0.486843 0.433094 -0.178164 0.983911 0.0132927 -0.156929 0.481164 0.0753281 0.873388 0.388059
328 0.865464 0.162267 -0.473964 0.437278 -0.177985 0.983962 0.0118678 -0.158667 0.468288 0.0740874 0.880464 0.389395
329 0.870443 0.161938 -0.464871 0.446386 -0.178087 0.983971 0.00930894 -0.157583 0.458927 0.0746848 0.885329 0.393708
330 0.877585 0.164013 -0.450494 0.451169 -0.178131 0.983943 0.0112196 -0.159187 0.4451 0.0704008 0.892709 0.39732
331 0.885862 0.161794 -0.434823 0.454518 -0.174779 0.984554 0.0102673 -0.162187 0.429768 0.0669025 0.900458 0.397709
332 0.892256 0.147555 -0.42674 0.458944 -0.160841 0.986968 0.00497012 -0.16402 0.421912 0.0642025 0.904361 0.401889
333 0.895003 0.134234 -0.425383 0.462661 -0.148745 0.988875 -0.000908593 -0.164193 0.420529 0.064087 0.905013 0.404652
334 0.895768 0.127551 -0.425828 0.469715 -0.142978 0.989716 -0.00431125 -0.164809 0.4209 0.0647461 0.904794 0.409839
335 0.900621 0.124631 -0.416352 0.475229 -0.140693 0.990021 -0.00798362 -0.166027 0.411203 0.0657682 0.909168 0.413176
336 0.906611 0.123928 -0.40336 0.47506 -0.141007 0.989926 -0.0127905 -0.165272 0.397711 0.0684724 0.914952 0.415652
337 0.909059 0.124709 -0.397568 0.478064 -0.141474 0.989857 -0.0129895 -0.166351 0.391915 0.0680539 0.917481 0.417649
338 0.911033 0.122937 -0.39358 0.481992 -0.139589 0.990113 -0.0138447 -0.168302 0.387986 0.0675523 0.919186 0.420289
339 0.913724 0.119744 -0.388291 0.485615 -0.136946 0.990436 -0.016822 -0.169674 0.382563 0.0685453 0.921383 0.422837
340 0.916683 0.119389 -0.381364 0.484029 -0.138017 0.990191 -0.0217646 -0.169829 0.375024 0.0725861 0.924169 0.425728
341 0.917977 0.120475 -0.377893 0.486864 -0.140857 0.989671 -0.0266549 -0.171925 0.370779 0.0776975 0.925465 0.428435
342 0.919935 0.117639 -0.374006 0.48899 -0.140452 0.989495 -0.0342338 -0.1736 0.36605 0.0840228 0.926794 0.430494
343 0.921227 0.113063 -0.372233 0.491292 -0.138441 0.989476 -0.0420777 -0.173789 0.363559 0.0902955 0.927185 0.432715
344 0.921431 0.112114 -0.372015 0.493913 -0.138969 0.989224 -0.0460867 -0.174831 0.362839 0.0941644 0.927082 0.4367
345 0.921988 0.109578 -0.371392 0.498462 -0.138248 0.989064 -0.0513842 -0.176321 0.361699 0.0987199 0.927053 0.443181
346 0.925883 0.103758 -0.363284 0.500539 -0.133484 0.989374 -0.0576279 -0.177153 0.353444 0.101849 0.929895 0.446232
347 0.928617 0.0986071 -0.357698 0.501957 -0.128712 0.989786 -0.0612912 -0.1778 0.348001 0.102956 0.931824 0.449149
348 0.929734 0.0952916 -0.355689 0.503307 -0.126078 0.989931 -0.0643448 -0.179417 0.345976 0.104668 0.932387 0.454186
349 0.930061 0.0932345 -0.355378 0.505891 -0.125903 0.989578 -0.0698812 -0.180278 0.345159 0.109737 0.932107 0.458898
350 0.929131 0.0907909 -0.35843 0.514616 -0.125803 0.989174 -0.0755498 -0.181793 0.347691 0.115287 0.930495 0.470019
351 0.932343 0.0875172 -0.350823 0.51675 -0.123407 0.989025 -0.081241 -0.182486 0.339863 0.119039 0.932911 0.473847
