1 0.5446330 -0.4661430 0.6971980 -1.1486300 0.4046450 0.8742020 0.2683890 -0.1503740 -0.7346000 0.1359440 0.6647420 0.1317610 
2 0.5438010 -0.4683540 0.6963660 -1.1490000 0.4073370 0.8727890 0.2689160 -0.1501710 -0.7337280 0.1374190 0.6654020 0.1303410 
3 0.5430660 -0.4709930 0.6951580 -1.1490000 0.4080770 0.8715730 0.2717260 -0.1498890 -0.7338610 0.1361130 0.6655230 0.1311400 
4 0.5428470 -0.4736380 0.6935300 -1.1490900 0.4095350 0.8702480 0.2737690 -0.1492920 -0.7332110 0.1354110 0.6663830 0.1297560 
5 0.5389610 -0.4785600 0.6931820 -1.1481800 0.4105510 0.8678120 0.2799110 -0.1496240 -0.7355060 0.1337250 0.6641900 0.1315090 
6 0.5385700 -0.4794890 0.6928440 -1.1486000 0.4122410 0.8671000 0.2796360 -0.1495710 -0.7348470 0.1350150 0.6646590 0.1308160 
7 0.5357480 -0.4829470 0.6926300 -1.1482400 0.4139290 0.8651740 0.2830840 -0.1490230 -0.7359600 0.1350380 0.6634210 0.1292130 
8 0.5345860 -0.4832060 0.6933460 -1.1487400 0.4143610 0.8649020 0.2832840 -0.1494440 -0.7365610 0.1358560 0.6625870 0.1299450 
9 0.5364820 -0.4837490 0.6915020 -1.1493400 0.4150980 0.8646870 0.2828610 -0.1489080 -0.7347660 0.1352910 0.6646920 0.1283330 
10 0.5362360 -0.4848750 0.6909030 -1.1488300 0.4149410 0.8642350 0.2844680 -0.1490750 -0.7350340 0.1341420 0.6646290 0.1284740 
11 0.5368840 -0.4832100 0.6915660 -1.1493300 0.4144180 0.8650620 0.2827100 -0.1492200 -0.7348560 0.1348150 0.6646890 0.1279270 
12 0.5371500 -0.4832100 0.6913600 -1.1493500 0.4147920 0.8650140 0.2823090 -0.1492900 -0.7344500 0.1351290 0.6650740 0.1276980 
13 0.5410650 -0.4819130 0.6892090 -1.1506300 0.4158880 0.8656320 0.2787790 -0.1504920 -0.7309490 0.1357960 0.6687850 0.1276840 
14 0.5466340 -0.4794320 0.6865390 -1.1502500 0.4160490 0.8670170 0.2741990 -0.1500030 -0.7267010 0.1357470 0.6734080 0.1267740 
15 0.5520930 -0.4796500 0.6820030 -1.1503700 0.4160820 0.8673280 0.2731620 -0.1503530 -0.7225430 0.1329580 0.6784200 0.1267150 
16 0.5585490 -0.4757300 0.6794880 -1.1508900 0.4149010 0.8695750 0.2677620 -0.1511590 -0.7182480 0.1323620 0.6830810 0.1268860 
17 0.5753170 -0.4683010 0.6706000 -1.1524400 0.4105960 0.8744390 0.2583920 -0.1503490 -0.7074040 0.1266890 0.6953630 0.1262540 
18 0.5837620 -0.4661190 0.6647970 -1.1526700 0.4088340 0.8761660 0.2553190 -0.1516460 -0.7014820 0.1227470 0.7020370 0.1268700 
19 0.5968530 -0.4590430 0.6580620 -1.1529700 0.4061840 0.8801740 0.2455780 -0.1517990 -0.6919400 0.1207200 0.7117910 0.1271970 
20 0.6269500 -0.4450880 0.6393990 -1.1552300 0.3958720 0.8888830 0.2305910 -0.1510620 -0.6709840 0.1085510 0.7334830 0.1255920 
21 0.6397860 -0.4398450 0.6302460 -1.1555100 0.3893950 0.8925110 0.2275880 -0.1513890 -0.6626050 0.0998072 0.7422900 0.1259870 
22 0.6679600 -0.4234480 0.6119810 -1.1558500 0.3735860 0.9020080 0.2163680 -0.1520070 -0.6436330 0.0841030 0.7607000 0.1266180 
23 0.6828490 -0.4149280 0.6012920 -1.1556500 0.3663730 0.9065710 0.2095220 -0.1520820 -0.6320510 0.0772256 0.7710700 0.1256730 
24 0.7092050 -0.4022060 0.5790150 -1.1569100 0.3566080 0.9131380 0.1975110 -0.1521580 -0.6081600 0.0664058 0.7910320 0.1261690 
25 0.7215210 -0.3952120 0.5685210 -1.1572900 0.3512820 0.9165170 0.1913050 -0.1530460 -0.5966650 0.0616804 0.8001170 0.1267860 
26 0.7450440 -0.3813670 0.5472370 -1.1587200 0.3442930 0.9225620 0.1741860 -0.1532360 -0.5712890 0.0586337 0.8186520 0.1273080 
27 0.7567210 -0.3750630 0.5354440 -1.1581800 0.3403740 0.9253190 0.1671220 -0.1526460 -0.5581380 0.0557871 0.8278710 0.1249230 
28 0.7727710 -0.3665500 0.5181380 -1.1592100 0.3343360 0.9290170 0.1585790 -0.1532960 -0.5394860 0.0506873 0.8404680 0.1250320 
29 0.7801150 -0.3620270 0.5102520 -1.1594800 0.3316160 0.9308520 0.1534440 -0.1539380 -0.5305200 0.0495038 0.8462250 0.1250100 
30 0.7939900 -0.3520080 0.4956520 -1.1605600 0.3252810 0.9347730 0.1427980 -0.1546720 -0.5135880 0.0478462 0.8567020 0.1255850 
31 0.8008620 -0.3483830 0.4870820 -1.1607700 0.3235460 0.9361530 0.1376030 -0.1556920 -0.5039220 0.0473922 0.8624480 0.1254320 
32 0.8132590 -0.3367950 0.4745300 -1.1598500 0.3151840 0.9404520 0.1273120 -0.1549230 -0.4891510 0.0460264 0.8709840 0.1243900 
33 0.8158210 -0.3348690 0.4714860 -1.1601300 0.3133750 0.9412010 0.1262420 -0.1564540 -0.4860370 0.0447607 0.8727910 0.1246800 
34 0.8238400 -0.3240120 0.4650840 -1.1616700 0.3049730 0.9450050 0.1181370 -0.1556980 -0.4777850 0.0445122 0.8773480 0.1250670 
35 0.8283780 -0.3209180 0.4591320 -1.1622200 0.3010310 0.9462520 0.1182700 -0.1556080 -0.4724090 0.0402405 0.8804600 0.1261120 
36 0.8371380 -0.3210070 0.4428930 -1.1619200 0.3006240 0.9464460 0.1177520 -0.1548780 -0.4569740 0.0345690 0.8888080 0.1285610 
37 0.8406520 -0.3227530 0.4348950 -1.1606700 0.3022990 0.9459230 0.1176640 -0.1544410 -0.4493540 0.0325542 0.8927600 0.1282360 
38 0.8397830 -0.3265060 0.4337730 -1.1579500 0.3034370 0.9447880 0.1237010 -0.1544670 -0.4502120 0.0277412 0.8924900 0.1284760 
39 0.8381220 -0.3255990 0.4376500 -1.1575100 0.3018660 0.9451140 0.1250500 -0.1542300 -0.4543450 0.0273039 0.8904070 0.1281860 
40 0.8304430 -0.3283630 0.4500470 -1.1553200 0.3032760 0.9441010 0.1292180 -0.1538980 -0.4673200 0.0291804 0.8836070 0.1277960 
41 0.8243660 -0.3309700 0.4592170 -1.1551600 0.3049750 0.9431310 0.1322630 -0.1536510 -0.4768770 0.0310165 0.8784230 0.1272730 
42 0.8102500 -0.3459690 0.4730760 -1.1535700 0.3185610 0.9375060 0.1400070 -0.1533540 -0.4919500 0.0372629 0.8698260 0.1273330 
43 0.8021520 -0.3554340 0.4798120 -1.1513800 0.3279540 0.9337430 0.1434210 -0.1524090 -0.4989980 0.0423108 0.8655700 0.1253690 
44 0.7821850 -0.3714200 0.5002340 -1.1485500 0.3411050 0.9271520 0.1550380 -0.1539930 -0.5213770 0.0493636 0.8518980 0.1259430 
45 0.7733750 -0.3761100 0.5103260 -1.1472700 0.3464770 0.9248980 0.1565800 -0.1537300 -0.5308910 0.0557209 0.8456060 0.1250940 
46 0.7480070 -0.3886930 0.5379620 -1.1443100 0.3547280 0.9192130 0.1709270 -0.1520820 -0.5609390 0.0629756 0.8254580 0.1225430 
47 0.7350460 -0.3943930 0.5515090 -1.1432200 0.3580030 0.9165410 0.1782890 -0.1534860 -0.5757960 0.0663913 0.8148930 0.1238800 
48 0.7130490 -0.4033840 0.5734480 -1.1407400 0.3671690 0.9116280 0.1847190 -0.1522820 -0.5972840 0.0788392 0.7981450 0.1206780 
49 0.6978160 -0.4115130 0.5862680 -1.1396500 0.3728270 0.9075510 0.1932650 -0.1526840 -0.6115990 0.0837129 0.7867270 0.1218100 
50 0.6725500 -0.4259170 0.6052040 -1.1368300 0.3864140 0.8995600 0.2036580 -0.1535200 -0.6311580 0.0968890 0.7695790 0.1233940 
51 0.6618820 -0.4297370 0.6141970 -1.1339400 0.3901370 0.8971250 0.2072670 -0.1528630 -0.6400820 0.1024340 0.7614480 0.1224110 
52 0.6339480 -0.4376700 0.6376170 -1.1310900 0.3943220 0.8921660 0.2203430 -0.1513890 -0.6652970 0.1117400 0.7381690 0.1210120 
53 0.6159920 -0.4445400 0.6503370 -1.1291300 0.3976110 0.8881360 0.2304750 -0.1514210 -0.6800430 0.1166100 0.7238390 0.1224180 
54 0.5825730 -0.4550600 0.6734460 -1.1260000 0.4039210 0.8811070 0.2459630 -0.1520860 -0.7053060 0.1287280 0.6971180 0.1231930 
55 0.5671360 -0.4597840 0.6833410 -1.1254200 0.4055580 0.8780180 0.2541810 -0.1517870 -0.7168540 0.1329790 0.6844250 0.1230910 
56 0.5518690 -0.4678840 0.6903080 -1.1238800 0.4103280 0.8729900 0.2636670 -0.1530490 -0.7259970 0.1377430 0.6737620 0.1254650 
57 0.5256110 -0.4793200 0.7028410 -1.1194400 0.4193520 0.8647990 0.2761650 -0.1523670 -0.7401880 0.1495830 0.6555510 0.1242360 
58 0.5091160 -0.4864380 0.7100560 -1.1176000 0.4235470 0.8597690 0.2853150 -0.1517300 -0.7492720 0.1554830 0.6437520 0.1246080 
59 0.4783310 -0.4956020 0.7249680 -1.1134100 0.4266320 0.8527130 0.3014400 -0.1516910 -0.7675830 0.1651060 0.6193190 0.1257250 
60 0.4624210 -0.5016090 0.7311330 -1.1134200 0.4286140 0.8483060 0.3109120 -0.1520530 -0.7761810 0.1696010 0.6072720 0.1252280 
61 0.4333270 -0.5109880 0.7423740 -1.1094300 0.4300810 0.8411280 0.3279220 -0.1525620 -0.7919960 0.1771830 0.5842510 0.1272400 
62 0.4206930 -0.5145680 0.7471530 -1.1070900 0.4306470 0.8381430 0.3347520 -0.1515140 -0.7984740 0.1809310 0.5741980 0.1283520 
63 0.3990540 -0.5235330 0.7527740 -1.1042200 0.4336410 0.8311160 0.3481390 -0.1526880 -0.8079060 0.1875070 0.5586860 0.1309390 
64 0.3920630 -0.5265140 0.7543670 -1.1025500 0.4355680 0.8285230 0.3518960 -0.1522700 -0.8102880 0.1906120 0.5541660 0.1318910 
65 0.3791080 -0.5328180 0.7565600 -1.0999500 0.4410160 0.8227990 0.3584780 -0.1529820 -0.8135000 0.1977530 0.5469110 0.1339200 
66 0.3751700 -0.5348930 0.7570580 -1.1001800 0.4420610 0.8211020 0.3610730 -0.1538480 -0.8147570 0.1992020 0.5445080 0.1342410 
67 0.3742190 -0.5365460 0.7563590 -1.0997500 0.4431570 0.8199320 0.3623860 -0.1553040 -0.8145990 0.1995740 0.5446080 0.1378150 
68 0.3876290 -0.5337180 0.7515910 -1.1000700 0.4462470 0.8220790 0.3536240 -0.1588550 -0.8066030 0.1983200 0.5568310 0.1399900 
69 0.3990430 -0.5314220 0.7472320 -1.1003700 0.4473230 0.8241980 0.3472760 -0.1608780 -0.8004170 0.1956760 0.5666070 0.1414400 
70 0.4310330 -0.5214730 0.7363940 -1.1022700 0.4481720 0.8320410 0.3268770 -0.1653810 -0.7831680 0.1891360 0.5923470 0.1417850 
71 0.4479540 -0.5170160 0.7294060 -1.1042500 0.4471830 0.8360210 0.3179560 -0.1674980 -0.7741860 0.1837490 0.6056990 0.1406930 
72 0.4797050 -0.5147040 0.7106070 -1.1064900 0.4480590 0.8400160 0.3059690 -0.1718280 -0.7544040 0.1716190 0.6335780 0.1413910 
73 0.4955300 -0.5128790 0.7010030 -1.1080300 0.4483760 0.8422550 0.2992730 -0.1748680 -0.7439150 0.1660150 0.6473250 0.1414720 
74 0.5128680 -0.5109300 0.6898680 -1.1096700 0.4487000 0.8446390 0.2919810 -0.1771220 -0.7318710 0.1597960 0.6624420 0.1410880 
75 0.5433930 -0.5149380 0.6629960 -1.1111700 0.4535220 0.8446720 0.2843350 -0.1808460 -0.7064290 0.1461770 0.6925240 0.1411490 
76 0.5577900 -0.5160730 0.6500300 -1.1106500 0.4564660 0.8448490 0.2790510 -0.1852170 -0.6931880 0.1410650 0.7068180 0.1416520 
77 0.5938980 -0.5131150 0.6196770 -1.1135100 0.4615420 0.8481700 0.2599740 -0.1905160 -0.6589880 0.1316090 0.7405500 0.1393840 
78 0.6118520 -0.5117490 0.6031170 -1.1133800 0.4616620 0.8501970 0.2530500 -0.1934250 -0.6422660 0.1236070 0.7564490 0.1386910 
79 0.6286690 -0.5096210 0.5874200 -1.1111100 0.4610360 0.8525390 0.2462170 -0.1980060 -0.6262760 0.1160330 0.7709180 0.1389070 
80 0.6650370 -0.4887370 0.5646790 -1.1100900 0.4518820 0.8653400 0.2167690 -0.2057630 -0.5945830 0.1110090 0.7963340 0.1370800 
81 0.6812750 -0.4786430 0.5538640 -1.1124700 0.4472610 0.8711370 0.2026780 -0.2086900 -0.5795020 0.1096420 0.8075620 0.1342530 
82 0.7080680 -0.4656110 0.5308920 -1.1130900 0.4383810 0.8792390 0.1864410 -0.2181020 -0.5535900 0.1007200 0.8266760 0.1307100 
83 0.7379720 -0.4513220 0.5017020 -1.1134000 0.4313560 0.8872190 0.1636280 -0.2259760 -0.5189680 0.0956598 0.8494240 0.1276370 
84 0.7514880 -0.4440350 0.4879530 -1.1128300 0.4269850 0.8911590 0.1533580 -0.2307050 -0.5029400 0.0931014 0.8592920 0.1279450 
85 0.7698340 -0.4350760 0.4669740 -1.1106100 0.4230480 0.8956790 0.1370780 -0.2358130 -0.4778980 0.0920248 0.8735820 0.1254610 
86 0.7854920 -0.4160800 0.4581260 -1.1087200 0.4084950 0.9046720 0.1212460 -0.2441560 -0.4649020 0.0919049 0.8805790 0.1213690 
87 0.7929080 -0.4042120 0.4559710 -1.1084800 0.3998810 0.9098020 0.1111560 -0.2507500 -0.4597740 0.0941982 0.8830260 0.1199040 
88 0.8070650 -0.3780140 0.4535980 -1.1085400 0.3789490 0.9207270 0.0930579 -0.2593190 -0.4528170 0.0967868 0.8863340 0.1164320 
89 0.8140660 -0.3653340 0.4514720 -1.1067700 0.3688920 0.9256780 0.0839013 -0.2640520 -0.4485690 0.0982432 0.8883320 0.1139690 
90 0.8234900 -0.3440830 0.4510770 -1.1067100 0.3534130 0.9330950 0.0665736 -0.2740380 -0.4438050 0.1045940 0.8899990 0.1111130 
91 0.8296770 -0.3321640 0.4486680 -1.1072500 0.3451460 0.9369130 0.0553830 -0.2816650 -0.4387600 0.1089060 0.8919810 0.1106900 
92 0.8404380 -0.3159340 0.4402840 -1.1094200 0.3328370 0.9421060 0.0406898 -0.2902750 -0.4276500 0.1123460 0.8969360 0.1047170 
93 0.8446960 -0.3128490 0.4342980 -1.1068700 0.3311620 0.9429190 0.0351369 -0.2962570 -0.4205000 0.1141430 0.9000840 0.1060420 
94 0.8528200 -0.2992340 0.4279690 -1.1042400 0.3224640 0.9463880 0.0191337 -0.3068920 -0.4107500 0.1216870 0.9035910 0.0995808 
95 0.8547820 -0.2956760 0.4265240 -1.1020800 0.3193000 0.9475020 0.0169301 -0.3126300 -0.4091390 0.1217180 0.9043180 0.0988026 
96 0.8591030 -0.2857810 0.4245850 -1.0963000 0.3141040 0.9493820 0.0034562 -0.3245350 -0.4040810 0.1303950 0.9053820 0.0980256 
97 0.8604880 -0.2810200 0.4249570 -1.0953300 0.3116990 0.9501770 -0.0028112 -0.3287080 -0.4029950 0.1348780 0.9052090 0.0958092 
98 0.8644420 -0.2737530 0.4216620 -1.0911600 0.3076230 0.9514200 -0.0129692 -0.3413180 -0.3976280 0.1409240 0.9066600 0.0934511 
99 0.8639610 -0.2673080 0.4267530 -1.0906000 0.3050220 0.9521110 -0.0211369 -0.3468300 -0.4006660 0.1484310 0.9041210 0.0909046 
100 0.8643820 -0.2689250 0.4248790 -1.0856000 0.3110370 0.9498740 -0.0315606 -0.3548580 -0.3950940 0.1594330 0.9047000 0.0887548 
101 0.8657230 -0.2631140 0.4257880 -1.0834600 0.3079640 0.9506090 -0.0387359 -0.3621490 -0.3945660 0.1646620 0.9039930 0.0881464 
102 0.8662380 -0.2538110 0.4303630 -1.0818500 0.3019680 0.9521960 -0.0462377 -0.3679560 -0.3980540 0.1700090 0.9014710 0.0851474 
103 0.8634370 -0.2424740 0.4423600 -1.0789700 0.2978360 0.9527870 -0.0590851 -0.3758020 -0.4071490 0.1827670 0.8948890 0.0829036 
104 0.8633770 -0.2359370 0.4459980 -1.0762500 0.2958940 0.9527400 -0.0687930 -0.3809600 -0.4086890 0.1913620 0.8923860 0.0811147 
105 0.8605390 -0.2330290 0.4529580 -1.0746500 0.2956620 0.9526030 -0.0716274 -0.3855730 -0.4147980 0.1955610 0.8886500 0.0774534 
106 0.8561540 -0.2388720 0.4581930 -1.0674500 0.3046440 0.9495720 -0.0741967 -0.3906670 -0.4173640 0.2031100 0.8857510 0.0779006 
107 0.8555720 -0.2386990 0.4593680 -1.0645400 0.3058700 0.9489900 -0.0765622 -0.3948470 -0.4176600 0.2060110 0.8849400 0.0742900 
108 0.8481410 -0.2334270 0.4755730 -1.0577400 0.3070150 0.9481530 -0.0821481 -0.4033640 -0.4317400 0.2156810 0.8758320 0.0686325 
109 0.8440750 -0.2329710 0.4829720 -1.0547000 0.3106320 0.9466070 -0.0862677 -0.4041980 -0.4370870 0.2228430 0.8713760 0.0661889 
110 0.8413340 -0.2326290 0.4878940 -1.0507300 0.3137900 0.9451750 -0.0904446 -0.4066900 -0.4401050 0.2291900 0.8682050 0.0643922 
111 0.8370020 -0.2305820 0.4962460 -1.0429800 0.3153360 0.9444070 -0.0930459 -0.4094620 -0.4472040 0.2343640 0.8631820 0.0555554 
112 0.8319090 -0.2324500 0.5038790 -1.0374200 0.3184280 0.9436260 -0.0904128 -0.4127770 -0.4544570 0.2356640 0.8590290 0.0537091 
113 0.8224030 -0.2255390 0.5222880 -1.0284000 0.3212040 0.9418140 -0.0990708 -0.4153190 -0.4695530 0.2492370 0.8469950 0.0473035 
114 0.8161520 -0.2245490 0.5324230 -1.0247900 0.3230950 0.9412470 -0.0983034 -0.4148260 -0.4790670 0.2522540 0.8407510 0.0425940 
115 0.8088210 -0.2281770 0.5419810 -1.0187100 0.3280910 0.9399680 -0.0938918 -0.4150520 -0.4880210 0.2537610 0.8351290 0.0387084 
116 0.7976170 -0.2323130 0.5566300 -1.0073500 0.3370740 0.9369770 -0.0919532 -0.4168390 -0.5001880 0.2609690 0.8256560 0.0332539 
117 0.7909050 -0.2346950 0.5651440 -1.0055600 0.3417370 0.9355000 -0.0897538 -0.4154930 -0.5076270 0.2641170 0.8200960 0.0280052 
118 0.7744020 -0.2420900 0.5845470 -0.9915270 0.3540650 0.9315060 -0.0832778 -0.4167460 -0.5243480 0.2714580 0.8070750 0.0194957 
119 0.7661310 -0.2440110 0.5945610 -0.9897300 0.3594810 0.9295680 -0.0817155 -0.4140040 -0.5327450 0.2763380 0.7998880 0.0131647 
120 0.7509510 -0.2520600 0.6103580 -0.9773750 0.3699010 0.9262300 -0.0725997 -0.4124110 -0.5470330 0.2802910 0.7887910 0.0038673 
121 0.7447130 -0.2531150 0.6175240 -0.9720420 0.3734710 0.9248990 -0.0712898 -0.4116040 -0.5531030 0.2837180 0.7833150 -0.0011997 
122 0.7363710 -0.2565200 0.6260640 -0.9687360 0.3777660 0.9235520 -0.0659145 -0.4093330 -0.5612940 0.2850430 0.7769810 -0.0100969 
123 0.7159850 -0.2633870 0.6465240 -0.9522280 0.3858800 0.9210770 -0.0521014 -0.4099990 -0.5817750 0.2867840 0.7611130 -0.0162577 
124 0.7072090 -0.2630910 0.6562310 -0.9486050 0.3885310 0.9200870 -0.0498400 -0.4080950 -0.5906770 0.2902140 0.7529120 -0.0209101 
125 0.6909320 -0.2686650 0.6711420 -0.9383040 0.3970150 0.9168650 -0.0416908 -0.4065020 -0.6041460 0.2952590 0.7401550 -0.0334992 
126 0.6820590 -0.2706050 0.6793880 -0.9318730 0.4016930 0.9149500 -0.0388416 -0.4048820 -0.6110960 0.2993980 0.7327500 -0.0385393 
127 0.6730490 -0.2737580 0.6870670 -0.9272960 0.4073890 0.9125650 -0.0354710 -0.4029700 -0.6172830 0.3037770 0.7257280 -0.0452975 
128 0.6588240 -0.2796610 0.6983840 -0.9132750 0.4179840 0.9079340 -0.0307340 -0.3998790 -0.6254910 0.3121620 0.7150630 -0.0527258 
129 0.6528730 -0.2829530 0.7026340 -0.9074690 0.4248910 0.9047320 -0.0304620 -0.3984250 -0.6270760 0.3184300 0.7108990 -0.0604446 
130 0.6402680 -0.2893980 0.7115520 -0.8997020 0.4344980 0.9003310 -0.0247928 -0.3943350 -0.6334580 0.3250420 0.7021960 -0.0724299 
131 0.6364040 -0.2933630 0.7133920 -0.8919660 0.4395030 0.8979510 -0.0228151 -0.3917770 -0.6338980 0.3280580 0.7003940 -0.0789716 
132 0.6309430 -0.2969700 0.7167430 -0.8851480 0.4444560 0.8955730 -0.0201856 -0.3886060 -0.6359010 0.3312970 0.6970450 -0.0851847 
133 0.6249510 -0.3042570 0.7189320 -0.8716690 0.4532360 0.8912320 -0.0168119 -0.3814990 -0.6356200 0.3363520 0.6948770 -0.0968482 
134 0.6184050 -0.3052140 0.7241690 -0.8720760 0.4547500 0.8905240 -0.0130070 -0.3775190 -0.6409200 0.3373590 0.6895000 -0.0993445 
135 0.6104990 -0.3147500 0.7267900 -0.8560910 0.4651000 0.8852280 -0.0073160 -0.3702980 -0.6410720 0.3424960 0.6868210 -0.1062340 
136 0.6066160 -0.3193030 0.7280540 -0.8475590 0.4689030 0.8832440 -0.0033256 -0.3673060 -0.6419870 0.3434040 0.6855110 -0.1111170 
137 0.6025830 -0.3233200 0.7296280 -0.8389610 0.4735720 0.8807550 -0.0008230 -0.3638450 -0.6423580 0.3460270 0.6838430 -0.1112290 
138 0.5999630 -0.3268940 0.7301950 -0.8239410 0.4788610 0.8778900 -0.0004408 -0.3536600 -0.6408870 0.3499270 0.6832390 -0.1235600 
139 0.5934510 -0.3278770 0.7350600 -0.8239110 0.4797180 0.8774130 0.0040740 -0.3506210 -0.6462870 0.3502030 0.6779900 -0.1225040 
140 0.5856300 -0.3317750 0.7395690 -0.8084400 0.4866420 0.8735770 0.0065420 -0.3409750 -0.6482410 0.3560750 0.6730490 -0.1267910 
141 0.5815130 -0.3356330 0.7410760 -0.8018630 0.4895990 0.8718820 0.0106928 -0.3344940 -0.6497200 0.3566120 0.6713360 -0.1295460 
142 0.5772920 -0.3389070 0.7428830 -0.7926990 0.4919140 0.8705170 0.0148700 -0.3324570 -0.6517320 0.3568500 0.6692560 -0.1276270 
143 0.5725350 -0.3384450 0.7467650 -0.7815740 0.4946230 0.8689850 0.0146158 -0.3206870 -0.6538740 0.3609990 0.6649270 -0.1314490 
144 0.5666540 -0.3339710 0.7532380 -0.7887200 0.4929760 0.8699160 0.0148421 -0.3152200 -0.6602100 0.3629180 0.6575810 -0.1239710 
145 0.5652080 -0.3370010 0.7529740 -0.7827820 0.4957740 0.8682960 0.0164703 -0.3109230 -0.6593550 0.3639950 0.6578440 -0.1235810 
146 0.5637820 -0.3444450 0.7506710 -0.7728850 0.5041220 0.8634530 0.0175803 -0.2989930 -0.6542250 0.3685180 0.6604420 -0.1252280 
147 0.5627210 -0.3488280 0.7494430 -0.7668490 0.5065010 0.8619860 0.0209034 -0.2947320 -0.6533000 0.3678310 0.6617390 -0.1252250 
148 0.5616140 -0.3522150 0.7486880 -0.7620670 0.5093270 0.8602750 0.0226474 -0.2898660 -0.6520550 0.3686080 0.6625350 -0.1247480 
149 0.5603640 -0.3556850 0.7479840 -0.7531060 0.5089540 0.8603440 0.0278245 -0.2774660 -0.6534200 0.3650970 0.6631340 -0.1243670 
150 0.5559360 -0.3531750 0.7524650 -0.7626140 0.5048230 0.8626330 0.0319098 -0.2728390 -0.6603700 0.3621220 0.6578590 -0.1207670 
151 0.5536120 -0.3572370 0.7522600 -0.7570490 0.5045670 0.8625240 0.0382728 -0.2651980 -0.6625150 0.3583780 0.6577540 -0.1157520 
152 0.5511890 -0.3687610 0.7484700 -0.7537760 0.5048150 0.8616140 0.0527492 -0.2541710 -0.6643440 0.3487640 0.6610680 -0.1078260 
153 0.5527890 -0.3744550 0.7444510 -0.7487050 0.5042240 0.8615580 0.0589501 -0.2497850 -0.6634620 0.3427830 0.6650700 -0.1056340 
154 0.5519790 -0.3792040 0.7426460 -0.7456210 0.5042240 0.8611280 0.0649322 -0.2464720 -0.6641360 0.3386190 0.6665290 -0.1026570 
155 0.5509790 -0.3873820 0.7391600 -0.7429890 0.5076600 0.8585810 0.0715533 -0.2391410 -0.6623470 0.3358170 0.6697190 -0.0960203 
156 0.5509740 -0.3848160 0.7405030 -0.7492340 0.5030540 0.8611480 0.0732121 -0.2412630 -0.6658560 0.3321750 0.6680540 -0.0930439 
157 0.5531280 -0.3837160 0.7394670 -0.7478530 0.5030210 0.8613770 0.0707123 -0.2358300 -0.6640930 0.3328550 0.6694680 -0.0898278 
158 0.5566120 -0.3830300 0.7372050 -0.7493480 0.5017150 0.8622610 0.0691955 -0.2214180 -0.6621670 0.3313520 0.6721160 -0.0856049 
159 0.5568780 -0.3873970 0.7347180 -0.7472150 0.5005280 0.8624340 0.0753646 -0.2176470 -0.6628410 0.3257770 0.6741740 -0.0824057 
160 0.5558490 -0.3894870 0.7343920 -0.7451240 0.4987200 0.8630410 0.0802444 -0.2161530 -0.6650650 0.3216520 0.6739650 -0.0781500 
161 0.5571320 -0.3802370 0.7382570 -0.7454780 0.4897080 0.8684160 0.0777119 -0.2058540 -0.6706630 0.3182350 0.6700280 -0.0706118 
162 0.5569690 -0.3753300 0.7408870 -0.7477670 0.4830830 0.8720390 0.0786077 -0.2017720 -0.6755860 0.3141280 0.6670140 -0.0658307 
163 0.5552660 -0.3704160 0.7446280 -0.7551930 0.4756660 0.8758880 0.0810086 -0.2009260 -0.6822180 0.3092130 0.6625450 -0.0593073 
164 0.5547920 -0.3668160 0.7467610 -0.7596460 0.4687040 0.8793770 0.0837430 -0.1940120 -0.6874030 0.3035500 0.6597990 -0.0483316 
165 0.5557720 -0.3665450 0.7461650 -0.7634920 0.4672310 0.8801040 0.0843305 -0.1888190 -0.6876140 0.3017620 0.6603990 -0.0422377 
166 0.5570320 -0.3690990 0.7439630 -0.7656110 0.4667890 0.8800670 0.0871221 -0.1850000 -0.6868940 0.2987440 0.6625170 -0.0366711 
167 0.5620760 -0.3710560 0.7391810 -0.7703560 0.4632250 0.8816260 0.0903225 -0.1804020 -0.6851950 0.2916390 0.6674230 -0.0243527 
168 0.5626480 -0.3661760 0.7411770 -0.7804410 0.4571840 0.8847990 0.0900711 -0.1787030 -0.6887750 0.2881760 0.6652400 -0.0189906 
169 0.5661520 -0.3662790 0.7384520 -0.7837510 0.4536230 0.8864420 0.0919028 -0.1746890 -0.6882570 0.2829480 0.6680130 -0.0116062 
170 0.5709790 -0.3671170 0.7343080 -0.7864230 0.4495960 0.8882220 0.0944724 -0.1709090 -0.6869110 0.2762000 0.6722100 -0.0050762 
171 0.5743760 -0.3700540 0.7301730 -0.7906720 0.4431330 0.8905480 0.1027510 -0.1669120 -0.6882770 0.2645460 0.6754920 0.0087348 
172 0.5758440 -0.3672170 0.7304490 -0.7988780 0.4376160 0.8931260 0.1040080 -0.1683450 -0.6905770 0.2597640 0.6750010 0.0175003 
173 0.5827160 -0.3631950 0.7270020 -0.8060610 0.4293420 0.8971280 0.1040540 -0.1604420 -0.6900060 0.2514980 0.6787050 0.0293654 
174 0.5838360 -0.3628530 0.7262740 -0.8102350 0.4263350 0.8983230 0.1060890 -0.1588590 -0.6909230 0.2476980 0.6791700 0.0372678 
175 0.5866970 -0.3616800 0.7245520 -0.8156650 0.4246510 0.8992450 0.1050260 -0.1538760 -0.6895350 0.2460630 0.6811710 0.0442463 
176 0.5894820 -0.3608270 0.7227140 -0.8238620 0.4183170 0.9017360 0.1090060 -0.1511600 -0.6910300 0.2380660 0.6824970 0.0510434 
177 0.5921820 -0.3645930 0.7186050 -0.8313680 0.4099680 0.9040590 0.1208420 -0.1471360 -0.6937190 0.2230450 0.6848390 0.0635919 
178 0.5938860 -0.3680040 0.7154520 -0.8371840 0.4091980 0.9038120 0.1252210 -0.1415140 -0.6927160 0.2183940 0.6873480 0.0723474 
179 0.6002000 -0.3726960 0.7077130 -0.8482200 0.3974080 0.9068200 0.1405150 -0.1424740 -0.6941380 0.1969130 0.6923850 0.0830732 
180 0.6012560 -0.3745980 0.7058100 -0.8544450 0.3949500 0.9071830 0.1450290 -0.1368110 -0.6946270 0.1915610 0.6933960 0.0903463 
181 0.6028400 -0.3809390 0.7010490 -0.8581190 0.3919160 0.9067320 0.1556900 -0.1361050 -0.6949720 0.1808960 0.6959100 0.0983457 
182 0.6032730 -0.3843450 0.6988140 -0.8651500 0.3884170 0.9068690 0.1634620 -0.1377110 -0.6965590 0.1728190 0.6963760 0.1056660 
183 0.6093350 -0.3933670 0.6884570 -0.8762270 0.3894340 0.9047950 0.1723000 -0.1301420 -0.6906890 0.1631210 0.7045140 0.1191510 
184 0.6111760 -0.4014160 0.6821510 -0.8810100 0.3881180 0.9031150 0.1837080 -0.1338300 -0.6898030 0.1524770 0.7077580 0.1265670 
185 0.6159770 -0.4033250 0.6766830 -0.8863960 0.3884090 0.9028190 0.1845450 -0.1318550 -0.6853540 0.1491540 0.7127710 0.1340550 
186 0.6232080 -0.4210830 0.6590150 -0.9004360 0.3927840 0.8972080 0.2018360 -0.1287550 -0.6762640 0.1330640 0.7245420 0.1452770 
187 0.6281660 -0.4286320 0.6493700 -0.9056730 0.3933210 0.8950250 0.2103060 -0.1270880 -0.6713470 0.1233040 0.7308140 0.1514450 
188 0.6324390 -0.4399220 0.6375650 -0.9108470 0.3973240 0.8907890 0.2205180 -0.1247080 -0.6649470 0.1138560 0.7381620 0.1571990 
189 0.6321900 -0.4533760 0.6283200 -0.9151050 0.4018230 0.8852000 0.2344350 -0.1258590 -0.6624760 0.1042660 0.7417910 0.1635200 
190 0.6386440 -0.4667260 0.6118010 -0.9261910 0.4070020 0.8796270 0.2461840 -0.1232300 -0.6530570 0.0917807 0.7517270 0.1761790 
191 0.6454340 -0.4746540 0.5984300 -0.9296470 0.4082640 0.8765490 0.2549180 -0.1229010 -0.6455510 0.0797846 0.7595380 0.1816270 
192 0.6488760 -0.4807750 0.5897590 -0.9359140 0.4085790 0.8740190 0.2629700 -0.1267670 -0.6418900 0.0703283 0.7635650 0.1855390 
193 0.6610170 -0.4845750 0.5729260 -0.9452280 0.4084680 0.8728550 0.2669800 -0.1258870 -0.6294530 0.0575430 0.7749050 0.1958690 
194 0.6668910 -0.4851390 0.5655940 -0.9501300 0.4062300 0.8730180 0.2698460 -0.1261130 -0.6246870 0.0498034 0.7792860 0.2002570 
195 0.6732560 -0.4851660 0.5579790 -0.9548170 0.4054180 0.8732980 0.2701610 -0.1263060 -0.6183550 0.0443275 0.7846480 0.2044080 
196 0.6773270 -0.4868610 0.5515380 -0.9613640 0.4048090 0.8726420 0.2731760 -0.1282800 -0.6142940 0.0382381 0.7881500 0.2073210 
197 0.6825270 -0.4943140 0.5383410 -0.9696740 0.4080790 0.8688220 0.2803920 -0.1299920 -0.6063240 0.0283103 0.7947140 0.2160120 
198 0.6877570 -0.4949220 0.5310770 -0.9750940 0.4095010 0.8685630 0.2791190 -0.1305560 -0.5994160 0.0255104 0.8000310 0.2191740 
199 0.6937960 -0.4965000 0.5216650 -0.9813060 0.4098540 0.8678300 0.2808750 -0.1313160 -0.5921710 0.0189362 0.8055900 0.2214650 
200 0.6974540 -0.5026000 0.5108340 -0.9863330 0.4125860 0.8644560 0.2872090 -0.1355520 -0.5859450 0.0104481 0.8102840 0.2247950 
201 0.7085400 -0.5047950 0.4931060 -0.9950250 0.4127790 0.8632360 0.2905800 -0.1383070 -0.5723510 -0.0023437 0.8200060 0.2313550 
202 0.7114990 -0.5066390 0.4869140 -0.9994520 0.4134410 0.8621290 0.2929170 -0.1396810 -0.5681860 -0.0071000 0.8228700 0.2338680 
203 0.7121130 -0.5111170 0.4813050 -1.0051300 0.4158130 0.8594320 0.2974500 -0.1459220 -0.5656800 -0.0116847 0.8245420 0.2353970 
204 0.7134090 -0.5139000 0.4763970 -1.0097000 0.4195480 0.8577660 0.2970140 -0.1483380 -0.5612720 -0.0120218 0.8275440 0.2366930 
205 0.7154380 -0.5166890 0.4702990 -1.0143300 0.4231200 0.8560680 0.2968430 -0.1502330 -0.5559840 -0.0133801 0.8310860 0.2377080 
206 0.7165490 -0.5274810 0.4564220 -1.0195500 0.4375600 0.8494890 0.2948050 -0.1566690 -0.5432290 -0.0115303 0.8395050 0.2416680 
207 0.7235400 -0.5231630 0.4503220 -1.0246400 0.4375380 0.8521660 0.2870070 -0.1607940 -0.5339010 -0.0106283 0.8454800 0.2405730 
208 0.7281630 -0.5192150 0.4474310 -1.0286700 0.4362050 0.8545850 0.2817980 -0.1629110 -0.5286820 -0.0100227 0.8487610 0.2412790 
209 0.7312590 -0.5170110 0.4449280 -1.0325400 0.4357070 0.8559230 0.2784880 -0.1666320 -0.5248050 -0.0097887 0.8511660 0.2413440 
210 0.7408170 -0.5108680 0.4361240 -1.0397100 0.4343280 0.8596010 0.2691570 -0.1736760 -0.5123970 -0.0099749 0.8586910 0.2416760 
211 0.7445400 -0.5085100 0.4325260 -1.0436500 0.4348430 0.8610160 0.2637470 -0.1767600 -0.5065300 -0.0082897 0.8621830 0.2418020 
212 0.7530950 -0.5060830 0.4203910 -1.0501100 0.4379220 0.8624560 0.2537580 -0.1849290 -0.4909920 -0.0070058 0.8711360 0.2414670 
213 0.7597580 -0.5021530 0.4130500 -1.0521800 0.4381510 0.8647620 0.2453800 -0.1890080 -0.4804080 -0.0054512 0.8770280 0.2416470 
214 0.7716490 -0.4907480 0.4046290 -1.0596700 0.4350970 0.8713010 0.2269910 -0.1982400 -0.4639490 0.0008957 0.8858610 0.2396970 
215 0.7792720 -0.4847870 0.3971360 -1.0604200 0.4333440 0.8746280 0.2173450 -0.2017790 -0.4527120 0.0027254 0.8916530 0.2401110 
216 0.7881280 -0.4740790 0.3925610 -1.0630000 0.4287560 0.8804390 0.2024720 -0.2060560 -0.4416140 0.0087391 0.8971630 0.2385030 
217 0.8014130 -0.4603520 0.3818550 -1.0692400 0.4221950 0.8876300 0.1840240 -0.2175160 -0.4236620 0.0137379 0.9057160 0.2366130 
218 0.8076420 -0.4507100 0.3802310 -1.0709800 0.4166560 0.8924730 0.1728870 -0.2237500 -0.4172680 0.0187950 0.9085890 0.2355010 
219 0.8191000 -0.4330620 0.3762090 -1.0761500 0.4084360 0.9007700 0.1476280 -0.2345930 -0.4028100 0.0327350 0.9146980 0.2310920 
220 0.8269140 -0.4219840 0.3716740 -1.0772900 0.4007850 0.9058960 0.1368380 -0.2437940 -0.3944410 0.0358085 0.9182230 0.2315890 
221 0.8355840 -0.4051810 0.3709830 -1.0801200 0.3906850 0.9130290 0.1172330 -0.2559570 -0.3862190 0.0469795 0.9212100 0.2272970 
222 0.8387020 -0.3974910 0.3722620 -1.0814200 0.3874810 0.9158830 0.1049630 -0.2613660 -0.3826710 0.0562115 0.9221730 0.2244080 
223 0.8484340 -0.3773180 0.3712020 -1.0854600 0.3757820 0.9232840 0.0795959 -0.2714460 -0.3727580 0.0719592 0.9251340 0.2203240 
224 0.8495850 -0.3727550 0.3731750 -1.0848900 0.3729500 0.9248380 0.0747233 -0.2805300 -0.3729800 0.0756918 0.9247470 0.2187140 
225 0.8545710 -0.3613440 0.3730140 -1.0834900 0.3678310 0.9281780 0.0564432 -0.2920880 -0.3666180 0.0889714 0.9261070 0.2145400 
226 0.8565470 -0.3540860 0.3754330 -1.0831200 0.3640660 0.9302020 0.0466969 -0.2976320 -0.3657630 0.0966842 0.9256730 0.2123680 
227 0.8598760 -0.3434010 0.3777410 -1.0800400 0.3598660 0.9325660 0.0286024 -0.3140610 -0.3620900 0.1113420 0.9254690 0.2099610 
228 0.8620860 -0.3328060 0.3821640 -1.0776600 0.3526790 0.9355480 0.0191436 -0.3207900 -0.3639040 0.1182780 0.9238960 0.2038840 
229 0.8629730 -0.3206400 0.3904710 -1.0755000 0.3488460 0.9371790 -0.0014032 -0.3286860 -0.3654910 0.1374250 0.9206140 0.1965210 
230 0.8634400 -0.3139710 0.3948330 -1.0752900 0.3449640 0.9385810 -0.0080262 -0.3393960 -0.3680630 0.1431330 0.9187180 0.1942580 
231 0.8606480 -0.3048980 0.4078270 -1.0717400 0.3423120 0.9393710 -0.0201017 -0.3496790 -0.3769720 0.1569050 0.9128380 0.1807860 
232 0.8600850 -0.3040810 0.4096210 -1.0697300 0.3445820 0.9383700 -0.0269254 -0.3522600 -0.3761880 0.1643060 0.9118580 0.1795010 
233 0.8599480 -0.2990590 0.4135860 -1.0663000 0.3448120 0.9378700 -0.0387881 -0.3611670 -0.3762900 0.1759650 0.9096390 0.1710650 
234 0.8583030 -0.2983790 0.4174750 -1.0632500 0.3474810 0.9366080 -0.0449842 -0.3664780 -0.3775880 0.1836740 0.9075740 0.1688250 
235 0.8588910 -0.2905210 0.4217860 -1.0590200 0.3458220 0.9364300 -0.0592036 -0.3750730 -0.3777740 0.1967120 0.9047600 0.1615720 
236 0.8583450 -0.2888030 0.4240720 -1.0561600 0.3469880 0.9356040 -0.0651543 -0.3783790 -0.3779460 0.2030730 0.9032820 0.1555980 
237 0.8615440 -0.2858230 0.4195790 -1.0523800 0.3502080 0.9329360 -0.0835726 -0.3804980 -0.3675540 0.2189420 0.9038630 0.1502840 
238 0.8623930 -0.2805890 0.4213640 -1.0491100 0.3472270 0.9335480 -0.0890033 -0.3912170 -0.3683900 0.2230650 0.9025140 0.1480010 
239 0.8597450 -0.2696910 0.4337120 -1.0424200 0.3451370 0.9327550 -0.1041570 -0.4007160 -0.3764560 0.2392390 0.8950110 0.1325060 
240 0.8576600 -0.2689670 0.4382640 -1.0398000 0.3468590 0.9318020 -0.1069290 -0.4041620 -0.3796150 0.2437250 0.8924630 0.1300110 
241 0.8542290 -0.2592470 0.4506470 -1.0336500 0.3473630 0.9295350 -0.1237070 -0.4103990 -0.3868220 0.2622120 0.8840890 0.1219410 
242 0.8524120 -0.2575760 0.4550250 -1.0303900 0.3475200 0.9293080 -0.1249660 -0.4142150 -0.3906700 0.2646530 0.8816660 0.1152960 
243 0.8493560 -0.2527030 0.4633960 -1.0264700 0.3496800 0.9270350 -0.1353880 -0.4143630 -0.3953720 0.2770330 0.8757480 0.1202170 
244 0.8504450 -0.2428610 0.4666500 -1.0176100 0.3472110 0.9255350 -0.1510930 -0.4255460 -0.3952060 0.2905230 0.8714400 0.1017620 
245 0.8464360 -0.2420960 0.4742750 -1.0138400 0.3497660 0.9243610 -0.1523820 -0.4270510 -0.4015100 0.2948660 0.8670890 0.0969320 
246 0.8437400 -0.2321820 0.4839360 -1.0048400 0.3502050 0.9213890 -0.1685200 -0.4306330 -0.4067660 0.3116640 0.8587240 0.0963757 
247 0.8452480 -0.2259250 0.4842660 -0.9993100 0.3433380 0.9240310 -0.1681820 -0.4351090 -0.4094810 0.3084220 0.8586040 0.0778392 
248 0.8380500 -0.2230150 0.4979320 -0.9928400 0.3482830 0.9211740 -0.1736030 -0.4365650 -0.4199660 0.3189100 0.8496620 0.0837106 
249 0.8370550 -0.2195270 0.5011450 -0.9883640 0.3488930 0.9197420 -0.1798580 -0.4385370 -0.4214400 0.3253970 0.8464660 0.0777472 
250 0.8356350 -0.2163620 0.5048780 -0.9836930 0.3483680 0.9194030 -0.1825890 -0.4408530 -0.4246810 0.3284610 0.8436590 0.0712449 
251 0.8311830 -0.2059020 0.5164670 -0.9745680 0.3487150 0.9165470 -0.1958060 -0.4422260 -0.4330500 0.3428510 0.8336190 0.0696268 
252 0.8306690 -0.1981520 0.5203120 -0.9708070 0.3423980 0.9187230 -0.1967520 -0.4447060 -0.4390360 0.3415890 0.8310020 0.0558479 
253 0.8235590 -0.1867070 0.5356220 -0.9584460 0.3408470 0.9176750 -0.2041940 -0.4451520 -0.4534030 0.3507310 0.8193980 0.0548206 
254 0.8215630 -0.1799460 0.5409740 -0.9551060 0.3372010 0.9184890 -0.2065780 -0.4446540 -0.4597060 0.3521340 0.8152740 0.0444203 
255 0.8178240 -0.1751430 0.5481680 -0.9491350 0.3362090 0.9185020 -0.2081310 -0.4434770 -0.4670410 0.3545130 0.8100580 0.0419797 
256 0.8186480 -0.1642050 0.5503200 -0.9298490 0.3233230 0.9237400 -0.2053450 -0.4397370 -0.4746340 0.3460360 0.8093090 0.0047271 
257 0.8128930 -0.1584200 0.5604540 -0.9306570 0.3210920 0.9247440 -0.2043260 -0.4409970 -0.4859070 0.3460520 0.8025850 0.0287949 
258 0.8129820 -0.1524280 0.5619840 -0.9217370 0.3186950 0.9242210 -0.2103550 -0.4383350 -0.4873330 0.3501160 0.7999530 0.0341902 
259 0.8095320 -0.1430060 0.5693920 -0.9128550 0.3138370 0.9250790 -0.2138580 -0.4399380 -0.4961500 0.3518210 0.7937610 0.0117324 
260 0.8030480 -0.1434780 0.5783840 -0.9014140 0.3174060 0.9244310 -0.2113770 -0.4419610 -0.5043490 0.3533290 0.7879030 0.0106441 
261 0.7940490 -0.1396460 0.5915960 -0.8932740 0.3214150 0.9225220 -0.2136470 -0.4398160 -0.5159260 0.3597940 0.7774120 0.0119931 
262 0.7861830 -0.1334490 0.6034130 -0.8862040 0.3220460 0.9218180 -0.2157250 -0.4381100 -0.5274480 0.3639260 0.7676950 0.0055448 
263 0.7699090 -0.1213010 0.6265190 -0.8778590 0.3214300 0.9218480 -0.2165150 -0.4301680 -0.5512920 0.3680790 0.7487290 -0.0117763 
264 0.7619140 -0.1180990 0.6368200 -0.8714510 0.3206260 0.9230800 -0.2124210 -0.4247580 -0.5627490 0.3660280 0.7411730 -0.0216071 
265 0.7537580 -0.1152320 0.6469700 -0.8662030 0.3209750 0.9236380 -0.2094460 -0.4178750 -0.5734310 0.3655330 0.7331860 -0.0227509 
266 0.7482340 -0.1161440 0.6531890 -0.8603740 0.3229120 0.9238200 -0.2056330 -0.4112450 -0.5795450 0.3647850 0.7287380 -0.0291802 
267 0.7427310 -0.1185120 0.6590190 -0.8514270 0.3245700 0.9245760 -0.1995310 -0.4065400 -0.5856670 0.3620960 0.7251770 -0.0336338 
268 0.7369850 -0.1196680 0.6652310 -0.8434710 0.3253700 0.9254750 -0.1939830 -0.4010510 -0.5924410 0.3594090 0.7209980 -0.0354965 
269 0.7312510 -0.1204090 0.6713970 -0.8346140 0.3260050 0.9262940 -0.1889460 -0.3971300 -0.5991600 0.3570460 0.7166070 -0.0347171 
270 0.7233220 -0.1213980 0.6797550 -0.8184700 0.3256760 0.9280310 -0.1808110 -0.3835430 -0.6088840 0.3521650 0.7108020 -0.0443863 
271 0.7207620 -0.1246280 0.6818870 -0.8105470 0.3269690 0.9285200 -0.1759050 -0.3752220 -0.6112230 0.3497410 0.7099910 -0.0464737 
272 0.7152580 -0.1306340 0.6865430 -0.8018400 0.3312950 0.9283580 -0.1685060 -0.3703080 -0.6153450 0.3479740 0.7072940 -0.0468303 
273 0.7111410 -0.1371110 0.6895500 -0.7921110 0.3352910 0.9282180 -0.1612220 -0.3635970 -0.6179470 0.3458510 0.7060660 -0.0517674 
274 0.7064100 -0.1426810 0.6932720 -0.7846990 0.3395500 0.9277200 -0.1550520 -0.3571400 -0.6210400 0.3449310 0.7037990 -0.0469698 
275 0.7013080 -0.1428380 0.6984010 -0.7701160 0.3417660 0.9271540 -0.1535660 -0.3433600 -0.6255900 0.3463870 0.6990380 -0.0442474 
276 0.6998850 -0.1448360 0.6994170 -0.7634280 0.3431100 0.9270180 -0.1513720 -0.3346230 -0.6264480 0.3459200 0.6985000 -0.0484436 
277 0.6971660 -0.1494500 0.7011590 -0.7563320 0.3467550 0.9263110 -0.1473400 -0.3266410 -0.6274710 0.3458510 0.6976150 -0.0492672 
278 0.6953670 -0.1507810 0.7026590 -0.7490080 0.3476480 0.9263030 -0.1452680 -0.3173170 -0.6289720 0.3452930 0.6965400 -0.0488991 
279 0.6934150 -0.1568860 0.7032510 -0.7356890 0.3483390 0.9273640 -0.1365850 -0.2993770 -0.6307410 0.3396800 0.6976980 -0.0480160 
280 0.6905760 -0.1579720 0.7057970 -0.7303230 0.3479390 0.9280760 -0.1327120 -0.2924410 -0.6340690 0.3372220 0.6958720 -0.0454223 
281 0.6887800 -0.1625410 0.7065140 -0.7246910 0.3508760 0.9275380 -0.1286790 -0.2812250 -0.6344030 0.3365300 0.6959020 -0.0468706 
282 0.6858590 -0.1729200 0.7068920 -0.7209650 0.3577260 0.9260120 -0.1205610 -0.2731140 -0.6337430 0.3355610 0.6969710 -0.0443604 
283 0.6848090 -0.1814250 0.7057770 -0.7126680 0.3642290 0.9240740 -0.1158670 -0.2648830 -0.6311690 0.3364110 0.6988940 -0.0399102 
284 0.6858790 -0.1920030 0.7019290 -0.7044300 0.3740150 0.9204270 -0.1136930 -0.2480060 -0.6242460 0.3405120 0.7031140 -0.0343885 
285 0.6872560 -0.1964650 0.6993440 -0.6963790 0.3761520 0.9198570 -0.1112370 -0.2404480 -0.6214410 0.3395080 0.7060770 -0.0328209 
286 0.6877290 -0.1997250 0.6979530 -0.6901470 0.3778160 0.9194210 -0.1091820 -0.2286350 -0.6199060 0.3387860 0.7077710 -0.0290303 
287 0.6839880 -0.2090820 0.6988890 -0.6797950 0.3763020 0.9218690 -0.0924898 -0.2104180 -0.6249460 0.3262550 0.7092250 -0.0214216 
288 0.6806090 -0.2122700 0.7012220 -0.6777810 0.3752730 0.9230250 -0.0848278 -0.2037850 -0.6292390 0.3208840 0.7078780 -0.0159002 
289 0.6784900 -0.2161590 0.7020870 -0.6787400 0.3761290 0.9231710 -0.0792604 -0.1952230 -0.6310140 0.3178530 0.7076660 -0.0086869 
290 0.6784380 -0.2253210 0.6992510 -0.6749660 0.3802830 0.9220760 -0.0718417 -0.1839410 -0.6285750 0.3146540 0.7112570 -0.0055314 
291 0.6722250 -0.2444910 0.6988120 -0.6693200 0.3882000 0.9201350 -0.0515056 -0.1664180 -0.6304090 0.3059020 0.7134490 0.0057591 
292 0.6701610 -0.2509140 0.6985180 -0.6680380 0.3893330 0.9200920 -0.0430225 -0.1543940 -0.6319050 0.3007880 0.7142990 0.0118238 
293 0.6654720 -0.2629850 0.6985600 -0.6666800 0.3939900 0.9186420 -0.0294888 -0.1475220 -0.6339710 0.2948490 0.7149440 0.0183000 
294 0.6621340 -0.2724400 0.6981080 -0.6657990 0.3979330 0.9172070 -0.0194834 -0.1397080 -0.6350020 0.2907010 0.7157270 0.0259905 
295 0.6614930 -0.2831180 0.6944570 -0.6668630 0.3979110 0.9174100 -0.0050114 -0.1234270 -0.6356830 0.2796470 0.7195160 0.0402211 
296 0.6612410 -0.2896450 0.6920020 -0.6675610 0.3991450 0.9168850 0.0023702 -0.1161020 -0.6351720 0.2746420 0.7218920 0.0477342 
297 0.6617920 -0.2943410 0.6894880 -0.6696870 0.3992590 0.9168020 0.0081600 -0.1082330 -0.6345260 0.2698840 0.7242510 0.0554453 
298 0.6621380 -0.3005780 0.6864590 -0.6748710 0.4004780 0.9161860 0.0148792 -0.1017680 -0.6333970 0.2650590 0.7270160 0.0638377 
299 0.6668250 -0.3165610 0.6746360 -0.6775190 0.4058840 0.9135120 0.0274641 -0.0872907 -0.6249820 0.2555100 0.7376400 0.0778738 
300 0.6673230 -0.3247090 0.6702570 -0.6807870 0.4088390 0.9119450 0.0347459 -0.0805696 -0.6225190 0.2508410 0.7413150 0.0858875 
301 0.6680320 -0.3327450 0.6655930 -0.6855170 0.4104560 0.9108470 0.0433924 -0.0757581 -0.6206920 0.2442090 0.7450520 0.0930525 
302 0.6725490 -0.3495570 0.6522940 -0.6913950 0.4151990 0.9078530 0.0584169 -0.0649685 -0.6126070 0.2315430 0.7557120 0.1078150 
303 0.6739640 -0.3581840 0.6461240 -0.6958400 0.4187670 0.9057430 0.0652949 -0.0606161 -0.6086100 0.2265690 0.7604340 0.1154600 
304 0.6762400 -0.3652480 0.6397600 -0.6995980 0.4209930 0.9042610 0.0712562 -0.0571961 -0.6045360 0.2211480 0.7652640 0.1203010 
305 0.6782520 -0.3686130 0.6356880 -0.7046420 0.4202290 0.9042330 0.0759657 -0.0518240 -0.6028120 0.2156110 0.7681990 0.1270130 
306 0.6776310 -0.3853970 0.6263270 -0.7144780 0.4266700 0.8997160 0.0920013 -0.0450955 -0.5989730 0.2048920 0.7741130 0.1404230 
307 0.6788290 -0.3919450 0.6209430 -0.7212760 0.4304250 0.8975100 0.0959675 -0.0410144 -0.5949170 0.2021240 0.7779590 0.1472640 
308 0.6812750 -0.3981240 0.6142970 -0.7290030 0.4322650 0.8960360 0.1013230 -0.0358750 -0.5907720 0.1965100 0.7825420 0.1544560 
309 0.6865600 -0.4075100 0.6021390 -0.7335690 0.4341920 0.8940770 0.1100180 -0.0334195 -0.5831910 0.1859100 0.7907750 0.1605230 
