15 0.995634 -0.0672988 -0.0646866 -0.0345255 0.0663529 0.997657 -0.0166642 -0.00290106 0.0656565 0.0122993 0.997766 -0.000974931
16 0.994405 -0.0800591 -0.0689182 -0.0403476 0.0785928 0.996624 -0.0237358 -0.00269456 0.0705858 0.0181865 0.99734 -0.000906897
17 0.992434 -0.0987952 -0.0728953 -0.0435176 0.0976017 0.995029 -0.0197665 -0.0026837 0.0744858 0.0125022 0.997144 -0.000392318
18 0.990054 -0.120593 -0.0724592 -0.051882 0.120062 0.992698 -0.0116567 -0.0050277 0.0733358 0.00284119 0.997303 0.00462494
19 0.985862 -0.150092 -0.074491 -0.061011 0.14984 0.988669 -0.00898829 -0.00693275 0.074996 -0.00230051 0.997181 0.00787273
20 0.980724 -0.177889 -0.0808508 -0.0720197 0.177627 0.984042 -0.0104802 -0.008869 0.0814249 -0.00408309 0.996671 0.0101408
21 0.978614 -0.187162 -0.0853542 -0.0757947 0.186987 0.98231 -0.0101112 -0.0108754 0.0857368 -0.00606518 0.996299 0.011472
22 0.975094 -0.203534 -0.0881196 -0.0827545 0.203131 0.979057 -0.0136135 -0.0147473 0.0890449 -0.00462541 0.996017 0.0122553
23 0.971418 -0.218373 -0.0930585 -0.0901422 0.217922 0.975849 -0.015107 -0.018835 0.09411 -0.00560425 0.995546 0.0135764
24 0.968042 -0.232931 -0.0929361 -0.0956486 0.232267 0.972485 -0.0180533 -0.0225556 0.0945841 -0.00410957 0.995508 0.0156014
25 0.964756 -0.246241 -0.0927967 -0.101388 0.245176 0.969208 -0.0228939 -0.0267928 0.0955768 -0.000664438 0.995422 0.0156891
26 0.959231 -0.267634 -0.0908212 -0.108464 0.266431 0.963521 -0.0253451 -0.0320476 0.0942913 0.000114217 0.995545 0.0175799
27 0.953963 -0.287131 -0.0866642 -0.115556 0.28564 0.957886 -0.0294091 -0.0361493 0.0914587 0.00330042 0.995803 0.0180844
28 0.94715 -0.305101 -0.0990925 -0.119413 0.303406 0.95232 -0.0321224 -0.0409098 0.104168 0.000359547 0.99456 0.021453
29 0.944523 -0.31384 -0.096849 -0.120552 0.311931 0.949472 -0.034659 -0.0431503 0.102833 0.002526 0.994695 0.0224445
30 0.938991 -0.333261 -0.0850504 -0.129269 0.331011 0.94279 -0.0397303 -0.0508903 0.0934252 0.00915371 0.995584 0.023811
31 0.932057 -0.350597 -0.0913874 -0.134481 0.346938 0.936346 -0.0537644 -0.0573291 0.10442 0.0184057 0.994363 0.0254015
32 0.926741 -0.365974 -0.0849341 -0.140023 0.361345 0.93015 -0.0652022 -0.0627383 0.102864 0.0297351 0.994251 0.0285772
33 0.9234 -0.375699 -0.078632 -0.145294 0.371012 0.926129 -0.0680745 -0.0700763 0.0983989 0.0336865 0.994577 0.0307037
34 0.920584 -0.383837 -0.0720772 -0.150545 0.379051 0.922587 -0.0717893 -0.075865 0.0940529 0.038767 0.994812 0.0313937
35 0.918347 -0.388607 -0.0749931 -0.150717 0.383744 0.920663 -0.0715622 -0.0779978 0.0968529 0.0369407 0.994613 0.0328328
36 0.916314 -0.394307 -0.0699351 -0.152385 0.389084 0.917931 -0.0775615 -0.0855906 0.0947787 0.0438601 0.994532 0.0365652
37 0.918813 -0.389723 -0.0624316 -0.158306 0.38466 0.919622 -0.0795706 -0.0938298 0.088424 0.0490956 0.994872 0.0376298
38 0.922556 -0.38075 -0.0626167 -0.16122 0.375175 0.923041 -0.0850797 -0.101042 0.0901919 0.0549985 0.994405 0.0391469
39 0.924862 -0.373748 -0.0703068 -0.158915 0.366252 0.925126 -0.100006 -0.108378 0.10242 0.0667419 0.9925 0.0414032
40 0.930023 -0.363041 -0.0570802 -0.158135 0.354387 0.927074 -0.122245 -0.116442 0.0972974 0.0934621 0.990857 0.0403513
41 0.935985 -0.348042 -0.0528989 -0.163226 0.339122 0.931735 -0.129866 -0.124525 0.0944865 0.103613 0.990119 0.0395985
42 0.941407 -0.33037 -0.0678898 -0.160033 0.319873 0.938383 -0.13084 -0.130455 0.106932 0.101458 0.989076 0.0419349
43 0.945792 -0.318481 -0.0636191 -0.158711 0.308477 0.942203 -0.13075 -0.139331 0.101583 0.104037 0.989372 0.0460011
44 0.951176 -0.301298 -0.0669607 -0.160884 0.290548 0.947271 -0.135131 -0.146176 0.104145 0.109078 0.988563 0.0466333
45 0.95707 -0.279865 -0.0754518 -0.157959 0.268458 0.954015 -0.133365 -0.154125 0.109306 0.107384 0.988191 0.0502774
46 0.963598 -0.256027 -0.0770033 -0.155226 0.244382 0.96028 -0.134686 -0.163472 0.108428 0.110965 0.987892 0.0525258
47 0.96807 -0.236115 -0.0842038 -0.15708 0.223349 0.964927 -0.137953 -0.173331 0.113823 0.114741 0.986853 0.0541187
48 0.966982 -0.227926 -0.113998 -0.147933 0.209568 0.965719 -0.153191 -0.178801 0.145006 0.124243 0.981599 0.0556991
49 0.971521 -0.208111 -0.113296 -0.138737 0.189224 0.969191 -0.157682 -0.187766 0.142621 0.131753 0.980969 0.0568676
50 0.975712 -0.189162 -0.11047 -0.134247 0.169752 0.971661 -0.164497 -0.195066 0.138456 0.141749 0.980172 0.0583487
51 0.979471 -0.171865 -0.105351 -0.128264 0.153532 0.974671 -0.16262 -0.199675 0.130631 0.143106 0.981048 0.0606084
52 0.982726 -0.151372 -0.106469 -0.123177 0.133753 0.97855 -0.156682 -0.20707 0.127903 0.139735 0.981894 0.0641976
53 0.985008 -0.135608 -0.106625 -0.114844 0.119091 0.981728 -0.148415 -0.213112 0.124803 0.133492 0.98316 0.0682419
54 0.987007 -0.122945 -0.103445 -0.106749 0.107448 0.983732 -0.143969 -0.217428 0.119462 0.130984 0.984161 0.0713216
55 0.989487 -0.107344 -0.0969147 -0.102266 0.0941802 0.986837 -0.131463 -0.224656 0.109751 0.120953 0.986572 0.0734001
56 0.990416 -0.0959027 -0.0993889 -0.0944006 0.0836228 0.989111 -0.121109 -0.22876 0.109921 0.111637 0.987651 0.0762419
57 0.991964 -0.0812116 -0.0970159 -0.0840964 0.0705983 0.991616 -0.108227 -0.231396 0.104992 0.100508 0.989381 0.0797223
58 0.994317 -0.0613525 -0.0870078 -0.0803535 0.0532031 0.994237 -0.0930739 -0.240361 0.0922166 0.0879158 0.99185 0.0828352
59 0.994726 -0.0535918 -0.0874533 -0.0766239 0.0454989 0.994715 -0.0920443 -0.241317 0.0919239 0.0875799 0.991907 0.084877
60 0.995354 -0.0375031 -0.088674 -0.0682276 0.030113 0.996073 -0.0832569 -0.246006 0.0914481 0.0801999 0.992575 0.0885906
61 0.995943 -0.0202565 -0.0876716 -0.0582183 0.0134197 0.996872 -0.0778802 -0.250611 0.088975 0.0763878 0.9931 0.0928265
62 0.996477 -0.00431681 -0.0837582 -0.0510499 -0.00134581 0.997723 -0.0674328 -0.255439 0.0838586 0.067308 0.994202 0.0949381
63 0.996169 0.0177871 -0.0856258 -0.0429705 -0.0228497 0.998025 -0.0585126 -0.259534 0.0844159 0.0602449 0.994608 0.099487
64 0.996198 0.0364358 -0.0791377 -0.0348424 -0.0402562 0.998073 -0.0472292 -0.26441 0.0772644 0.0502354 0.995744 0.103661
65 0.995893 0.0509755 -0.0748216 -0.0259276 -0.0542046 0.997655 -0.0417787 -0.268776 0.0725165 0.0456628 0.996321 0.106837
66 0.995486 0.0633021 -0.0707203 -0.0244368 -0.0656652 0.997341 -0.0316041 -0.27157 0.0685317 0.0361053 0.996995 0.111304
67 0.994669 0.0691236 -0.0765193 -0.0202798 -0.0712778 0.997123 -0.0257862 -0.274107 0.0745167 0.0311029 0.996735 0.113447
68 0.993618 0.0811045 -0.0783881 -0.0132754 -0.082646 0.99644 -0.0166195 -0.277728 0.0767611 0.0229919 0.996784 0.117741
69 0.99251 0.0933348 -0.0788205 -0.00831979 -0.094354 0.995495 -0.00929873 -0.284681 0.0775975 0.0166661 0.996845 0.122212
70 0.99193 0.0991456 -0.0790201 -0.00605797 -0.0999684 0.994969 -0.00651492 -0.287461 0.0779766 0.0143619 0.996852 0.12686
71 0.990746 0.110633 -0.0786285 -0.000922476 -0.111266 0.993784 -0.00370406 -0.290715 0.0777299 0.0124185 0.996897 0.130838
72 0.99016 0.120088 -0.0718534 -0.000132348 -0.120601 0.992697 -0.00282979 -0.293748 0.0709888 0.0114676 0.997411 0.13427
73 0.990441 0.121034 -0.0661559 0.000644849 -0.12095 0.992645 0.00529939 -0.294245 0.0663107 0.0027528 0.997795 0.137803
74 0.99015 0.124151 -0.0647231 -0.000524825 -0.123807 0.992263 0.00931302 -0.295626 0.0653785 -0.00120811 0.99786 0.139827
75 0.989932 0.124578 -0.0671918 -3.04231e-05 -0.123316 0.992109 0.0226319 -0.30116 0.0694811 -0.0141182 0.997483 0.143156
76 0.99009 0.122489 -0.0686948 -0.00320828 -0.120651 0.992232 0.030307 -0.303376 0.0718734 -0.0217185 0.997177 0.147009
77 0.990316 0.118546 -0.0722597 -0.00566358 -0.11603 0.992515 0.0380879 -0.305572 0.076234 -0.0293347 0.996658 0.150474
78 0.990456 0.115905 -0.0745823 -0.0111806 -0.111969 0.992191 0.0549626 -0.308662 0.0803702 -0.0460871 0.995699 0.156216
79 0.990323 0.114563 -0.0783297 -0.0120331 -0.10971 0.991921 0.063698 -0.313561 0.0849943 -0.0544881 0.99489 0.159044
80 0.992 0.101429 -0.0751606 -0.0160164 -0.096132 0.992831 0.0710323 -0.316985 0.0818265 -0.0632387 0.994638 0.163739
81 0.993712 0.0789724 -0.0793658 -0.0263004 -0.0728261 0.994324 0.077565 -0.317435 0.0850408 -0.0712974 0.993823 0.170505
82 0.992469 0.0649483 -0.103865 -0.0313804 -0.0561709 0.99477 0.0853107 -0.320587 0.108862 -0.078834 0.990926 0.175303
83 0.991925 0.0612855 -0.111036 -0.0316645 -0.0516256 0.994793 0.0878779 -0.32112 0.115844 -0.081436 0.989923 0.177329
84 0.992911 0.0501832 -0.107745 -0.0403891 -0.0397676 0.994516 0.0967307 -0.323117 0.112008 -0.0917603 0.989462 0.182535
85 0.993429 0.0324004 -0.10977 -0.0498643 -0.0209458 0.994363 0.103941 -0.324617 0.112519 -0.100959 0.988507 0.188122
86 0.994403 0.0131616 -0.104832 -0.0578446 -0.00137611 0.99374 0.11171 -0.324646 0.105646 -0.110941 0.988196 0.192495
87 0.995156 0.000910696 -0.0983073 -0.0629511 0.0109492 0.992709 0.120034 -0.326332 0.0976999 -0.120529 0.98789 0.194052
88 0.996299 -0.0200167 -0.0835948 -0.074641 0.0307513 0.991145 0.129171 -0.32928 0.080269 -0.131263 0.988093 0.198376
89 0.99669 -0.0281971 -0.0762502 -0.079483 0.0381255 0.990508 0.132064 -0.328687 0.0718026 -0.134533 0.988304 0.199888
90 0.997217 -0.0530248 -0.0524098 -0.0914985 0.0600693 0.987819 0.143546 -0.330914 0.0441599 -0.146295 0.988255 0.204334
91 0.996863 -0.0722226 -0.0323761 -0.104598 0.076245 0.986048 0.147976 -0.331628 0.0212371 -0.14998 0.988461 0.207547
92 0.996618 -0.0789219 -0.022871 -0.110144 0.0814836 0.985126 0.151283 -0.332068 0.0105912 -0.152635 0.988226 0.210435
93 0.995278 -0.0970561 -0.000956259 -0.121937 0.0960549 0.983501 0.153296 -0.334459 -0.0139378 -0.152664 0.98818 0.214938
94 0.994707 -0.102433 0.00807074 -0.127125 0.0999963 0.983117 0.153237 -0.334878 -0.023631 -0.151619 0.988157 0.217172
95 0.992601 -0.118886 0.024668 -0.138357 0.113787 0.981705 0.152666 -0.33611 -0.0423666 -0.14873 0.98797 0.222455
96 0.991366 -0.127755 0.0295244 -0.1428 0.121902 0.980928 0.151395 -0.33745 -0.0483029 -0.146489 0.988032 0.22482
97 0.98936 -0.139048 0.0428071 -0.149615 0.131548 0.980643 0.145035 -0.33966 -0.0621454 -0.137861 0.9885 0.229441
98 0.984884 -0.161374 0.062939 -0.161008 0.151555 0.978772 0.137973 -0.342548 -0.0838681 -0.126348 0.988434 0.235778
99 0.98383 -0.166017 0.0672085 -0.165561 0.156316 0.979077 0.13028 -0.343796 -0.087431 -0.117667 0.989197 0.238172
100 0.981801 -0.172881 0.0786034 -0.174073 0.162729 0.97921 0.121104 -0.34556 -0.0979059 -0.106109 0.989523 0.243483
101 0.980467 -0.17828 0.0830667 -0.179294 0.167996 0.978739 0.117674 -0.347775 -0.102279 -0.10142 0.989572 0.246796
102 0.980332 -0.178776 0.0835974 -0.189093 0.169538 0.979699 0.106985 -0.350706 -0.101027 -0.0907082 0.99074 0.253336
103 0.979867 -0.180502 0.0853172 -0.193182 0.171524 0.979787 0.102947 -0.353461 -0.102175 -0.0862402 0.991021 0.256803
104 0.981567 -0.170574 0.0862044 -0.206206 0.162865 0.982558 0.0897496 -0.355599 -0.10001 -0.0740556 0.992227 0.264631
105 0.982883 -0.16536 0.0812257 -0.211807 0.158299 0.983566 0.0868288 -0.358535 -0.0942488 -0.0724846 0.992906 0.268967
106 0.985028 -0.154804 0.0758678 -0.219284 0.149035 0.985861 0.0765974 -0.36462 -0.0866527 -0.0641436 0.994171 0.275579
107 0.984926 -0.154936 0.0769128 -0.224648 0.149539 0.98616 0.0715952 -0.367502 -0.086941 -0.0590145 0.994464 0.278492
108 0.985001 -0.154421 0.0769821 -0.23623 0.149705 0.986676 0.0637035 -0.372835 -0.0857936 -0.0512234 0.994995 0.285901
109 0.985377 -0.155895 0.0687666 -0.242281 0.152191 0.986753 0.0561898 -0.378744 -0.0766153 -0.0449024 0.996049 0.29068
110 0.984859 -0.157556 0.0723124 -0.246105 0.154065 0.986713 0.051593 -0.381283 -0.0794803 -0.039671 0.996047 0.293996
111 0.98285 -0.166529 0.079214 -0.256929 0.162917 0.985367 0.0501012 -0.387205 -0.0863981 -0.0363366 0.995598 0.300932
112 0.982419 -0.168862 0.0796207 -0.259816 0.16553 0.985094 0.0467869 -0.38932 -0.0863345 -0.0327847 0.995727 0.303384
113 0.982034 -0.167906 0.0861182 -0.26926 0.164494 0.985335 0.0453514 -0.395783 -0.09247 -0.0303707 0.995252 0.310873
114 0.981359 -0.17107 0.087573 -0.273136 0.167967 0.98491 0.0417114 -0.398558 -0.0933871 -0.0262245 0.995284 0.314213
115 0.981721 -0.168253 0.0889633 -0.279887 0.165864 0.985575 0.0336423 -0.402984 -0.0933404 -0.0182716 0.995467 0.319495
116 0.980919 -0.168413 0.0971374 -0.286364 0.166596 0.985667 0.0265832 -0.407851 -0.100222 -0.00989325 0.994916 0.323639
117 0.980727 -0.166258 0.10263 -0.289748 0.164784 0.986068 0.0227425 -0.409312 -0.104981 -0.00539245 0.99446 0.325085
118 0.978893 -0.170597 0.112537 -0.297105 0.169738 0.985338 0.0172412 -0.412616 -0.113828 0.00222449 0.993498 0.328898
119 0.978008 -0.173344 0.115987 -0.298761 0.17282 0.984845 0.0146421 -0.413326 -0.116767 0.00572462 0.993143 0.330143
120 0.975759 -0.17597 0.130111 -0.303631 0.175323 0.984373 0.0165069 -0.415645 -0.130982 0.00670459 0.991362 0.332781
121 0.971811 -0.181397 0.150593 -0.309029 0.180624 0.98337 0.0189095 -0.422165 -0.151519 0.00882435 0.988415 0.337794
122 0.970103 -0.180939 0.161747 -0.313766 0.181096 0.983367 0.0138955 -0.424049 -0.161571 0.0158118 0.986734 0.339434
123 0.965516 -0.192146 0.175665 -0.322795 0.194282 0.980932 0.00512172 -0.425694 -0.1733 0.0291835 0.984437 0.342885
124 0.964457 -0.192951 0.180533 -0.329283 0.19566 0.980668 0.00285343 -0.426473 -0.177593 0.032571 0.983565 0.344765
125 0.96399 -0.19461 0.181245 -0.331378 0.197261 0.980345 0.00346125 -0.429207 -0.178356 0.0324159 0.983432 0.347232
126 0.961553 -0.196274 0.192072 -0.336685 0.199834 0.979829 0.000850414 -0.431144 -0.188365 0.0375649 0.98138 0.349777
127 0.957188 -0.205806 0.203556 -0.344085 0.209839 0.977734 0.00180499 -0.435316 -0.199395 0.0409865 0.979062 0.355453
128 0.954723 -0.213452 0.207226 -0.346707 0.218618 0.975808 -0.00208275 -0.436398 -0.201768 0.0472917 0.978291 0.356948
129 0.950573 -0.218961 0.220153 -0.352592 0.225098 0.974332 -0.00286837 -0.440554 -0.213874 0.0522826 0.975461 0.361101
130 0.948377 -0.222481 0.226017 -0.357519 0.229656 0.973256 -0.00561616 -0.441398 -0.218723 0.0572324 0.974107 0.36344
131 0.943551 -0.23524 0.233184 -0.364236 0.242674 0.970102 -0.00329484 -0.444219 -0.225437 0.0596963 0.972427 0.367822
132 0.936818 -0.249188 0.245514 -0.370085 0.257607 0.966247 -0.00225447 -0.44798 -0.236665 0.0653581 0.96939 0.372748
133 0.931069 -0.260759 0.255178 -0.374433 0.270005 0.962858 -0.00125355 -0.450082 -0.245373 0.0700665 0.966893 0.375746
134 0.924585 -0.271913 0.266844 -0.381742 0.282465 0.959277 -0.00121006 -0.454355 -0.255648 0.0764928 0.963739 0.380341
135 0.918027 -0.285538 0.275127 -0.388603 0.295593 0.9553 0.00513288 -0.460314 -0.264294 0.0766135 0.961394 0.386136
136 0.915537 -0.288727 0.280053 -0.389959 0.29938 0.954121 0.00495374 -0.462527 -0.268635 0.0793069 0.959972 0.387646
137 0.905612 -0.294741 0.304951 -0.398057 0.307678 0.951472 0.00590597 -0.465868 -0.291893 0.0884781 0.95235 0.392597
138 0.894877 -0.308504 0.322523 -0.404798 0.322418 0.946536 0.0108078 -0.471651 -0.308614 0.0943154 0.9465 0.398432
139 0.887255 -0.318147 0.334007 -0.407067 0.333943 0.942533 0.0106922 -0.473888 -0.318214 0.102052 0.94251 0.400784
140 0.871772 -0.3339 0.358502 -0.414978 0.352786 0.935606 0.0135264 -0.475735 -0.339933 0.114683 0.933431 0.405625
141 0.864442 -0.341092 0.369318 -0.420148 0.3599 0.932795 0.019106 -0.478648 -0.351015 0.116402 0.929106 0.40875
142 0.858067 -0.347019 0.378548 -0.426284 0.363236 0.931205 0.0302855 -0.481893 -0.363015 0.111515 0.925086 0.414532
143 0.855149 -0.348906 0.383385 -0.427594 0.364197 0.930678 0.0346299 -0.485216 -0.36889 0.110014 0.922939 0.418415
144 0.843434 -0.353846 0.404242 -0.434557 0.371967 0.927554 0.0358252 -0.48907 -0.387633 0.120149 0.91395 0.424338
145 0.835958 -0.360178 0.414061 -0.438606 0.380358 0.92414 0.0359629 -0.488977 -0.395603 0.127428 0.909538 0.426821
146 0.823132 -0.376074 0.425468 -0.444792 0.396752 0.916923 0.0428984 -0.491507 -0.406254 0.133494 0.903956 0.433659
147 0.815936 -0.386434 0.43002 -0.445818 0.407088 0.912164 0.0472841 -0.494135 -0.410521 0.136475 0.901581 0.436765
148 0.796855 -0.403891 0.449326 -0.44957 0.428096 0.902247 0.0518083 -0.496261 -0.426328 0.151071 0.891864 0.441302
149 0.7889 -0.409756 0.457971 -0.452336 0.434651 0.898886 0.0555225 -0.49819 -0.434414 0.155256 0.887232 0.444955
150 0.777377 -0.418394 0.469715 -0.455863 0.44404 0.893904 0.0613525 -0.49991 -0.445549 0.160878 0.880684 0.450006
151 0.767528 -0.427222 0.477893 -0.457358 0.452773 0.889059 0.067609 -0.503635 -0.45376 0.164485 0.875812 0.452531
152 0.743499 -0.445915 0.498366 -0.460219 0.477295 0.875823 0.0715811 -0.504484 -0.468399 0.184647 0.864007 0.457747
153 0.7335 -0.45489 0.505028 -0.462023 0.487163 0.869992 0.0760688 -0.505111 -0.473973 0.190234 0.859744 0.460302
154 0.718304 -0.470862 0.51218 -0.461323 0.501757 0.860575 0.0874658 -0.506036 -0.481954 0.194163 0.854413 0.464224
155 0.704743 -0.481869 0.52071 -0.462118 0.511269 0.853798 0.098146 -0.511316 -0.491875 0.197056 0.848073 0.467808
156 0.685372 -0.494946 0.534129 -0.46111 0.529335 0.84234 0.101326 -0.512413 -0.500069 0.213288 0.839309 0.471129
157 0.675262 -0.500877 0.541428 -0.462085 0.536524 0.837274 0.105419 -0.512794 -0.506125 0.219304 0.834112 0.473477
158 0.669501 -0.506434 0.543408 -0.462342 0.541077 0.833702 0.110347 -0.512585 -0.508924 0.220148 0.832185 0.475806
159 0.655735 -0.522438 0.545041 -0.455564 0.553285 0.823724 0.123911 -0.516497 -0.513699 0.22031 0.829202 0.479812
160 0.647066 -0.527932 0.550085 -0.45351 0.559244 0.81903 0.128207 -0.517778 -0.51822 0.224673 0.825209 0.482317
161 0.629287 -0.539307 0.559594 -0.447832 0.573041 0.808386 0.134671 -0.51967 -0.524997 0.235924 0.817752 0.486052
162 0.622918 -0.543042 0.563097 -0.444823 0.577862 0.804605 0.136697 -0.520678 -0.527303 0.240241 0.815006 0.488018
163 0.618051 -0.546178 0.565423 -0.441515 0.582157 0.801329 0.137711 -0.520411 -0.528304 0.244052 0.813224 0.489144
164 0.604938 -0.557487 0.568558 -0.433453 0.593375 0.791759 0.144999 -0.522885 -0.530996 0.249653 0.809763 0.492617
165 0.600278 -0.562529 0.568532 -0.428014 0.598376 0.787534 0.14743 -0.524339 -0.530672 0.251697 0.809343 0.49368
166 0.594964 -0.565451 0.571212 -0.421238 0.602882 0.783963 0.148105 -0.524503 -0.531555 0.256256 0.80733 0.494687
167 0.58131 -0.568937 0.581712 -0.413291 0.609953 0.777869 0.151255 -0.526337 -0.53855 0.266891 0.799208 0.49909
168 0.576952 -0.571758 0.583283 -0.408205 0.614636 0.77423 0.150967 -0.525778 -0.537912 0.271406 0.798116 0.500758
169 0.573333 -0.575603 0.58307 -0.401862 0.619321 0.770376 0.151533 -0.524415 -0.536406 0.274228 0.798165 0.501123
170 0.561565 -0.581871 0.588278 -0.391216 0.626013 0.763684 0.15778 -0.524922 -0.541066 0.279666 0.793117 0.505626
171 0.558347 -0.584495 0.588739 -0.384897 0.627874 0.761563 0.160612 -0.524262 -0.542239 0.279977 0.792206 0.506968
172 0.552683 -0.58713 0.591456 -0.377747 0.629616 0.759131 0.165238 -0.525358 -0.546008 0.281066 0.789225 0.509549
173 0.538874 -0.590533 0.600737 -0.37007 0.635891 0.752892 0.169695 -0.522964 -0.552501 0.290559 0.781229 0.512975
174 0.532387 -0.598086 0.599047 -0.364942 0.641403 0.746836 0.175609 -0.523173 -0.552419 0.290739 0.78122 0.515843
175 0.529792 -0.604355 0.595043 -0.358385 0.645581 0.74237 0.179198 -0.521226 -0.550041 0.289211 0.783461 0.517279
176 0.518568 -0.614125 0.594927 -0.343439 0.650641 0.734858 0.191441 -0.521407 -0.554755 0.287808 0.780649 0.522535
177 0.514341 -0.615883 0.596777 -0.338822 0.653093 0.732305 0.192872 -0.519515 -0.555808 0.290549 0.778883 0.524031
178 0.509929 -0.620341 0.595944 -0.333125 0.654873 0.729161 0.198659 -0.51923 -0.557776 0.288966 0.778065 0.526792
179 0.502592 -0.628026 0.594125 -0.319387 0.657772 0.723752 0.208615 -0.518296 -0.561015 0.28595 0.776849 0.532247
180 0.498837 -0.630611 0.594551 -0.314027 0.657843 0.72212 0.213977 -0.518757 -0.564273 0.284382 0.775063 0.535578
181 0.497188 -0.63315 0.593233 -0.30667 0.660244 0.71969 0.214765 -0.517017 -0.562922 0.2849 0.775855 0.538241
182 0.490093 -0.635263 0.596866 -0.297019 0.661028 0.71721 0.220571 -0.514993 -0.568199 0.286445 0.771427 0.542752
183 0.48621 -0.639956 0.595026 -0.292342 0.662906 0.713779 0.225998 -0.51449 -0.569346 0.284564 0.771277 0.544934
184 0.482179 -0.646675 0.591029 -0.285564 0.665552 0.709091 0.232875 -0.514445 -0.569688 0.281073 0.772304 0.547099
185 0.477321 -0.650721 0.590531 -0.277877 0.669484 0.704586 0.235265 -0.512805 -0.569172 0.283054 0.771961 0.550544
186 0.470151 -0.653746 0.592937 -0.270047 0.671746 0.700811 0.240043 -0.510946 -0.572464 0.285446 0.768638 0.553807
187 0.466943 -0.658711 0.589969 -0.26514 0.673108 0.697444 0.245963 -0.509832 -0.573489 0.282262 0.76905 0.556307
188 0.46311 -0.664984 0.58594 -0.259533 0.67542 0.69286 0.252494 -0.50888 -0.573879 0.278823 0.770013 0.559038
189 0.457456 -0.672718 0.581537 -0.246535 0.675862 0.688028 0.26425 -0.50463 -0.577879 0.272156 0.769407 0.565026
190 0.454462 -0.674225 0.582138 -0.242484 0.672723 0.688152 0.271828 -0.504002 -0.583873 0.268082 0.766306 0.568412
191 0.451937 -0.677546 0.580245 -0.238068 0.671375 0.686647 0.278874 -0.502763 -0.587374 0.263528 0.765209 0.57151
192 0.448965 -0.681885 0.577462 -0.232843 0.670613 0.684222 0.286563 -0.501261 -0.590515 0.258597 0.764473 0.575121
193 0.445193 -0.688297 0.572757 -0.224157 0.666598 0.681835 0.301244 -0.497953 -0.597871 0.247687 0.762366 0.582708
194 0.442613 -0.691765 0.570574 -0.218794 0.665045 0.680057 0.308606 -0.496318 -0.601506 0.242864 0.761057 0.58678
195 0.44139 -0.692832 0.570227 -0.215032 0.662567 0.680199 0.313582 -0.494679 -0.605127 0.239401 0.759281 0.589821
196 0.440552 -0.695231 0.56795 -0.211517 0.660074 0.679654 0.319957 -0.493292 -0.608454 0.233931 0.758327 0.592852
197 0.438376 -0.69948 0.564406 -0.206706 0.659306 0.677047 0.326992 -0.492036 -0.610853 0.228771 0.757972 0.596553
198 0.437659 -0.701791 0.562089 -0.201369 0.658245 0.675934 0.331402 -0.490152 -0.61251 0.224951 0.757779 0.600194
199 0.43519 -0.702867 0.562661 -0.192299 0.653807 0.676364 0.339217 -0.486153 -0.618988 0.220247 0.753887 0.606756
200 0.429851 -0.703537 0.565918 -0.189328 0.652 0.675452 0.344472 -0.484903 -0.6246 0.220907 0.74905 0.609319
201 0.425196 -0.705778 0.566644 -0.187308 0.650409 0.673631 0.350983 -0.484275 -0.629425 0.219313 0.74547 0.611925
202 0.4241 -0.709389 0.562944 -0.183352 0.649949 0.671292 0.356277 -0.483068 -0.630639 0.214788 0.745762 0.614755
203 0.425273 -0.709882 0.561436 -0.178346 0.648661 0.671667 0.357913 -0.480355 -0.631174 0.211971 0.746115 0.618398
204 0.425564 -0.707384 0.564361 -0.175016 0.643989 0.674879 0.3603 -0.478532 -0.635746 0.210112 0.742752 0.62168
205 0.422564 -0.707319 0.566691 -0.172931 0.640941 0.67529 0.364937 -0.478061 -0.640808 0.209006 0.738703 0.624253
206 0.420826 -0.709013 0.565868 -0.170221 0.64075 0.67389 0.367848 -0.476556 -0.642141 0.20778 0.73789 0.626377
207 0.423382 -0.708835 0.564182 -0.166698 0.638884 0.675139 0.3688 -0.474506 -0.64232 0.204304 0.738705 0.628942
208 0.427871 -0.706159 0.564151 -0.163569 0.633836 0.679396 0.369692 -0.472493 -0.644343 0.199399 0.738283 0.631104
209 0.427686 -0.704568 0.566276 -0.161054 0.627949 0.682202 0.37454 -0.471399 -0.650204 0.195407 0.734201 0.63391
210 0.427351 -0.703594 0.567737 -0.158969 0.623845 0.684003 0.378097 -0.470211 -0.654361 0.1926 0.731243 0.636211
211 0.429097 -0.702882 0.567303 -0.156572 0.620675 0.685742 0.380159 -0.468565 -0.65623 0.188986 0.730511 0.638232
212 0.428415 -0.703421 0.56715 -0.153861 0.617871 0.686046 0.384157 -0.467316 -0.659315 0.185847 0.728536 0.641147
213 0.426789 -0.703417 0.56838 -0.152136 0.616243 0.686197 0.386496 -0.465028 -0.661889 0.185308 0.726336 0.643201
214 0.426616 -0.703979 0.567814 -0.150058 0.613354 0.686578 0.390393 -0.463163 -0.664677 0.181723 0.724694 0.645098
215 0.426906 -0.704794 0.566584 -0.147851 0.610722 0.68678 0.394147 -0.461299 -0.666911 0.177762 0.723623 0.647087
216 0.426533 -0.706815 0.564343 -0.145489 0.608425 0.685897 0.399205 -0.459895 -0.669245 0.173086 0.722601 0.649435
217 0.426859 -0.708475 0.56201 -0.142426 0.607612 0.684983 0.402002 -0.457645 -0.669776 0.169886 0.722869 0.651055
218 0.4284 -0.708001 0.561434 -0.139889 0.604432 0.686397 0.404377 -0.456038 -0.671666 0.166113 0.721991 0.65289
219 0.427373 -0.707481 0.56287 -0.138252 0.599531 0.687787 0.409282 -0.455286 -0.676694 0.162542 0.718098 0.654944
220 0.424795 -0.707997 0.564171 -0.136118 0.597187 0.687521 0.413138 -0.453358 -0.68038 0.161417 0.714862 0.656384
221 0.42345 -0.708481 0.564575 -0.134512 0.595559 0.687317 0.415819 -0.451585 -0.682642 0.160159 0.712986 0.656613
222 0.421209 -0.710734 0.563417 -0.13274 0.594526 0.6855 0.420272 -0.4502 -0.684924 0.157944 0.711289 0.657639
223 0.418596 -0.712189 0.563528 -0.130638 0.59351 0.684194 0.423821 -0.447757 -0.687404 0.157049 0.709092 0.659116
224 0.412595 -0.714142 0.565479 -0.128221 0.593514 0.681682 0.427845 -0.446013 -0.691019 0.159093 0.705112 0.660768
225 0.40651 -0.714439 0.569497 -0.126628 0.593029 0.680502 0.430388 -0.4444 -0.69503 0.162772 0.700313 0.660647
226 0.403353 -0.715666 0.5702 -0.124412 0.593011 0.679016 0.432754 -0.442645 -0.696882 0.163582 0.698281 0.659057
227 0.40089 -0.716553 0.570823 -0.122332 0.593965 0.677677 0.433544 -0.440412 -0.69749 0.165245 0.697281 0.658664
228 0.395993 -0.718677 0.57157 -0.120711 0.592909 0.675421 0.43848 -0.44005 -0.701176 0.165254 0.693573 0.65946
229 0.388758 -0.719966 0.574905 -0.118478 0.591104 0.673541 0.443777 -0.438416 -0.706727 0.167307 0.687419 0.661334
230 0.384108 -0.718234 0.580173 -0.116665 0.588686 0.674597 0.445384 -0.435481 -0.711274 0.170464 0.681932 0.661778
231 0.380479 -0.715888 0.58544 -0.11486 0.584365 0.676764 0.447781 -0.433475 -0.716766 0.171739 0.675834 0.661994
232 0.378119 -0.714134 0.589099 -0.113274 0.579732 0.67878 0.450742 -0.431639 -0.721759 0.171085 0.670666 0.660302
233 0.376581 -0.714262 0.58993 -0.111187 0.576942 0.679061 0.453888 -0.429334 -0.724793 0.169429 0.667809 0.658684
234 0.373692 -0.714609 0.591345 -0.109197 0.573329 0.679113 0.458366 -0.42762 -0.729142 0.167747 0.663485 0.659083
235 0.368499 -0.714707 0.594477 -0.107558 0.568835 0.679141 0.46389 -0.426292 -0.735279 0.167216 0.656813 0.659772
236 0.361829 -0.713897 0.599526 -0.105527 0.565648 0.679313 0.467522 -0.423063 -0.741028 0.169958 0.649609 0.660841
237 0.355581 -0.714191 0.602905 -0.103784 0.563887 0.678365 0.471011 -0.421088 -0.745381 0.172488 0.643937 0.65959
238 0.351361 -0.71388 0.605739 -0.101939 0.5604 0.678651 0.474747 -0.418946 -0.749998 0.172649 0.63851 0.659062
239 0.346818 -0.71223 0.610283 -0.100082 0.555934 0.680152 0.477839 -0.416867 -0.755416 0.173554 0.631842 0.658992
240 0.342848 -0.710075 0.615019 -0.0985438 0.550405 0.682393 0.481034 -0.414978 -0.761256 0.173588 0.624786 0.658211
241 0.341339 -0.707429 0.618896 -0.0962124 0.544672 0.685492 0.483149 -0.41213 -0.766042 0.172178 0.619302 0.657082
242 0.340401 -0.705314 0.621819 -0.0944029 0.538821 0.688282 0.485736 -0.410177 -0.770584 0.169704 0.61433 0.656737
243 0.340424 -0.703592 0.623755 -0.0930683 0.532554 0.690994 0.488787 -0.408797 -0.774918 0.165788 0.609932 0.655393
244 0.34142 -0.702196 0.624782 -0.091055 0.524464 0.693947 0.49333 -0.407204 -0.779981 0.159243 0.605204 0.655292
245 0.34051 -0.697496 0.630517 -0.0894499 0.516459 0.699119 0.494472 -0.403728 -0.785699 0.157264 0.598285 0.65578
246 0.334073 -0.692414 0.639498 -0.0876984 0.507893 0.703794 0.496708 -0.401419 -0.794003 0.15886 0.586791 0.655372
247 0.327356 -0.68964 0.645937 -0.0854884 0.499977 0.706486 0.500901 -0.400347 -0.801786 0.15898 0.576076 0.653855
248 0.325045 -0.687831 0.649026 -0.082976 0.492931 0.708918 0.504434 -0.399009 -0.807072 0.155961 0.569484 0.653121
249 0.324368 -0.686877 0.650373 -0.0813597 0.486158 0.710847 0.508278 -0.398004 -0.81144 0.151315 0.564507 0.651544
250 0.322488 -0.686536 0.651667 -0.0792938 0.478007 0.712333 0.513899 -0.395954 -0.817014 0.145775 0.557887 0.65082
251 0.317688 -0.684958 0.655673 -0.0774066 0.472323 0.713914 0.51695 -0.393052 -0.822184 0.14546 0.550323 0.650347
252 0.310912 -0.683004 0.660939 -0.0764481 0.467588 0.715346 0.51927 -0.391325 -0.827463 0.147599 0.541774 0.649498
253 0.304739 -0.681438 0.665415 -0.0753579 0.462502 0.716619 0.522063 -0.390192 -0.832602 0.148662 0.533548 0.647878
254 0.300131 -0.681738 0.667199 -0.0736932 0.456376 0.716823 0.527148 -0.389218 -0.837641 0.14628 0.526269 0.646252
255 0.297526 -0.681028 0.669089 -0.0721304 0.452478 0.717704 0.529306 -0.38719 -0.840679 0.145266 0.521686 0.645303
256 0.29344 -0.680241 0.671689 -0.0712825 0.449841 0.718224 0.530846 -0.385686 -0.843526 0.146382 0.516756 0.643767
257 0.287779 -0.679527 0.674853 -0.0704284 0.447194 0.718469 0.532747 -0.384109 -0.846877 0.148477 0.510641 0.642431
258 0.288063 -0.676883 0.677384 -0.069587 0.445339 0.720913 0.530997 -0.381853 -0.847758 0.148705 0.509111 0.638952
259 0.287696 -0.674859 0.679556 -0.0692782 0.441131 0.72318 0.531426 -0.381107 -0.850079 0.146884 0.505757 0.63718
260 0.286557 -0.673679 0.681206 -0.0689803 0.435488 0.724915 0.533712 -0.380624 -0.853367 0.143718 0.501108 0.635233
261 0.284025 -0.672351 0.683574 -0.0694241 0.433805 0.725903 0.533739 -0.378919 -0.855069 0.144942 0.497844 0.6337
262 0.283521 -0.671275 0.68484 -0.0697971 0.433307 0.72676 0.532977 -0.378186 -0.855488 0.145635 0.49692 0.631287
263 0.285721 -0.669867 0.685304 -0.0706407 0.430291 0.728651 0.532838 -0.377608 -0.856279 0.142638 0.496429 0.628651
264 0.288517 -0.668677 0.685295 -0.0709117 0.424898 0.730813 0.534204 -0.376999 -0.858032 0.137054 0.494972 0.626569
265 0.288573 -0.666305 0.687578 -0.0712221 0.421926 0.733137 0.533374 -0.375399 -0.859479 0.13619 0.492695 0.625542
266 0.289367 -0.663519 0.689934 -0.0720706 0.419939 0.735702 0.531407 -0.374671 -0.860185 0.135958 0.491526 0.623303
267 0.29402 -0.660067 0.691277 -0.0721397 0.417259 0.739329 0.528477 -0.373107 -0.859911 0.133058 0.492796 0.618256
268 0.293605 -0.657986 0.693434 -0.072865 0.415164 0.741191 0.527518 -0.37235 -0.861066 0.133007 0.490789 0.615728
269 0.294753 -0.656891 0.693984 -0.0734569 0.415138 0.742161 0.526173 -0.371736 -0.860686 0.133008 0.491455 0.612838
270 0.297452 -0.656306 0.693387 -0.0742932 0.415785 0.74282 0.52473 -0.371045 -0.859444 0.132218 0.493836 0.610132
271 0.302332 -0.654953 0.692555 -0.0754334 0.416297 0.744327 0.522182 -0.370146 -0.857492 0.130436 0.497689 0.607229
272 0.307938 -0.652816 0.692102 -0.0765784 0.414365 0.746858 0.5201 -0.369483 -0.856432 0.126624 0.50049 0.604485
273 0.31195 -0.649754 0.693186 -0.077966 0.413281 0.749751 0.51679 -0.368269 -0.855503 0.125269 0.502416 0.602287
274 0.316222 -0.647597 0.693268 -0.0791829 0.413098 0.751845 0.513887 -0.367897 -0.854022 0.123885 0.505271 0.59935
275 0.323272 -0.644207 0.693176 -0.0809732 0.414508 0.754893 0.508252 -0.365429 -0.850693 0.123023 0.511065 0.593034
276 0.328209 -0.641846 0.693046 -0.0824708 0.41395 0.757217 0.50524 -0.364926 -0.849073 0.121062 0.514218 0.589999
277 0.33379 -0.639712 0.692353 -0.0839833 0.413934 0.759345 0.50205 -0.364498 -0.846902 0.119009 0.51826 0.586764
278 0.339872 -0.637498 0.691435 -0.0858082 0.414182 0.761525 0.49853 -0.363791 -0.844358 0.116944 0.522862 0.583693
279 0.346312 -0.635259 0.6903 -0.0876513 0.415968 0.763526 0.493962 -0.36303 -0.840856 0.116077 0.528665 0.58049
280 0.354413 -0.63329 0.687994 -0.0893384 0.417526 0.765509 0.489558 -0.362762 -0.836698 0.11375 0.535722 0.576907
281 0.364743 -0.62842 0.68706 -0.0917791 0.417437 0.769947 0.482626 -0.361539 -0.832291 0.11077 0.543159 0.573817
282 0.381624 -0.62092 0.684705 -0.0924271 0.415762 0.776912 0.47281 -0.358975 -0.825533 0.104239 0.554644 0.566811
283 0.392811 -0.614833 0.683871 -0.0940855 0.409887 0.782748 0.468293 -0.358879 -0.823221 0.0963596 0.559484 0.563521
284 0.403166 -0.60747 0.684425 -0.096535 0.408292 0.788741 0.459549 -0.357618 -0.818996 0.0941713 0.566019 0.559843
285 0.417489 -0.601466 0.681132 -0.0980856 0.40835 0.793814 0.450677 -0.357893 -0.81176 0.0899874 0.577017 0.554396
286 0.43136 -0.596738 0.676633 -0.0995062 0.405954 0.798166 0.445122 -0.359202 -0.805686 0.0826735 0.586545 0.550483
287 0.445089 -0.591258 0.67254 -0.0996227 0.40728 0.802519 0.43599 -0.35502 -0.797508 0.0798575 0.598 0.541997
288 0.452636 -0.58337 0.674388 -0.10236 0.404107 0.808377 0.428046 -0.353332 -0.79487 0.0787761 0.601645 0.538849
289 0.463978 -0.574981 0.673885 -0.103728 0.397897 0.814937 0.421374 -0.354469 -0.791456 0.0726291 0.606896 0.533336
290 0.473618 -0.571958 0.669738 -0.104505 0.393131 0.817766 0.420364 -0.357156 -0.78812 0.064203 0.612164 0.528167
291 0.487709 -0.569858 0.661364 -0.103941 0.391504 0.819888 0.417742 -0.357 -0.780298 0.0551907 0.622968 0.521985
292 0.501725 -0.56629 0.653902 -0.106036 0.392316 0.822682 0.41144 -0.354394 -0.770948 0.0501058 0.634925 0.516044
293 0.511244 -0.558383 0.653329 -0.109301 0.389709 0.828155 0.402847 -0.352454 -0.766 0.048655 0.640996 0.515001
294 0.519981 -0.551248 0.652492 -0.110178 0.386704 0.833038 0.39561 -0.353591 -0.76163 0.0466116 0.646334 0.509908
295 0.528303 -0.547172 0.649229 -0.109768 0.38756 0.835749 0.388999 -0.352295 -0.755442 0.0461059 0.653591 0.503039
296 0.536281 -0.543084 0.646113 -0.110619 0.388137 0.838439 0.382584 -0.352515 -0.749501 0.045608 0.66043 0.498424
297 0.545365 -0.540962 0.640264 -0.110762 0.390151 0.839894 0.377307 -0.354037 -0.741862 0.0440294 0.669105 0.493653
298 0.552103 -0.541004 0.634427 -0.11109 0.39302 0.839934 0.374227 -0.355621 -0.735335 0.0427308 0.676355 0.489564
299 0.566683 -0.537864 0.624158 -0.111785 0.397413 0.842018 0.364786 -0.35444 -0.721757 0.0413304 0.690911 0.481749
300 0.573607 -0.5312 0.623539 -0.110968 0.402561 0.845761 0.350189 -0.350133 -0.713386 0.0501414 0.698975 0.478004
301 0.577898 -0.530463 0.620196 -0.111152 0.404746 0.84619 0.346618 -0.35486 -0.708672 0.0507119 0.703714 0.472392
302 0.58831 -0.525903 0.614261 -0.1098 0.403707 0.849204 0.3404 -0.353336 -0.700651 0.0477209 0.711906 0.466832
303 0.599305 -0.521039 0.607744 -0.108984 0.404623 0.852229 0.331641 -0.35335 -0.690735 0.0471532 0.721569 0.46254
304 0.605722 -0.523506 0.599202 -0.109309 0.406979 0.85095 0.332044 -0.359183 -0.683717 0.0427361 0.728495 0.459956
305 0.627922 -0.523417 0.575976 -0.104356 0.412482 0.851394 0.324019 -0.354113 -0.659979 0.0341211 0.750509 0.451077
306 0.634029 -0.521343 0.571147 -0.107381 0.413604 0.852675 0.319182 -0.35717 -0.653406 0.0338583 0.75625 0.449466
307 0.639035 -0.519944 0.566826 -0.109107 0.413105 0.853623 0.317289 -0.359605 -0.648829 0.0314 0.760286 0.446947
308 0.651301 -0.514411 0.557843 -0.104823 0.411186 0.85711 0.310305 -0.357377 -0.637757 0.0272749 0.769755 0.441977
309 0.663487 -0.510678 0.546802 -0.102287 0.411615 0.85944 0.303209 -0.357022 -0.624786 0.0238968 0.780431 0.435766
310 0.671685 -0.509696 0.537633 -0.101349 0.413464 0.860084 0.298835 -0.357761 -0.614725 0.0215693 0.788447 0.432579
311 0.684835 -0.5021 0.528107 -0.100627 0.412512 0.864548 0.287037 -0.358844 -0.600695 0.0212773 0.799195 0.426644
312 0.691345 -0.498829 0.522697 -0.0987151 0.413034 0.866423 0.28056 -0.359069 -0.592828 0.0219277 0.80503 0.422634
313 0.701371 -0.493553 0.51428 -0.0968711 0.412179 0.869462 0.272294 -0.358738 -0.581538 0.0209963 0.813248 0.417224
314 0.710709 -0.487121 0.507549 -0.0962573 0.407112 0.873185 0.267972 -0.360263 -0.573718 0.0161792 0.818893 0.413487
315 0.719193 -0.479846 0.502504 -0.0953163 0.399799 0.877297 0.26554 -0.361387 -0.568263 0.00992624 0.822787 0.410497
316 0.736344 -0.468309 0.488347 -0.0924333 0.393523 0.883549 0.253929 -0.362095 -0.550396 0.00519699 0.834887 0.403825
317 0.745506 -0.462065 0.48033 -0.0880086 0.388033 0.886846 0.250868 -0.36209 -0.541896 -0.000639435 0.840445 0.399345
318 0.751689 -0.457574 0.474963 -0.0872149 0.382313 0.88914 0.251528 -0.363549 -0.537402 -0.00748636 0.843293 0.395776
319 0.768163 -0.452874 0.452583 -0.0830815 0.37956 0.891382 0.247732 -0.363707 -0.515616 -0.0185158 0.85662 0.390951
320 0.774618 -0.447383 0.447008 -0.0846591 0.372461 0.893947 0.24926 -0.367247 -0.511116 -0.026588 0.8591 0.389387
321 0.777815 -0.445007 0.443816 -0.0817648 0.365482 0.894746 0.256617 -0.368889 -0.511299 -0.0373941 0.858589 0.386126
322 0.790293 -0.432598 0.433931 -0.0750229 0.356517 0.900621 0.248552 -0.364219 -0.498331 -0.0417253 0.865982 0.378724
323 0.794995 -0.428915 0.428969 -0.0767013 0.351078 0.902007 0.251252 -0.368233 -0.494699 -0.049142 0.867674 0.374578
324 0.802581 -0.423529 0.420105 -0.0737418 0.34513 0.904067 0.252087 -0.366381 -0.486569 -0.0573297 0.871759 0.371067
325 0.815894 -0.406525 0.411162 -0.0717768 0.332871 0.911689 0.240872 -0.365877 -0.472773 -0.0596619 0.879162 0.365409
326 0.822669 -0.398428 0.40555 -0.0691091 0.325736 0.914977 0.238145 -0.365177 -0.465953 -0.0638126 0.882506 0.356763
327 0.829328 -0.392056 0.398131 -0.0681166 0.319462 0.917271 0.237818 -0.366936 -0.458432 -0.0700417 0.885965 0.353079
328 0.8502 -0.370028 0.374486 -0.0670631 0.301687 0.925386 0.229446 -0.368171 -0.431445 -0.0820973 0.898396 0.341447
329 0.856684 -0.364868 0.364643 -0.0665726 0.29635 0.926712 0.231045 -0.369603 -0.42222 -0.0898703 0.902027 0.336926
330 0.872117 -0.343864 0.348094 -0.0663078 0.278926 0.93389 0.223719 -0.372324 -0.40201 -0.0980168 0.910374 0.330729
331 0.879728 -0.334214 0.338199 -0.0669135 0.272283 0.937218 0.217908 -0.37388 -0.389794 -0.0996138 0.915498 0.32311
332 0.885324 -0.329028 0.328545 -0.0670501 0.269458 0.938895 0.21417 -0.374895 -0.378937 -0.101081 0.919886 0.316847
333 0.898369 -0.314835 0.306289 -0.0666195 0.260105 0.943214 0.206625 -0.376737 -0.353948 -0.105958 0.929244 0.306058
334 0.905072 -0.304267 0.297097 -0.0667141 0.250776 0.946097 0.204969 -0.378258 -0.343447 -0.111007 0.932588 0.301301
335 0.913294 -0.290967 0.285013 -0.0671096 0.240472 0.949983 0.199262 -0.380884 -0.328736 -0.113447 0.937583 0.290133
336 0.916471 -0.288356 0.277367 -0.0704017 0.239536 0.950711 0.196906 -0.381898 -0.320475 -0.114019 0.94037 0.2856
337 0.928331 -0.266105 0.259596 -0.0688835 0.220249 0.956242 0.192594 -0.384506 -0.299487 -0.121615 0.946318 0.276859
338 0.930182 -0.258269 0.260881 -0.0702662 0.213167 0.958576 0.188922 -0.385372 -0.298867 -0.120121 0.946705 0.271322
339 0.939444 -0.243585 0.241064 -0.0750584 0.205622 0.963375 0.172128 -0.387362 -0.274163 -0.112137 0.955123 0.263363
340 0.950971 -0.219825 0.217558 -0.0770195 0.189068 0.969884 0.153549 -0.388545 -0.24476 -0.104888 0.963894 0.254678
341 0.954528 -0.212903 0.208681 -0.0755307 0.184699 0.971796 0.146624 -0.387812 -0.234012 -0.101413 0.96693 0.247284
342 0.958508 -0.201396 0.201746 -0.0782424 0.172934 0.973427 0.150114 -0.38931 -0.226617 -0.108997 0.967866 0.237003
343 0.962791 -0.188622 0.193534 -0.0809195 0.160541 0.975276 0.151868 -0.389747 -0.217394 -0.115147 0.969268 0.234231
344 0.968857 -0.169628 0.180394 -0.0811781 0.141894 0.977361 0.156947 -0.392504 -0.202933 -0.126462 0.970992 0.226304
345 0.971626 -0.151521 0.181616 -0.0837782 0.123576 0.979928 0.156427 -0.392681 -0.201672 -0.129545 0.970848 0.215925
346 0.973722 -0.140418 0.179299 -0.0850862 0.11277 0.981287 0.156074 -0.392261 -0.197859 -0.131753 0.971336 0.210502
347 0.977902 -0.126445 0.166489 -0.0884138 0.100217 0.982422 0.15749 -0.390919 -0.183477 -0.137325 0.973385 0.200377
348 0.98009 -0.123812 0.155225 -0.0883624 0.0986622 0.982108 0.160405 -0.390791 -0.172307 -0.141896 0.97477 0.19544
349 0.983151 -0.112757 0.143876 -0.0898664 0.0881807 0.981999 0.167037 -0.38816 -0.160121 -0.151535 0.975397 0.183479
350 0.986786 -0.0965443 0.130127 -0.0914108 0.0728369 0.981692 0.176 -0.388262 -0.144737 -0.164196 0.975752 0.175094
351 0.989596 -0.0788452 0.120345 -0.0921867 0.056492 0.982229 0.178983 -0.388394 -0.132318 -0.170323 0.976464 0.165436
352 0.990477 -0.0699581 0.118583 -0.0930054 0.0473705 0.981862 0.183583 -0.387447 -0.129275 -0.176217 0.975825 0.160986
353 0.992879 -0.0484863 0.108812 -0.0963445 0.0274109 0.981898 0.187414 -0.388502 -0.11593 -0.183097 0.976236 0.153864
354 0.994539 -0.0233102 0.101732 -0.095842 0.00366208 0.981933 0.189193 -0.386225 -0.104304 -0.187788 0.976656 0.143791
355 0.99482 -0.0115741 0.100992 -0.0960553 -0.00814723 0.981223 0.192707 -0.386491 -0.101326 -0.192531 0.976046 0.13952
