24 0.994733 0.101554 -0.0139003 0.0339081 -0.10147 0.994817 0.00662166 -0.00124653 0.0145007 -0.00517632 0.999881 0.00102936
25 0.99321 0.115542 -0.0135309 0.0373624 -0.115451 0.993286 0.00733208 -0.00269602 0.0142872 -0.00572014 0.999882 0.00041944
26 0.989329 0.145394 -0.00946799 0.0440394 -0.145325 0.989355 0.00754544 0.000666917 0.0104643 -0.00608898 0.999927 -0.00173744
27 0.987026 0.160489 -0.00476868 0.0474471 -0.160415 0.986962 0.0131475 0.000715616 0.00681653 -0.012212 0.999902 -0.00233353
28 0.981459 0.191503 0.00807849 0.0521887 -0.191654 0.981091 0.0269893 -0.00340181 -0.0027572 -0.0280372 0.999603 -0.00244007
29 0.978079 0.207575 0.0165315 0.0499551 -0.208064 0.977398 0.0374651 -0.00884546 -0.00838108 -0.0400834 0.999161 -0.00376896
30 0.96804 0.25008 0.0189328 0.0563317 -0.250725 0.966797 0.0493925 -0.0145816 -0.00595214 -0.0525608 0.9986 -0.00453037
31 0.960418 0.277594 0.0231941 0.0599014 -0.278494 0.958676 0.0581399 -0.0189497 -0.00609639 -0.062298 0.998039 -0.00569997
32 0.939785 0.33955 0.0388499 0.0685392 -0.34158 0.936933 0.0740213 -0.031277 -0.0112659 -0.0828345 0.9965 -0.00892493
33 0.929867 0.362999 0.059822 0.0616556 -0.367045 0.92642 0.0838065 -0.0402232 -0.0249987 -0.0998863 0.994685 -0.0111418
34 0.912838 0.400491 0.0795878 0.0557029 -0.406845 0.908655 0.0939286 -0.0551703 -0.0347003 -0.118122 0.992393 -0.0105707
35 0.900699 0.424733 0.0913458 0.0508528 -0.432307 0.897062 0.0915955 -0.0616235 -0.0430392 -0.121989 0.991598 -0.0111068
36 0.89352 0.438875 0.0949215 0.0500217 -0.446893 0.88975 0.0929056 -0.0672164 -0.0436824 -0.125433 0.99114 -0.0109847
37 0.876 0.471154 0.103145 0.0526653 -0.480221 0.871914 0.0956733 -0.0799581 -0.0448571 -0.133342 0.990054 -0.0131537
38 0.854171 0.50289 0.132263 0.0484005 -0.515514 0.852273 0.0887485 -0.0865811 -0.0680936 -0.14399 0.987234 -0.0161656
39 0.827628 0.536892 0.163639 0.0401826 -0.554604 0.827082 0.0913726 -0.0975103 -0.0862859 -0.166378 0.98228 -0.0130036
40 0.816581 0.548419 0.180086 0.0353497 -0.568748 0.817711 0.0887364 -0.0993792 -0.0985937 -0.174884 0.97964 -0.0127456
41 0.797576 0.565573 0.209762 0.0251771 -0.592286 0.800152 0.0946235 -0.107376 -0.114325 -0.199709 0.973163 -0.00590887
42 0.797219 0.559567 0.226554 0.0148035 -0.589649 0.802233 0.0934711 -0.106724 -0.129445 -0.208104 0.969503 0.00472148
43 0.798483 0.554822 0.233659 0.00494459 -0.58701 0.803663 0.0976951 -0.109863 -0.13358 -0.215168 0.967398 0.0117897
44 0.811371 0.539166 0.225781 -0.00728346 -0.569472 0.816231 0.0973048 -0.115422 -0.131826 -0.207526 0.969306 0.0211625
45 0.834595 0.511784 0.203785 -0.0174523 -0.538382 0.836122 0.105093 -0.125265 -0.116604 -0.197424 0.973359 0.0242416
46 0.845958 0.495903 0.196047 -0.0205996 -0.521281 0.846508 0.108119 -0.128111 -0.112339 -0.19366 0.974616 0.0259173
47 0.863332 0.469762 0.184341 -0.0317743 -0.493434 0.862371 0.113312 -0.132715 -0.10574 -0.188786 0.976309 0.0372902
48 0.892031 0.42428 0.155782 -0.0416648 -0.442704 0.889646 0.111998 -0.135099 -0.0910726 -0.168871 0.981422 0.0448445
49 0.904927 0.402225 0.139006 -0.0449399 -0.417961 0.901485 0.1124 -0.138993 -0.0801013 -0.159813 0.983892 0.0476422
50 0.924376 0.363981 0.11422 -0.0481227 -0.375603 0.920739 0.105648 -0.13972 -0.0667132 -0.14056 0.987822 0.0537055
51 0.939799 0.326782 0.0999529 -0.0550309 -0.336204 0.936549 0.0992119 -0.143706 -0.0611901 -0.126844 0.990034 0.0607302
52 0.955119 0.284245 0.0833797 -0.0643604 -0.29155 0.951841 0.0948491 -0.146623 -0.0524039 -0.114902 0.991994 0.0668667
53 0.962394 0.2624 0.0703081 -0.0653935 -0.268128 0.959105 0.0906927 -0.146218 -0.0436351 -0.106134 0.993394 0.0691712
54 0.972581 0.225351 0.0574732 -0.0684926 -0.229848 0.969067 0.0898846 -0.150683 -0.0354398 -0.10063 0.994293 0.0734675
55 0.981123 0.184754 0.0571356 -0.0739415 -0.189273 0.978002 0.0876855 -0.152997 -0.0396785 -0.0968444 0.994508 0.0774493
56 0.984354 0.166419 0.0578931 -0.0773158 -0.171012 0.981476 0.0863686 -0.152542 -0.0424473 -0.0949177 0.99458 0.0778373
57 0.991191 0.120438 0.0550912 -0.0844015 -0.125074 0.988029 0.0903092 -0.150144 -0.043555 -0.0964041 0.994389 0.0848435
58 0.99438 0.0928982 0.050777 -0.0878501 -0.0973495 0.990833 0.0936606 -0.152368 -0.0416106 -0.0980774 0.994308 0.0867283
59 0.998218 0.0410717 0.043289 -0.0932671 -0.0453198 0.993729 0.102216 -0.155739 -0.0388194 -0.103995 0.99382 0.0892455
60 0.999076 0.0154544 0.0401026 -0.0987382 -0.0195818 0.994315 0.104662 -0.158201 -0.0382572 -0.10535 0.993699 0.0922315
61 0.998684 -0.0466853 0.0212353 -0.106527 0.0442271 0.993558 0.104338 -0.162848 -0.0259696 -0.103261 0.994315 0.0967464
62 0.996639 -0.0816662 0.00647477 -0.108387 0.0805944 0.991588 0.101278 -0.166792 -0.0146913 -0.100416 0.994837 0.0974084
63 0.989046 -0.146098 -0.0210728 -0.116084 0.147426 0.984815 0.0916822 -0.17107 0.00735821 -0.0937846 0.995565 0.098737
64 0.983148 -0.178877 -0.037723 -0.117838 0.18159 0.979372 0.0886302 -0.174625 0.0210909 -0.0939868 0.99535 0.100163
65 0.975858 -0.211565 -0.0542399 -0.119013 0.215523 0.973031 0.0822251 -0.176063 0.0353811 -0.09193 0.995137 0.100097
66 0.959812 -0.267716 -0.0841996 -0.120346 0.274193 0.958508 0.0779828 -0.179627 0.0598287 -0.0979358 0.993393 0.100285
67 0.95349 -0.286214 -0.0945448 -0.122544 0.293907 0.952408 0.0808573 -0.184341 0.0669027 -0.104884 0.992232 0.10042
68 0.942205 -0.319413 -0.101119 -0.126413 0.327639 0.941506 0.0788566 -0.189288 0.0700167 -0.10743 0.991744 0.0994547
69 0.929978 -0.351567 -0.107429 -0.126692 0.360762 0.928965 0.0829125 -0.192937 0.070649 -0.115863 0.990749 0.103232
70 0.921972 -0.370922 -0.111285 -0.126362 0.380389 0.921302 0.0806683 -0.197543 0.0726051 -0.116705 0.990509 0.103929
71 0.89984 -0.416526 -0.129593 -0.123317 0.426925 0.901906 0.0655699 -0.198267 0.089569 -0.114329 0.989397 0.105376
72 0.886827 -0.44073 -0.138904 -0.122512 0.451794 0.890081 0.060312 -0.2012 0.0970544 -0.116242 0.988468 0.105463
73 0.863046 -0.483051 -0.147693 -0.121394 0.494159 0.868007 0.0486836 -0.204619 0.104682 -0.115 0.987834 0.10674
74 0.848043 -0.511453 -0.138701 -0.116125 0.521237 0.852264 0.0442512 -0.212652 0.0955777 -0.109823 0.989345 0.103999
75 0.84276 -0.523516 -0.125247 -0.114537 0.531478 0.846156 0.0393824 -0.213457 0.0853612 -0.099756 0.991344 0.103313
76 0.828488 -0.55066 -0.101885 -0.108559 0.556055 0.830488 0.0330581 -0.214545 0.0664105 -0.0840419 0.994247 0.103639
77 0.81585 -0.573013 -0.0777452 -0.0963009 0.57637 0.816666 0.0292183 -0.212273 0.0467494 -0.0686478 0.996545 0.0984959
78 0.805758 -0.589791 -0.0538687 -0.0801644 0.592037 0.804549 0.0468317 -0.214292 0.0157191 -0.0696273 0.997449 0.0982837
79 0.801295 -0.596833 -0.0414421 -0.0737194 0.598252 0.799878 0.0478423 -0.209593 0.0045948 -0.0631286 0.997995 0.100277
80 0.793553 -0.607977 -0.0252325 -0.0551026 0.608333 0.79168 0.0563381 -0.209538 -0.0142762 -0.060057 0.998093 0.102406
81 0.795537 -0.605903 0.00127418 -0.0413622 0.604733 0.794128 0.0604871 -0.207246 -0.0376612 -0.0473492 0.998168 0.104599
82 0.798682 -0.60175 0.00211451 -0.0177408 0.60049 0.797227 0.0619673 -0.199647 -0.0389746 -0.0482224 0.998076 0.105451
83 0.807722 -0.589467 0.0106302 -0.00148765 0.587392 0.806163 0.071216 -0.193138 -0.0505492 -0.0512787 0.997404 0.110152
84 0.815093 -0.579265 0.00867865 0.0153721 0.577055 0.813127 0.0763719 -0.189028 -0.0512964 -0.0572421 0.997042 0.114955
85 0.831816 -0.554223 0.0303259 0.0267917 0.549786 0.830201 0.0922007 -0.186754 -0.0762764 -0.0600212 0.995279 0.11848
86 0.851597 -0.523524 0.0265461 0.0431075 0.5184 0.84861 0.105465 -0.183979 -0.0777406 -0.0760519 0.994069 0.123722
87 0.867017 -0.498012 0.0162951 0.0534514 0.492737 0.86178 0.120606 -0.181875 -0.0741062 -0.0965386 0.992567 0.130531
88 0.879025 -0.476673 0.00988784 0.0663249 0.471819 0.872681 0.125757 -0.1774 -0.0685739 -0.105878 0.992012 0.136964
89 0.899529 -0.435995 0.0274903 0.075949 0.427986 0.892127 0.144697 -0.177243 -0.0876121 -0.118394 0.989094 0.145958
90 0.919256 -0.391882 0.0373662 0.0861202 0.381959 0.910877 0.15624 -0.178863 -0.0952635 -0.129352 0.987012 0.157229
91 0.934645 -0.352442 0.0471585 0.0908294 0.340424 0.925206 0.167647 -0.181245 -0.102717 -0.140637 0.984718 0.16805
92 0.942425 -0.330552 0.050707 0.0957869 0.31813 0.932902 0.168779 -0.17992 -0.103095 -0.14293 0.984349 0.175411
93 0.958431 -0.277328 0.0670817 0.103392 0.261397 0.947688 0.183193 -0.180267 -0.114377 -0.158043 0.980786 0.188271
94 0.96589 -0.246442 0.0795176 0.110158 0.22817 0.955161 0.188695 -0.184211 -0.122454 -0.164115 0.978811 0.195591
95 0.97263 -0.209781 0.0999126 0.110502 0.188627 0.963946 0.187693 -0.184224 -0.135685 -0.163709 0.977133 0.20231
96 0.980357 -0.145443 0.133215 0.11057 0.118532 0.974318 0.191454 -0.189403 -0.157639 -0.171904 0.972419 0.216249
97 0.982062 -0.11676 0.148062 0.107444 0.0871687 0.977399 0.192594 -0.1934 -0.167203 -0.176233 0.970044 0.224799
98 0.98406 -0.0886103 0.154188 0.104875 0.0584747 0.980037 0.190019 -0.194497 -0.167948 -0.177974 0.969597 0.231963
99 0.986364 -0.0625716 0.152219 0.108219 0.0326491 0.980919 0.191657 -0.197631 -0.161306 -0.184074 0.969586 0.239408
100 0.986306 -0.00455084 0.164864 0.112054 -0.0274935 0.981095 0.191563 -0.203179 -0.162619 -0.193473 0.967535 0.253759
101 0.985149 0.0266653 0.169618 0.109873 -0.0594546 0.979731 0.191293 -0.207526 -0.161079 -0.198537 0.966766 0.264063
102 0.984279 0.0542477 0.168084 0.109769 -0.0855171 0.979049 0.184797 -0.209331 -0.154538 -0.196266 0.968296 0.27192
103 0.9832 0.081717 0.163219 0.111074 -0.111038 0.977473 0.179492 -0.210342 -0.144874 -0.1946 0.970125 0.278771
104 0.981262 0.108986 0.158896 0.113147 -0.136854 0.974726 0.176582 -0.21294 -0.135635 -0.195019 0.971376 0.287361
105 0.974727 0.161419 0.15444 0.118626 -0.187178 0.967478 0.17015 -0.215168 -0.121952 -0.194757 0.973241 0.300805
106 0.969338 0.190831 0.154816 0.119754 -0.21636 0.961484 0.169519 -0.216573 -0.116504 -0.197817 0.973291 0.309119
107 0.964032 0.216385 0.15434 0.121001 -0.24148 0.95567 0.168473 -0.218415 -0.111043 -0.199683 0.973548 0.316661
108 0.959438 0.237056 0.15259 0.123713 -0.261539 0.950486 0.167851 -0.219563 -0.105244 -0.200951 0.973931 0.322749
109 0.953037 0.261062 0.153515 0.12608 -0.285637 0.943295 0.169136 -0.223685 -0.100656 -0.205042 0.973564 0.329361
110 0.936467 0.315465 0.153334 0.127797 -0.338007 0.928422 0.154222 -0.227081 -0.0937068 -0.196252 0.976066 0.344334
111 0.929628 0.337134 0.14877 0.12934 -0.357589 0.92283 0.143228 -0.228296 -0.0890024 -0.186347 0.978444 0.352398
112 0.916265 0.377403 0.134261 0.136201 -0.393045 0.911718 0.119523 -0.22929 -0.0772998 -0.162285 0.983712 0.362678
113 0.908318 0.399885 0.122677 0.140249 -0.412993 0.903881 0.111517 -0.229975 -0.0662911 -0.151957 0.986162 0.367667
114 0.897568 0.426363 0.11219 0.144822 -0.437307 0.893308 0.103748 -0.230582 -0.055986 -0.142182 0.988256 0.372125
115 0.86995 0.484196 0.0934905 0.152908 -0.491729 0.866059 0.0902479 -0.232673 -0.0372706 -0.124483 0.991521 0.384174
116 0.853793 0.514028 0.0825404 0.15412 -0.519785 0.850591 0.0794829 -0.23197 -0.0293517 -0.110765 0.993413 0.390605
117 0.825922 0.561955 0.0453905 0.157143 -0.563742 0.824175 0.0541409 -0.229922 -0.00698496 -0.0703047 0.997501 0.401359
118 0.815735 0.578194 0.0163622 0.165181 -0.578292 0.814616 0.0444869 -0.229818 0.0123931 -0.0457517 0.998876 0.404782
119 0.792992 0.608975 -0.017717 0.183541 -0.608169 0.79299 0.0360241 -0.23137 0.0359872 -0.0177919 0.999194 0.409354
120 0.775655 0.629591 -0.0444386 0.193873 -0.629097 0.776889 0.0261015 -0.228754 0.0509571 0.00771036 0.998671 0.415128
121 0.76657 0.638525 -0.0682385 0.206796 -0.638095 0.769343 0.0307741 -0.229867 0.0721488 0.0199522 0.997194 0.4159
122 0.746371 0.660646 -0.0804854 0.219942 -0.660481 0.75014 0.0324731 -0.230092 0.0818286 0.0289221 0.996227 0.420862
123 0.734682 0.669004 -0.112589 0.233005 -0.670249 0.741444 0.0320514 -0.228674 0.104921 0.0519149 0.993125 0.424357
124 0.727876 0.673671 -0.127917 0.24371 -0.675763 0.736384 0.0329036 -0.23116 0.116362 0.0624918 0.991239 0.424731
125 0.702718 0.697348 -0.141043 0.260163 -0.700721 0.712694 0.0325201 -0.230927 0.123198 0.0759795 0.989469 0.425574
126 0.686066 0.709227 -0.162204 0.275252 -0.713873 0.699245 0.0379764 -0.231392 0.140355 0.089739 0.986026 0.429585
127 0.680438 0.711962 -0.173531 0.28186 -0.718077 0.695036 0.0359153 -0.231848 0.146181 0.10017 0.984173 0.430941
128 0.67669 0.708167 -0.201468 0.298843 -0.718073 0.695236 0.0319165 -0.230795 0.16267 0.123071 0.978975 0.434423
129 0.676615 0.699015 -0.231453 0.314609 -0.712104 0.701158 0.0358584 -0.233465 0.187351 0.140556 0.972185 0.435513
130 0.672884 0.696615 -0.248908 0.327595 -0.711994 0.701177 0.0376102 -0.234276 0.200729 0.151914 0.967797 0.439316
131 0.673384 0.692066 -0.259996 0.331737 -0.709009 0.704171 0.0380692 -0.235108 0.209428 0.158704 0.964859 0.441709
132 0.674811 0.681899 -0.282212 0.34451 -0.7034 0.709999 0.0336115 -0.236682 0.22329 0.175827 0.958763 0.446194
133 0.672572 0.676753 -0.299422 0.359325 -0.700993 0.712293 0.0353296 -0.239064 0.237185 0.186131 0.953467 0.45041
134 0.673073 0.671794 -0.309298 0.366693 -0.698191 0.71511 0.0338593 -0.240123 0.243928 0.193159 0.950362 0.456658
135 0.670371 0.668167 -0.322732 0.37335 -0.696961 0.716246 0.0351694 -0.241229 0.254655 0.201355 0.945837 0.460436
136 0.666259 0.659358 -0.348346 0.381229 -0.693246 0.719777 0.0364862 -0.243579 0.274789 0.21718 0.936656 0.468588
137 0.659208 0.653922 -0.371256 0.392357 -0.694305 0.718903 0.0334415 -0.244054 0.288766 0.23572 0.927928 0.476733
138 0.652181 0.653641 -0.383944 0.401247 -0.696968 0.716226 0.0354354 -0.246011 0.298153 0.244486 0.922676 0.481998
139 0.641059 0.656811 -0.397042 0.409289 -0.702255 0.710696 0.0418241 -0.243491 0.309646 0.252013 0.916847 0.489602
140 0.6247 0.667594 -0.405054 0.417702 -0.710208 0.701375 0.06065 -0.243809 0.324584 0.249784 0.912279 0.498854
141 0.615185 0.670976 -0.41393 0.425128 -0.710869 0.699122 0.0767717 -0.243563 0.3409 0.247021 0.907065 0.507819
142 0.615118 0.668337 -0.418278 0.429692 -0.706732 0.702565 0.0832615 -0.242643 0.349514 0.244395 0.904495 0.512251
143 0.618674 0.656258 -0.431935 0.437083 -0.69093 0.716182 0.0984866 -0.240546 0.373976 0.237506 0.896511 0.521206
144 0.630265 0.632589 -0.450108 0.447529 -0.666282 0.738317 0.104678 -0.239884 0.39854 0.233924 0.886818 0.529342
145 0.636532 0.618763 -0.460392 0.452357 -0.652293 0.750419 0.106705 -0.238249 0.411511 0.232389 0.88128 0.533086
146 0.650429 0.583831 -0.485884 0.46341 -0.613571 0.780925 0.116991 -0.236955 0.447742 0.22203 0.866158 0.540888
147 0.659643 0.548187 -0.514163 0.474667 -0.574951 0.808655 0.124536 -0.233935 0.484049 0.213469 0.848603 0.549053
148 0.661705 0.536732 -0.523512 0.480233 -0.562393 0.81708 0.126864 -0.233728 0.495844 0.210473 0.84252 0.554242
149 0.67508 0.499825 -0.542626 0.48822 -0.521609 0.84352 0.128053 -0.228826 0.52172 0.196592 0.830156 0.560079
150 0.678181 0.463778 -0.570071 0.501589 -0.479529 0.867088 0.134947 -0.226155 0.556887 0.181847 0.810437 0.567731
151 0.680906 0.448929 -0.578645 0.505089 -0.461627 0.876466 0.136779 -0.22435 0.568566 0.173985 0.804029 0.570994
152 0.680728 0.413791 -0.604472 0.515609 -0.421236 0.896216 0.139128 -0.221526 0.599308 0.159917 0.784383 0.577962
153 0.684887 0.3673 -0.629302 0.524136 -0.370244 0.919277 0.133601 -0.21761 0.627575 0.141493 0.765591 0.582199
154 0.684746 0.340377 -0.644412 0.5298 -0.338415 0.931624 0.132485 -0.216532 0.645444 0.12736 0.753114 0.585161
155 0.68724 0.28101 -0.669877 0.539474 -0.26982 0.954923 0.123771 -0.214076 0.674461 0.0956853 0.732083 0.589387
156 0.688234 0.224322 -0.689938 0.550289 -0.19995 0.972815 0.116838 -0.209367 0.697391 0.057541 0.714377 0.594331
157 0.689912 0.167426 -0.704265 0.5605 -0.125982 0.985809 0.110942 -0.205105 0.712846 0.0121845 0.701215 0.599569
158 0.69201 0.140448 -0.708093 0.563276 -0.0937404 0.990069 0.104766 -0.203186 0.715775 -0.00612244 0.698304 0.602873
159 0.693607 0.0788091 -0.71603 0.573406 -0.0169741 0.99551 0.0931273 -0.198514 0.720153 -0.0524398 0.69183 0.606392
160 0.693448 0.0502054 -0.718756 0.57755 0.0186705 0.995982 0.0875829 -0.19475 0.720265 -0.0741537 0.689724 0.607298
161 0.691068 0.00426546 -0.722777 0.586943 0.0806785 0.993278 0.0830008 -0.191457 0.718273 -0.115672 0.686079 0.612211
162 0.689083 -0.0567923 -0.722453 0.594358 0.151967 0.986083 0.0674316 -0.186928 0.708569 -0.156255 0.688124 0.616431
163 0.688395 -0.101122 -0.718253 0.603763 0.196884 0.979107 0.0508513 -0.181101 0.698104 -0.176418 0.693922 0.621356
164 0.69277 -0.138724 -0.70769 0.612507 0.236506 0.970755 0.0412281 -0.177618 0.681275 -0.195934 0.705319 0.622109
165 0.692754 -0.157956 -0.703663 0.616468 0.258446 0.965288 0.0377542 -0.176346 0.673274 -0.208013 0.70953 0.62401
166 0.694505 -0.199699 -0.691219 0.625054 0.300542 0.9534 0.0265255 -0.173815 0.653711 -0.226163 0.722159 0.628343
167 0.696668 -0.244572 -0.674417 0.634124 0.344048 0.938833 0.0149388 -0.170498 0.629511 -0.242439 0.7382 0.630035
168 0.695614 -0.290555 -0.657038 0.642387 0.387909 0.921692 0.00309372 -0.168393 0.604688 -0.257023 0.753851 0.632783
169 0.695766 -0.313662 -0.646162 0.647138 0.408108 0.912926 -0.00371835 -0.165116 0.591065 -0.261117 0.763191 0.632417
170 0.697169 -0.352093 -0.624489 0.655678 0.445084 0.895453 -0.00798069 -0.162735 0.56201 -0.272386 0.780993 0.634693
171 0.691402 -0.38994 -0.608202 0.663722 0.480312 0.876947 -0.0162243 -0.15914 0.539688 -0.28091 0.793616 0.637933
172 0.695186 -0.413998 -0.587641 0.672012 0.50008 0.865785 -0.0183531 -0.155921 0.516369 -0.281109 0.808913 0.637632
173 0.693717 -0.439153 -0.570877 0.678312 0.522738 0.852249 -0.0203813 -0.151977 0.49548 -0.284281 0.820782 0.640045
174 0.69089 -0.462554 -0.555621 0.685165 0.543308 0.839217 -0.0230674 -0.148736 0.476957 -0.285936 0.831115 0.640259
175 0.68869 -0.476034 -0.546899 0.690855 0.558144 0.829522 -0.0191865 -0.146682 0.462798 -0.292035 0.836979 0.641359
176 0.686679 -0.481552 -0.544591 0.692709 0.564585 0.825183 -0.0177753 -0.14523 0.457948 -0.295262 0.838513 0.642994
177 0.68634 -0.487348 -0.539842 0.696854 0.572849 0.819579 -0.0115782 -0.142893 0.448086 -0.301301 0.841687 0.643461
178 0.689698 -0.487479 -0.535426 0.698267 0.575889 0.817524 -0.00249408 -0.1398 0.438939 -0.306626 0.844579 0.644827
179 0.699233 -0.4775 -0.53204 0.699151 0.568553 0.822598 0.00894754 -0.137682 0.433383 -0.308749 0.846672 0.646625
180 0.723525 -0.449986 -0.523474 0.700752 0.542893 0.839305 0.0288863 -0.137155 0.426355 -0.30509 0.851552 0.648228
181 0.746412 -0.420426 -0.51586 0.701942 0.515539 0.855479 0.0487327 -0.135175 0.420819 -0.30232 0.855286 0.64993
182 0.756586 -0.404504 -0.513765 0.702749 0.501313 0.863282 0.0585591 -0.134835 0.419836 -0.301862 0.85593 0.652094
183 0.770841 -0.376097 -0.514155 0.704079 0.478041 0.874986 0.0766565 -0.133432 0.421048 -0.304877 0.854265 0.655905
184 0.787272 -0.350083 -0.507588 0.703272 0.453108 0.886782 0.0911609 -0.132462 0.418206 -0.30176 0.856764 0.658029
185 0.794274 -0.331483 -0.509163 0.704532 0.437435 0.893604 0.100613 -0.131151 0.421639 -0.30264 0.854769 0.659498
186 0.799568 -0.321147 -0.507499 0.703622 0.427442 0.897896 0.105245 -0.130714 0.421882 -0.301077 0.855201 0.659963
187 0.803998 -0.308802 -0.508161 0.705131 0.414932 0.903485 0.107459 -0.128663 0.425932 -0.297249 0.854532 0.664151
188 0.811449 -0.288682 -0.508147 0.705171 0.394524 0.912051 0.111865 -0.129513 0.431163 -0.291249 0.853975 0.663595
189 0.81864 -0.275688 -0.50381 0.704168 0.379132 0.918353 0.113522 -0.128473 0.431378 -0.283944 0.856323 0.664391
190 0.831502 -0.247026 -0.497577 0.705675 0.34828 0.929614 0.120498 -0.13009 0.432789 -0.27349 0.859009 0.664992
191 0.835843 -0.225612 -0.500465 0.707409 0.325725 0.93765 0.121307 -0.130496 0.441893 -0.264408 0.857216 0.667794
192 0.838724 -0.211037 -0.502002 0.706948 0.308558 0.94376 0.118779 -0.130428 0.448703 -0.254519 0.856671 0.66651
193 0.843393 -0.182406 -0.505387 0.707126 0.276273 0.953963 0.116739 -0.133209 0.460827 -0.238081 0.85496 0.665619
194 0.843847 -0.151546 -0.514738 0.706889 0.239148 0.964963 0.107955 -0.134803 0.480343 -0.214196 0.850524 0.664304
195 0.845038 -0.135206 -0.51733 0.705972 0.219304 0.970022 0.104706 -0.136901 0.487664 -0.201933 0.849357 0.661059
196 0.845216 -0.0969834 -0.525551 0.705547 0.176948 0.978714 0.103967 -0.140267 0.504281 -0.18087 0.844385 0.660642
197 0.845845 -0.0767483 -0.527879 0.704714 0.153151 0.982872 0.102501 -0.141809 0.510971 -0.167545 0.843112 0.660041
198 0.84226 -0.0451999 -0.537174 0.703999 0.114642 0.988703 0.0965592 -0.146327 0.526741 -0.142911 0.837927 0.658089
199 0.834893 -0.0207673 -0.550021 0.703234 0.0788778 0.993488 0.0822194 -0.150155 0.544732 -0.112029 0.831094 0.653811
200 0.832061 -0.00924066 -0.554608 0.703462 0.0664211 0.994327 0.0830824 -0.155868 0.550694 -0.105967 0.827954 0.651861
201 0.830933 0.0140203 -0.556196 0.703713 0.0325761 0.996741 0.0737926 -0.160188 0.555419 -0.0794354 0.827768 0.647976
202 0.825568 0.016292 -0.564067 0.705023 0.0220941 0.997883 0.0611589 -0.165597 0.56387 -0.0629534 0.823461 0.644677
203 0.822282 0.0167415 -0.568833 0.705912 0.0163949 0.998455 0.0530856 -0.167467 0.568843 -0.0529773 0.820738 0.642072
204 0.821625 0.0292195 -0.569279 0.709365 -0.00393382 0.998952 0.0455959 -0.171312 0.570015 -0.0352233 0.820879 0.63523
205 0.822807 0.0368624 -0.567125 0.710021 -0.0147111 0.998941 0.0435865 -0.173248 0.568131 -0.0275203 0.822478 0.634722
206 0.820674 0.0410666 -0.569919 0.711797 -0.0266367 0.999079 0.0336342 -0.17766 0.570775 -0.0124219 0.821013 0.631827
207 0.817004 0.0402874 -0.575224 0.714352 -0.0344163 0.999185 0.0210984 -0.181538 0.575605 0.00255959 0.817724 0.626433
208 0.814498 0.0401057 -0.578778 0.715718 -0.0389189 0.999138 0.0144645 -0.182919 0.578859 0.010744 0.815357 0.624368
209 0.815101 0.0446613 -0.577594 0.719925 -0.0509086 0.998689 0.00537939 -0.187792 0.577077 0.0250198 0.816306 0.618667
210 0.818432 0.0530464 -0.572149 0.721267 -0.0603515 0.998158 0.00621362 -0.189593 0.571425 0.0294446 0.820126 0.615219
211 0.818308 0.0638298 -0.571224 0.723015 -0.0717991 0.997382 0.00859363 -0.194468 0.570277 0.0339811 0.820749 0.614048
212 0.814988 0.0649708 -0.575824 0.724208 -0.0757005 0.997116 0.00536347 -0.196078 0.574512 0.039219 0.817556 0.610705
213 0.809033 0.0792175 -0.5824 0.728216 -0.0977923 0.995207 -0.000479818 -0.197366 0.579571 0.0573425 0.812902 0.605488
214 0.808758 0.106259 -0.578463 0.733573 -0.129829 0.991536 0.000620547 -0.19965 0.573633 0.0745995 0.815708 0.596418
215 0.808081 0.123371 -0.576007 0.733729 -0.14315 0.989638 0.011138 -0.208675 0.571413 0.0734553 0.817369 0.596645
216 0.799879 0.146774 -0.581937 0.736848 -0.171016 0.985177 0.013414 -0.213262 0.57528 0.0887908 0.813123 0.58962
217 0.79382 0.161168 -0.586409 0.738536 -0.187534 0.982127 0.0160625 -0.214743 0.578517 0.097221 0.809856 0.585762
218 0.783486 0.19404 -0.590338 0.741029 -0.225325 0.974055 0.021117 -0.218047 0.579119 0.116473 0.80688 0.579523
219 0.771738 0.217155 -0.597715 0.743046 -0.256338 0.966378 0.0201235 -0.221436 0.581989 0.137687 0.801456 0.573945
220 0.765779 0.22891 -0.600984 0.741125 -0.268022 0.96308 0.025314 -0.229337 0.584591 0.141692 0.79886 0.571372
221 0.749197 0.237758 -0.618203 0.743038 -0.284915 0.958271 0.0232593 -0.232159 0.597936 0.15871 0.785674 0.565283
222 0.730351 0.254297 -0.633972 0.745039 -0.310279 0.950349 0.0237514 -0.234662 0.608534 0.179361 0.772991 0.557517
223 0.720895 0.260516 -0.642217 0.746718 -0.31882 0.947446 0.0264538 -0.235089 0.615357 0.185681 0.766067 0.556978
224 0.711109 0.272756 -0.648019 0.747519 -0.33049 0.943185 0.0343284 -0.237539 0.620565 0.189752 0.76085 0.550638
225 0.69929 0.290178 -0.653292 0.746934 -0.346105 0.93708 0.0457563 -0.238484 0.625464 0.19411 0.755722 0.55072
226 0.686213 0.296763 -0.664111 0.74596 -0.352137 0.934407 0.0536902 -0.238734 0.636484 0.197015 0.745703 0.551272
227 0.677868 0.30129 -0.670611 0.744812 -0.357935 0.93201 0.0569222 -0.238631 0.642166 0.201449 0.739622 0.550768
228 0.662691 0.30407 -0.684384 0.745462 -0.360474 0.930544 0.06439 -0.238323 0.656429 0.204032 0.726273 0.552414
229 0.644923 0.316292 -0.695725 0.744841 -0.368776 0.926139 0.0791959 -0.239752 0.669387 0.205491 0.713929 0.551792
230 0.629686 0.323796 -0.706153 0.741751 -0.373686 0.92317 0.0900861 -0.238431 0.681069 0.207153 0.702305 0.549523
231 0.607331 0.33219 -0.721664 0.739366 -0.379661 0.9193 0.103653 -0.237942 0.697859 0.211036 0.684439 0.550593
232 0.590436 0.340793 -0.731605 0.735624 -0.38546 0.915484 0.115365 -0.237321 0.709088 0.213889 0.671897 0.550644
233 0.575482 0.344774 -0.741587 0.73137 -0.385714 0.914026 0.125625 -0.237181 0.721142 0.213745 0.65899 0.550187
234 0.556392 0.345783 -0.755554 0.727315 -0.385654 0.912891 0.133793 -0.236614 0.736002 0.216941 0.641278 0.55108
235 0.538041 0.352641 -0.765608 0.723852 -0.389063 0.909638 0.145563 -0.235544 0.747758 0.219551 0.626622 0.552389
236 0.52414 0.355346 -0.773955 0.71831 -0.388319 0.908539 0.154159 -0.234639 0.757948 0.219741 0.61419 0.554271
237 0.50634 0.355249 -0.78576 0.714772 -0.382964 0.909051 0.164211 -0.23362 0.772631 0.217771 0.596336 0.556236
238 0.494906 0.364156 -0.78896 0.709509 -0.386133 0.905546 0.175751 -0.232844 0.77844 0.217663 0.588773 0.558171
239 0.488475 0.369562 -0.790453 0.706537 -0.382012 0.905028 0.187058 -0.231757 0.784512 0.210589 0.583261 0.559762
240 0.486505 0.375951 -0.788653 0.701338 -0.380064 0.903865 0.196417 -0.230446 0.786679 0.204181 0.58262 0.562669
241 0.483693 0.373612 -0.791489 0.696655 -0.37329 0.906001 0.199542 -0.229524 0.791641 0.198938 0.577692 0.56512
242 0.481507 0.376859 -0.791283 0.692438 -0.37194 0.905368 0.204863 -0.228337 0.793607 0.195667 0.57611 0.567621
243 0.48017 0.377609 -0.791738 0.686701 -0.370042 0.905553 0.207469 -0.226942 0.795302 0.193356 0.57455 0.570176
244 0.478012 0.373195 -0.795129 0.680859 -0.364971 0.907792 0.206662 -0.225572 0.798938 0.191412 0.570141 0.572744
245 0.47565 0.373755 -0.796282 0.675148 -0.361225 0.908385 0.210599 -0.224121 0.802043 0.187466 0.567083 0.576051
246 0.479693 0.379055 -0.791335 0.666903 -0.366226 0.906053 0.212006 -0.222524 0.797354 0.18811 0.573447 0.581245
247 0.482695 0.380118 -0.788997 0.664149 -0.365111 0.906218 0.213223 -0.222759 0.796052 0.18515 0.576212 0.584911
248 0.492392 0.370992 -0.787347 0.656807 -0.3582 0.910824 0.205163 -0.22085 0.793248 0.181007 0.581372 0.590188
249 0.505779 0.35842 -0.78468 0.647348 -0.344107 0.917927 0.197483 -0.218993 0.791061 0.170131 0.587603 0.592028
250 0.512696 0.344523 -0.786414 0.639155 -0.331413 0.924381 0.188903 -0.217786 0.792028 0.163778 0.588106 0.596771
251 0.527433 0.325391 -0.784815 0.63164 -0.317929 0.932226 0.172845 -0.216516 0.787868 0.158352 0.595138 0.601244
252 0.539271 0.307534 -0.783971 0.624361 -0.304298 0.939195 0.159107 -0.215205 0.785232 0.152759 0.600063 0.605969
253 0.555607 0.280938 -0.782544 0.618873 -0.284557 0.948599 0.138517 -0.211152 0.781235 0.145717 0.606991 0.609891
254 0.565086 0.270551 -0.77941 0.615491 -0.274025 0.95262 0.132003 -0.210706 0.778195 0.138985 0.612451 0.612679
255 0.586435 0.249184 -0.770715 0.609178 -0.254485 0.960004 0.116747 -0.208204 0.768981 0.12767 0.626394 0.617187
256 0.613327 0.226288 -0.756719 0.601956 -0.219172 0.969215 0.112192 -0.206534 0.758811 0.0970409 0.644042 0.623127
257 0.635123 0.198993 -0.746338 0.59563 -0.176536 0.978067 0.110548 -0.201608 0.751967 0.0615439 0.656322 0.628526
258 0.645882 0.187285 -0.740108 0.593171 -0.153925 0.98148 0.114036 -0.200046 0.747759 0.0402675 0.662748 0.630765
259 0.657179 0.17478 -0.73319 0.58597 -0.127257 0.984508 0.120626 -0.195518 0.742914 0.0140309 0.669239 0.639541
260 0.679022 0.170095 -0.71414 0.578191 -0.110567 0.985386 0.129571 -0.191372 0.725743 -0.00902118 0.687906 0.648365
261 0.692073 0.162344 -0.703335 0.57429 -0.095664 0.986414 0.133552 -0.187567 0.71546 -0.025144 0.698201 0.648015
262 0.707024 0.132275 -0.694709 0.566046 -0.0484081 0.9891 0.139062 -0.183147 0.705531 -0.0646907 0.705721 0.657548
263 0.715673 0.107472 -0.690117 0.560947 -0.0175619 0.990547 0.136046 -0.180179 0.698214 -0.0852448 0.710795 0.663997
264 0.731562 0.0709869 -0.678069 0.555899 0.0314966 0.989984 0.137622 -0.17665 0.681047 -0.122036 0.721999 0.669383
265 0.7408 0.0465079 -0.670114 0.553298 0.0614772 0.988719 0.136582 -0.171047 0.668907 -0.142377 0.729584 0.672878
266 0.758754 0.0118409 -0.65127 0.5477 0.104817 0.984586 0.140016 -0.166038 0.642889 -0.174502 0.745817 0.683688
267 0.76787 -0.00125755 -0.640604 0.544987 0.120651 0.982386 0.142691 -0.163847 0.629141 -0.186858 0.754497 0.687612
268 0.780664 -0.0145006 -0.624783 0.534841 0.137451 0.979235 0.149018 -0.155376 0.609648 -0.20221 0.766446 0.699533
269 0.787015 -0.0204113 -0.616596 0.531039 0.146786 0.976946 0.155016 -0.155323 0.599217 -0.212508 0.771868 0.704439
270 0.794706 -0.0350746 -0.605981 0.524896 0.162633 0.974132 0.1569 -0.152983 0.584802 -0.223242 0.779852 0.714536
271 0.800618 -0.0391172 -0.597897 0.521632 0.163788 0.974149 0.155588 -0.151613 0.576354 -0.222495 0.786328 0.720316
272 0.814634 -0.038596 -0.578689 0.513723 0.156163 0.97553 0.154771 -0.148403 0.558555 -0.216452 0.800728 0.730459
273 0.822466 -0.0380492 -0.567541 0.509916 0.154593 0.975156 0.158656 -0.148804 0.547404 -0.218227 0.807915 0.734395
274 0.833426 -0.0395968 -0.551211 0.503409 0.155127 0.974089 0.164577 -0.148433 0.530412 -0.22267 0.817974 0.742395
275 0.837634 -0.0376315 -0.544935 0.49853 0.1546 0.973165 0.170437 -0.145903 0.523897 -0.22701 0.820974 0.746386
276 0.845696 -0.0224977 -0.533191 0.489776 0.144786 0.97131 0.188661 -0.146282 0.51365 -0.236748 0.82469 0.757558
277 0.851388 -0.0164569 -0.524279 0.486185 0.137136 0.971727 0.192196 -0.146288 0.506293 -0.235531 0.829573 0.759883
278 0.853817 -0.00947708 -0.520487 0.482955 0.132256 0.970978 0.199275 -0.145323 0.503493 -0.238982 0.83029 0.761824
279 0.856407 -0.00249867 -0.516295 0.473689 0.13106 0.968286 0.212711 -0.144594 0.49939 -0.249833 0.829574 0.771906
280 0.859821 6.28435e-05 -0.510595 0.470667 0.1276 0.968244 0.214992 -0.144371 0.494394 -0.250007 0.832509 0.774861
281 0.86432 0.00441538 -0.502923 0.46705 0.122995 0.967744 0.219874 -0.144321 0.487671 -0.251898 0.835897 0.777374
282 0.869843 0.00552824 -0.493298 0.459746 0.123063 0.965894 0.227824 -0.143148 0.477733 -0.258878 0.839496 0.783169
283 0.873017 0.00322038 -0.48768 0.45596 0.125293 0.964933 0.230664 -0.14262 0.471321 -0.262477 0.841999 0.784393
284 0.874769 0.0043336 -0.484521 0.45249 0.126064 0.963488 0.236216 -0.141849 0.467854 -0.267715 0.842283 0.785931
285 0.87874 0.00557342 -0.477267 0.443341 0.124785 0.962471 0.240993 -0.141789 0.460699 -0.271326 0.845067 0.792101
286 0.880788 0.00419636 -0.473492 0.439739 0.12303 0.96359 0.2374 -0.141284 0.457248 -0.267353 0.848202 0.792885
287 0.882701 0.00787742 -0.469869 0.43561 0.117312 0.96451 0.236554 -0.141358 0.455057 -0.263927 0.85045 0.792851
288 0.884145 0.00948495 -0.467116 0.430182 0.114278 0.965035 0.235898 -0.141363 0.453021 -0.261949 0.852147 0.793097
289 0.888315 0.00501161 -0.459208 0.420433 0.113707 0.966404 0.230508 -0.141567 0.444936 -0.256979 0.857901 0.794686
290 0.891509 0.00346438 -0.452989 0.415986 0.111681 0.967424 0.227194 -0.142009 0.43902 -0.253136 0.862081 0.795024
291 0.897129 0.00139687 -0.441766 0.410521 0.107872 0.969032 0.222127 -0.141661 0.428396 -0.246931 0.869196 0.793251
292 0.901851 0.00237391 -0.432041 0.405465 0.103832 0.969487 0.222068 -0.141943 0.419386 -0.245132 0.874086 0.792373
293 0.910549 -0.00191811 -0.413396 0.394681 0.101591 0.970363 0.219262 -0.143747 0.400724 -0.241646 0.883758 0.79007
294 0.913862 -0.00387693 -0.406007 0.389456 0.102045 0.970051 0.220425 -0.143826 0.392993 -0.242868 0.886889 0.786562
295 0.916099 -0.000957814 -0.400951 0.383605 0.100547 0.968593 0.227417 -0.145311 0.38814 -0.248651 0.887423 0.786389
296 0.919495 -0.00427473 -0.393078 0.377389 0.101176 0.968827 0.226137 -0.145958 0.379858 -0.247702 0.891264 0.786582
297 0.923604 -0.0118976 -0.383163 0.372094 0.104632 0.969391 0.222112 -0.147046 0.368792 -0.245234 0.896578 0.78311
298 0.92859 -0.00701791 -0.371042 0.361204 0.0976736 0.969192 0.226112 -0.148344 0.358024 -0.246206 0.900667 0.778531
299 0.931502 -0.00478285 -0.363705 0.353866 0.094169 0.968993 0.228438 -0.150291 0.351335 -0.24704 0.90307 0.776834
300 0.933747 -0.00478704 -0.357901 0.347832 0.0927696 0.968979 0.229071 -0.150849 0.345702 -0.247097 0.905225 0.774292
301 0.935222 -0.00567705 -0.354016 0.341548 0.0927609 0.968875 0.229514 -0.151453 0.341694 -0.247486 0.90664 0.773081
302 0.93657 -0.00794035 -0.350391 0.335496 0.0934129 0.969235 0.227722 -0.153224 0.337803 -0.246008 0.908498 0.771312
303 0.937972 -0.00870359 -0.346601 0.330242 0.0913915 0.970536 0.222952 -0.153287 0.334449 -0.240799 0.911131 0.768805
304 0.942493 0.00667183 -0.334158 0.319067 0.0733524 0.971296 0.226283 -0.15464 0.326076 -0.237782 0.91495 0.765631
305 0.945142 0.00909324 -0.326534 0.312597 0.0694399 0.971173 0.228037 -0.15595 0.319194 -0.238201 0.917265 0.764266
306 0.946528 0.00803437 -0.322522 0.306724 0.0695515 0.971101 0.228309 -0.156264 0.315036 -0.238533 0.918616 0.762773
307 0.947103 0.0104085 -0.320761 0.300897 0.0675692 0.970603 0.231006 -0.156192 0.313736 -0.24046 0.918558 0.761713
308 0.947332 0.0145469 -0.319922 0.295182 0.0644586 0.969863 0.23497 -0.157209 0.313699 -0.243216 0.917845 0.761834
309 0.947942 0.0171668 -0.31798 0.290094 0.0610452 0.97023 0.234364 -0.157717 0.312537 -0.241575 0.918674 0.761849
310 0.949141 0.020025 -0.314213 0.285061 0.0566363 0.970837 0.232953 -0.157854 0.309714 -0.238902 0.920328 0.761417
311 0.951454 0.0260968 -0.306682 0.27497 0.0486522 0.971121 0.233576 -0.158816 0.303921 -0.237157 0.922707 0.761096
312 0.952683 0.0257805 -0.30287 0.270848 0.047857 0.971248 0.233209 -0.159196 0.300174 -0.236668 0.924058 0.7615
313 0.954316 0.0218096 -0.298003 0.267221 0.0503369 0.971344 0.232286 -0.15957 0.29453 -0.236675 0.925871 0.761567
314 0.956143 0.0154173 -0.292496 0.263109 0.0552947 0.971157 0.231943 -0.159707 0.287635 -0.237944 0.927712 0.761869
315 0.957595 0.00796465 -0.288009 0.259825 0.061661 0.970793 0.231862 -0.159603 0.281444 -0.239788 0.929135 0.76211
316 0.959098 0.00169197 -0.28307 0.256532 0.0673772 0.969879 0.234085 -0.16036 0.274939 -0.243583 0.930094 0.76352
317 0.962521 -0.0184036 -0.270584 0.250616 0.0816167 0.971101 0.224278 -0.16125 0.258637 -0.237957 0.936207 0.765119
318 0.965408 -0.0183727 -0.260096 0.246561 0.0786448 0.971577 0.223279 -0.162282 0.248601 -0.23601 0.939413 0.765882
319 0.967924 -0.021201 -0.250348 0.243007 0.0779208 0.972632 0.218898 -0.162924 0.238856 -0.231384 0.943085 0.766953
320 0.969158 -0.0297826 -0.244635 0.240451 0.0836592 0.973483 0.212914 -0.164042 0.231807 -0.226813 0.94595 0.7665
321 0.969283 -0.0416883 -0.242388 0.23783 0.0942027 0.973302 0.209308 -0.165111 0.227191 -0.225713 0.947332 0.766049
322 0.968658 -0.05528 -0.242169 0.234724 0.107393 0.972297 0.207617 -0.165314 0.223983 -0.227117 0.94776 0.764577
323 0.968015 -0.0633515 -0.242762 0.230309 0.116616 0.970333 0.211788 -0.165745 0.222143 -0.233324 0.946685 0.763967
324 0.968063 -0.0662281 -0.2418 0.226641 0.12025 0.968952 0.216036 -0.166416 0.219985 -0.238213 0.945971 0.76497
325 0.968934 -0.0695475 -0.237342 0.22015 0.122966 0.968099 0.218322 -0.166289 0.214586 -0.240725 0.946575 0.76382
326 0.967576 -0.0722321 -0.242031 0.216261 0.127838 0.966487 0.222623 -0.16643 0.217839 -0.246345 0.944383 0.763723
327 0.965251 -0.0737302 -0.250707 0.213342 0.131947 0.965607 0.224037 -0.166082 0.225566 -0.249332 0.941782 0.764137
328 0.965469 -0.0714702 -0.250522 0.209988 0.13018 0.965319 0.226303 -0.166182 0.225659 -0.251101 0.94129 0.763955
329 0.966713 -0.0701329 -0.246065 0.206283 0.128706 0.964461 0.230758 -0.165896 0.221136 -0.254747 0.941383 0.763622
330 0.965956 -0.0814602 -0.245548 0.200512 0.141976 0.960354 0.239922 -0.165276 0.216269 -0.266616 0.939225 0.765834
331 0.965522 -0.0914581 -0.243726 0.19762 0.151701 0.958525 0.24128 -0.164488 0.211551 -0.269935 0.939352 0.766514
332 0.965539 -0.0923864 -0.243308 0.194861 0.152903 0.957885 0.243059 -0.164043 0.210606 -0.271886 0.939001 0.768166
333 0.967888 -0.0881988 -0.235402 0.191579 0.146442 0.958954 0.242822 -0.163466 0.204323 -0.269497 0.941076 0.769557
334 0.970729 -0.0842008 -0.224933 0.188154 0.140299 0.958929 0.246518 -0.163531 0.194938 -0.27086 0.942674 0.768997
335 0.971854 -0.0837387 -0.220198 0.184476 0.140218 0.956712 0.255032 -0.163603 0.18931 -0.27873 0.941526 0.769807
336 0.971109 -0.0920536 -0.220165 0.181391 0.148992 0.954571 0.258062 -0.162507 0.186407 -0.28341 0.940708 0.772131
337 0.972408 -0.100078 -0.21073 0.173942 0.153852 0.954137 0.256813 -0.161506 0.175364 -0.282148 0.943207 0.774978
338 0.975278 -0.0985308 -0.197801 0.16848 0.148409 0.955241 0.255911 -0.161659 0.163732 -0.278939 0.946248 0.776403
339 0.976888 -0.10239 -0.187635 0.166272 0.148004 0.95735 0.248143 -0.160577 0.154225 -0.270179 0.950378 0.77683
340 0.977465 -0.110898 -0.179619 0.162172 0.15323 0.958005 0.242377 -0.160717 0.145196 -0.264438 0.95341 0.77669
341 0.977801 -0.117099 -0.173759 0.158616 0.157564 0.957561 0.241351 -0.161814 0.138123 -0.263371 0.954755 0.777806
342 0.978879 -0.123714 -0.16276 0.154433 0.160431 0.958304 0.236463 -0.161938 0.12672 -0.25758 0.957912 0.778989
343 0.980167 -0.130611 -0.149043 0.151269 0.163138 0.95878 0.232652 -0.163153 0.112513 -0.252352 0.961072 0.779073
344 0.982444 -0.134591 -0.129184 0.146734 0.161905 0.95915 0.231989 -0.164357 0.0926828 -0.248831 0.964102 0.780332
345 0.984415 -0.133942 -0.113957 0.143862 0.15745 0.959919 0.231873 -0.165037 0.0783316 -0.246202 0.966048 0.781112
346 0.986005 -0.134173 -0.0989574 0.142377 0.154089 0.960033 0.233654 -0.165938 0.0636522 -0.245632 0.967271 0.78172
347 0.985999 -0.14024 -0.0902177 0.143035 0.157973 0.958807 0.236081 -0.166082 0.0533933 -0.247028 0.967536 0.782763
348 0.985162 -0.148511 -0.0860206 0.144118 0.165026 0.957354 0.237151 -0.165574 0.0471327 -0.247828 0.967657 0.783807
349 0.984947 -0.153484 -0.0795059 0.143255 0.168405 0.955745 0.241228 -0.166007 0.0389627 -0.250986 0.967206 0.785353
350 0.985571 -0.1586 -0.0591186 0.137209 0.168379 0.954286 0.246955 -0.166321 0.0172489 -0.253346 0.967222 0.787494
351 0.985259 -0.163362 -0.0507686 0.138621 0.170912 0.952739 0.251151 -0.166139 0.0073406 -0.256126 0.966616 0.789441
352 0.984849 -0.16593 -0.0503938 0.141068 0.173342 0.950311 0.258576 -0.166754 0.00498435 -0.263393 0.964676 0.790525
353 0.984719 -0.168716 -0.0431635 0.139385 0.174088 0.947046 0.269808 -0.167125 -0.0046432 -0.2732 0.961946 0.793827
354 0.984377 -0.173128 -0.0320669 0.136997 0.17521 0.945156 0.275648 -0.165575 -0.0174144 -0.27696 0.960724 0.796942
355 0.984167 -0.17452 -0.0309482 0.13922 0.176128 0.943393 0.281051 -0.165792 -0.0198527 -0.282052 0.959194 0.798812
356 0.983952 -0.175985 -0.0294659 0.139804 0.176858 0.939964 0.291872 -0.167294 -0.0236682 -0.292399 0.956004 0.801824
357 0.983876 -0.177882 -0.0185763 0.135671 0.17517 0.937465 0.30079 -0.166638 -0.0360906 -0.299194 0.953509 0.805449
358 0.983447 -0.180937 -0.00967743 0.134966 0.175179 0.935786 0.30597 -0.166059 -0.0463053 -0.3026 0.951992 0.809128
359 0.983174 -0.182289 -0.0118443 0.137982 0.176885 0.933822 0.310947 -0.166307 -0.0456218 -0.30781 0.950353 0.81104
360 0.98321 -0.181658 -0.0172829 0.140218 0.177585 0.93076 0.319608 -0.167089 -0.0419731 -0.317311 0.947392 0.813261
361 0.983855 -0.177961 -0.018947 0.139439 0.174144 0.927551 0.330641 -0.1683 -0.0412668 -0.328602 0.943567 0.817297
362 0.984307 -0.175501 -0.0183988 0.138782 0.171365 0.925783 0.336986 -0.168423 -0.0421081 -0.334851 0.94133 0.820225
363 0.984753 -0.172874 -0.0194105 0.139029 0.169012 0.924345 0.342083 -0.168598 -0.0411952 -0.340148 0.939469 0.822689
364 0.984935 -0.172439 -0.0129115 0.13559 0.166147 0.923011 0.347054 -0.169739 -0.0479283 -0.343971 0.937756 0.826293
365 0.984609 -0.174662 -0.00620551 0.134566 0.166066 0.923908 0.344698 -0.170025 -0.0544722 -0.340423 0.938693 0.83035
366 0.984803 -0.17357 -0.00597626 0.137784 0.164935 0.923919 0.345209 -0.172614 -0.0543966 -0.340949 0.938507 0.83157
