29 0.99934 -0.0259026 -0.0254566 0.00336095 0.0270847 0.998516 0.0472441 0.000631338 0.0241951 -0.0479024 0.998559 0.0343461
30 0.999299 -0.0297384 -0.0227392 0.00422105 0.0308938 0.998155 0.0522702 0.000494245 0.0211428 -0.0529361 0.998374 0.038332
31 0.999088 -0.037079 -0.0211886 0.00350989 0.0382013 0.99774 0.0552799 0.00140881 0.019091 -0.0560389 0.998246 0.0416089
32 0.999098 -0.0359643 -0.0225791 0.00371588 0.0372248 0.997614 0.0581394 0.00240697 0.0204342 -0.0589275 0.998053 0.0424427
33 0.998785 -0.04409 -0.0220183 0.00427264 0.0454245 0.996895 0.0643184 0.000977382 0.0191141 -0.0652405 0.997686 0.0480869
34 0.998654 -0.047201 -0.0214814 0.00461831 0.048509 0.996699 0.0651073 0.00164456 0.0183374 -0.0660618 0.997647 0.0492793
35 0.998267 -0.0547908 -0.0214676 0.00463861 0.0561577 0.996013 0.0693155 0.00186619 0.0175842 -0.0704009 0.997364 0.0531288
36 0.998305 -0.0537975 -0.0222216 0.00565874 0.0552699 0.995869 0.0720435 0.00222422 0.018254 -0.0731495 0.997154 0.0571095
37 0.998407 -0.0529328 -0.0195335 0.00566987 0.0542609 0.995687 0.0752559 0.00201908 0.0154657 -0.0761959 0.996973 0.0587336
38 0.998254 -0.0574449 -0.0137727 0.00502109 0.0583586 0.995152 0.0791678 0.00231064 0.00915809 -0.0798333 0.996766 0.0625377
39 0.99822 -0.058116 -0.0133927 0.00461226 0.059021 0.994892 0.081888 0.00232639 0.00856524 -0.0825327 0.996552 0.0650307
40 0.99814 -0.0590557 -0.0151316 0.00439065 0.0600859 0.99495 0.080404 0.00255739 0.0103069 -0.0811636 0.996647 0.0682145
41 0.998261 -0.0566487 -0.0162787 0.00435959 0.0578507 0.994564 0.0865763 0.00249244 0.0112858 -0.0873675 0.996112 0.0727447
42 0.998263 -0.0566911 -0.0160331 0.00431347 0.0578948 0.994376 0.0886874 0.00251033 0.0109151 -0.0894616 0.99593 0.0753127
43 0.998135 -0.0582695 -0.0181764 0.00323364 0.059649 0.99434 0.0879183 0.00248361 0.0129505 -0.0888386 0.995962 0.0804187
44 0.997987 -0.059663 -0.0214916 0.00330179 0.0613215 0.994296 0.0872609 0.00256355 0.0161628 -0.0884032 0.995954 0.0826476
45 0.997655 -0.0624922 -0.0279067 0.00403103 0.0647779 0.993802 0.0903434 0.00111968 0.022088 -0.0919393 0.99552 0.0878695
46 0.997599 -0.0628373 -0.0291216 0.00428761 0.0652181 0.993832 0.0896863 0.00109758 0.0233064 -0.0913702 0.995544 0.0904056
47 0.997332 -0.0658024 -0.0315929 0.00394776 0.068518 0.993175 0.0943874 0.00175368 0.0251664 -0.0963003 0.995034 0.09492
48 0.99688 -0.0691483 -0.0380653 0.00555226 0.0725278 0.992731 0.0960413 0.00282914 0.0311475 -0.0985024 0.994649 0.100184
49 0.996717 -0.0707917 -0.0393015 0.00592533 0.0744378 0.992124 0.100738 0.00145725 0.0318606 -0.103332 0.994136 0.103481
50 0.995747 -0.0820894 -0.0418299 0.0069026 0.0859252 0.991258 0.100119 0.00258235 0.0332455 -0.103287 0.994096 0.109409
51 0.995178 -0.0865929 -0.0460804 0.00720423 0.0908832 0.990724 0.101025 0.00136925 0.0369049 -0.104725 0.993816 0.114209
52 0.994201 -0.0925238 -0.0548059 0.00827267 0.0977234 0.99004 0.101347 0.0035539 0.044883 -0.106115 0.99334 0.117565
53 0.9938 -0.0937431 -0.059777 0.00983699 0.0996385 0.989493 0.104765 0.00331229 0.0493279 -0.110072 0.992699 0.120874
54 0.993401 -0.0975359 -0.0603489 0.0126466 0.103904 0.988102 0.113393 0.0026445 0.048571 -0.118915 0.991716 0.126902
55 0.993188 -0.101479 -0.0572721 0.0121048 0.107677 0.987134 0.118206 0.000504995 0.0445398 -0.123568 0.991336 0.12895
56 0.992316 -0.106421 -0.0631208 0.0130911 0.113674 0.985575 0.125381 -0.00063894 0.0488671 -0.131592 0.990099 0.135658
57 0.992194 -0.105973 -0.0657366 0.0149379 0.113688 0.985291 0.127578 0.000952985 0.0512499 -0.134056 0.989648 0.137071
58 0.991455 -0.114099 -0.0632346 0.0160802 0.121776 0.983331 0.135018 0.000775396 0.0467751 -0.141565 0.988823 0.14247
59 0.99104 -0.114912 -0.0680795 0.0181869 0.123745 0.981777 0.144228 0.000693064 0.0502653 -0.151361 0.9872 0.148025
60 0.990831 -0.11631 -0.068753 0.0201679 0.12539 0.981112 0.147298 0.000723423 0.0503222 -0.154569 0.9867 0.150799
61 0.990985 -0.117206 -0.0648912 0.0218333 0.125892 0.980355 0.15184 -0.000425186 0.0458198 -0.15864 0.986273 0.156818
62 0.991009 -0.117723 -0.0635757 0.0225984 0.126148 0.980478 0.15083 0.000249198 0.0445783 -0.157494 0.986513 0.158453
63 0.991207 -0.115924 -0.0638025 0.0246242 0.124761 0.979409 0.158725 0.00037765 0.0440887 -0.165289 0.985259 0.162907
64 0.991258 -0.116379 -0.062155 0.0277284 0.125123 0.97865 0.16306 -0.00253299 0.0418512 -0.169412 0.984656 0.164635
65 0.991767 -0.115691 -0.0549018 0.0292399 0.12332 0.978382 0.166012 -0.00207551 0.0345088 -0.171415 0.984594 0.166526
66 0.991383 -0.125566 -0.0373189 0.0302326 0.130157 0.976381 0.17245 -0.0038127 0.0147836 -0.175822 0.984311 0.172913
67 0.991216 -0.127123 -0.0364856 0.0292312 0.13153 0.976372 0.171458 -0.00375462 0.0138272 -0.174751 0.984516 0.174964
68 0.990496 -0.130002 -0.0449116 0.0336998 0.13597 0.974718 0.177304 -0.00322464 0.0207264 -0.181725 0.983131 0.179551
69 0.990333 -0.131642 -0.0437225 0.0358389 0.137402 0.974203 0.179023 -0.00312927 0.0190275 -0.1833 0.982873 0.182133
70 0.99027 -0.13271 -0.0418812 0.0378598 0.138205 0.973093 0.184363 -0.00440532 0.0162876 -0.188357 0.981966 0.188376
71 0.990523 -0.131154 -0.0407662 0.0396937 0.136466 0.973349 0.184305 -0.00313425 0.0155074 -0.188121 0.982023 0.189257
72 0.990243 -0.134617 -0.0360117 0.0424265 0.139027 0.971984 0.189522 -0.00647291 0.00948985 -0.19268 0.981216 0.195892
73 0.990115 -0.135961 -0.0344583 0.0424367 0.140048 0.971816 0.189633 -0.00564488 0.00770436 -0.192584 0.98125 0.197464
74 0.989303 -0.139587 -0.0423577 0.0455575 0.145176 0.970484 0.192573 -0.00629366 0.0142269 -0.196662 0.980368 0.203308
75 0.988761 -0.143123 -0.0432154 0.0465888 0.148836 0.969633 0.194059 -0.00611698 0.0141288 -0.19831 0.980037 0.206029
76 0.988271 -0.145461 -0.0464874 0.0483403 0.151793 0.969008 0.194893 -0.00658628 0.0166973 -0.199664 0.979722 0.210275
77 0.987825 -0.148277 -0.0470731 0.0513056 0.154686 0.968382 0.195728 -0.00559555 0.0165628 -0.200626 0.979528 0.212442
78 0.987431 -0.150947 -0.0468447 0.0534416 0.157334 0.966958 0.200596 -0.00636157 0.0150173 -0.205445 0.978553 0.21718
79 0.987327 -0.154264 -0.037254 0.05668 0.158626 0.966395 0.202286 -0.00528867 0.00479668 -0.205631 0.978618 0.220664
80 0.98723 -0.15591 -0.0326978 0.0580113 0.1593 0.965119 0.207773 -0.00695239 -0.00083672 -0.210329 0.97763 0.225515
81 0.986501 -0.16066 -0.0316968 0.0572622 0.163738 0.964761 0.205977 -0.0069856 -0.00251249 -0.208387 0.978043 0.230113
82 0.986511 -0.159428 -0.0371288 0.0592249 0.163673 0.964381 0.207797 -0.0069052 0.0026776 -0.211071 0.977467 0.2326
83 0.986078 -0.161831 -0.038214 0.0626482 0.166266 0.962754 0.213213 -0.00730446 0.00228626 -0.216598 0.976258 0.240506
84 0.98618 -0.161554 -0.0367222 0.0629433 0.16567 0.963382 0.210827 -0.00697515 0.00131765 -0.213997 0.976833 0.244396
85 0.986439 -0.16007 -0.0362803 0.0607532 0.164124 0.963765 0.210286 -0.00751801 0.00130538 -0.213388 0.976967 0.244669
86 0.985211 -0.164083 -0.0493654 0.0640099 0.170839 0.962827 0.209231 -0.00766996 0.0131992 -0.21457 0.976619 0.25376
87 0.985464 -0.162272 -0.0502817 0.0667912 0.169246 0.963395 0.207907 -0.00747921 0.0147036 -0.213395 0.976855 0.255674
88 0.985976 -0.16159 -0.0417178 0.0647312 0.166742 0.964299 0.205727 -0.00759336 0.0069849 -0.209798 0.97772 0.264819
89 0.985791 -0.162118 -0.0439721 0.0635447 0.167724 0.964311 0.204875 -0.00716149 0.00918897 -0.209339 0.9778 0.264104
90 0.984887 -0.16215 -0.0608742 0.0686629 0.171593 0.961256 0.215735 -0.00699613 0.0235343 -0.22292 0.974553 0.272481
91 0.984995 -0.162774 -0.0573471 0.0715997 0.171485 0.96051 0.219122 -0.00649975 0.0194152 -0.225668 0.974011 0.275936
92 0.985693 -0.161593 -0.0479257 0.0696896 0.1683 0.9591 0.227602 -0.00763069 0.00918663 -0.232411 0.972574 0.28366
93 0.985543 -0.161668 -0.0506885 0.0700745 0.169027 0.95876 0.228494 -0.00690812 0.0116578 -0.233759 0.972225 0.28577
94 0.985455 -0.161085 -0.0541365 0.0716129 0.169334 0.957637 0.232931 -0.00682202 0.0143216 -0.23871 0.970985 0.288697
95 0.984895 -0.164515 -0.0540002 0.072984 0.17271 0.955634 0.238609 -0.00682012 0.0123498 -0.244331 0.969613 0.295867
96 0.984656 -0.165298 -0.0559422 0.0737089 0.173974 0.954895 0.240642 -0.00693664 0.0136412 -0.246682 0.969001 0.299078
97 0.98459 -0.165347 -0.0569372 0.0754215 0.174353 0.953321 0.246537 -0.00661252 0.0135151 -0.252666 0.967459 0.304731
98 0.984766 -0.164906 -0.0551492 0.0753632 0.173498 0.952974 0.248473 -0.00617375 0.011581 -0.254256 0.967068 0.307319
99 0.985124 -0.161699 -0.0581721 0.0749499 0.171276 0.951406 0.255911 -0.00595283 0.0139646 -0.262068 0.964948 0.312108
100 0.985184 -0.160843 -0.0595089 0.0761305 0.170862 0.950415 0.259841 -0.00613995 0.0147646 -0.266159 0.963816 0.316084
101 0.986073 -0.155916 -0.0578749 0.0735963 0.165773 0.949424 0.266671 -0.0061719 0.0133696 -0.272551 0.962048 0.320677
102 0.986033 -0.154848 -0.0613271 0.07371 0.165761 0.948202 0.27099 -0.00646233 0.0161883 -0.277371 0.960627 0.324651
103 0.986047 -0.152997 -0.0655983 0.0723228 0.165357 0.945652 0.279998 -0.00563615 0.0191943 -0.286938 0.957757 0.330493
104 0.98586 -0.152943 -0.0684773 0.0724959 0.166249 0.943947 0.285175 -0.00647179 0.0210234 -0.292527 0.956026 0.335262
105 0.985716 -0.154068 -0.0680276 0.0719892 0.167224 0.943339 0.286615 -0.00562303 0.020015 -0.293897 0.955628 0.337622
106 0.985154 -0.155907 -0.0718607 0.0699577 0.170335 0.939843 0.296109 -0.00766053 0.0213723 -0.303953 0.952447 0.346032
107 0.984611 -0.158135 -0.0743881 0.0702288 0.173192 0.93983 0.29449 -0.00838383 0.023343 -0.302841 0.952755 0.350198
108 0.984693 -0.157205 -0.0752758 0.0680779 0.172612 0.939464 0.295995 -0.00701832 0.024187 -0.304458 0.952219 0.353883
109 0.98392 -0.160776 -0.0777987 0.0678038 0.176864 0.937776 0.298823 -0.00809918 0.024914 -0.307778 0.951132 0.35938
110 0.983045 -0.164128 -0.0817586 0.0655593 0.181302 0.936704 0.299524 -0.00661722 0.0274234 -0.309269 0.950579 0.36202
111 0.982178 -0.166923 -0.0863896 0.0665173 0.185568 0.934207 0.304666 -0.0070667 0.02985 -0.315267 0.948533 0.366563
112 0.981753 -0.170457 -0.0842993 0.0663422 0.188327 0.932976 0.306738 -0.00675197 0.0263637 -0.317016 0.948054 0.369191
113 0.981114 -0.175138 -0.0821114 0.0625371 0.192256 0.929662 0.314272 -0.00673743 0.0212948 -0.324123 0.945775 0.375248
114 0.980735 -0.175337 -0.0861129 0.062273 0.193816 0.928423 0.316964 -0.00685776 0.0243735 -0.327548 0.94452 0.378243
115 0.980699 -0.177533 -0.0819262 0.0602455 0.194628 0.926454 0.322185 -0.00652446 0.0187025 -0.331911 0.943125 0.383297
116 0.980931 -0.175895 -0.0826763 0.0585849 0.19343 0.925014 0.327008 -0.00727217 0.0189574 -0.336765 0.941398 0.386962
117 0.980838 -0.177021 -0.0813657 0.0564512 0.194134 0.923202 0.331678 -0.00706878 0.016403 -0.341118 0.939877 0.392094
118 0.981004 -0.175828 -0.0819454 0.0551448 0.193292 0.921698 0.336318 -0.00737706 0.0163946 -0.345769 0.938176 0.395137
119 0.980936 -0.177653 -0.0787666 0.0527413 0.193972 0.919731 0.341276 -0.00696396 0.0118152 -0.350048 0.936657 0.401096
120 0.980898 -0.178837 -0.0765209 0.0506066 0.194334 0.918183 0.345217 -0.00829549 0.0085226 -0.353493 0.935398 0.405217
121 0.981 -0.177996 -0.0771828 0.0490312 0.193779 0.918363 0.34505 -0.00797529 0.00946429 -0.35345 0.935406 0.4068
122 0.981356 -0.176759 -0.0754778 0.0479706 0.192067 0.916476 0.350972 -0.00860081 0.00713609 -0.358925 0.933339 0.413799
123 0.981481 -0.177836 -0.0711986 0.0451443 0.191539 0.916437 0.351364 -0.00889565 0.00276376 -0.358495 0.933528 0.416
124 0.981361 -0.177959 -0.0725374 0.0431219 0.192141 0.915734 0.352864 -0.00848374 0.00362945 -0.360225 0.932859 0.418276
125 0.980685 -0.179668 -0.0773046 0.0422556 0.195497 0.912776 0.358638 -0.0103994 0.00612592 -0.366824 0.93027 0.425681
126 0.980735 -0.180211 -0.0753804 0.0414439 0.195291 0.91329 0.35744 -0.0105453 0.00442967 -0.365275 0.930889 0.428297
127 0.980882 -0.1808 -0.0719828 0.039789 0.194601 0.912851 0.358934 -0.0107708 0.000814373 -0.36608 0.930583 0.433447
128 0.979951 -0.186486 -0.0701346 0.0388284 0.199216 0.911858 0.358925 -0.0118301 -0.00298167 -0.365701 0.930728 0.437006
129 0.979191 -0.190454 -0.0700812 0.0377456 0.202902 0.912234 0.355894 -0.0112673 -0.00385109 -0.362708 0.931895 0.438393
130 0.977516 -0.196391 -0.0767682 0.0370815 0.210862 0.910517 0.355663 -0.0129947 4.99415e-05 -0.363854 0.931456 0.444943
131 0.976559 -0.200711 -0.0777632 0.0370258 0.215248 0.911501 0.350477 -0.0117138 0.000536605 -0.359 0.933337 0.445492
132 0.976812 -0.199391 -0.077982 0.0367966 0.214095 0.9115 0.351184 -0.00892515 0.00105769 -0.359737 0.933053 0.445338
133 0.977591 -0.196668 -0.0750769 0.0387069 0.210462 0.905432 0.368644 -0.0103403 -0.00452341 -0.376184 0.926534 0.453626
134 0.978407 -0.194822 -0.069022 0.0363463 0.206454 0.905338 0.371134 -0.00945341 -0.00981679 -0.37737 0.926011 0.454616
135 0.978496 -0.19324 -0.0721395 0.0357901 0.206111 0.902406 0.378394 -0.00958391 -0.00802194 -0.385126 0.922829 0.457896
136 0.978631 -0.190478 -0.0774517 0.0392827 0.20558 0.898626 0.387568 -0.00737886 -0.00422328 -0.395209 0.918582 0.463677
137 0.979712 -0.186039 -0.0745289 0.0394407 0.200312 0.897205 0.393571 -0.00661754 -0.00635195 -0.400515 0.916268 0.466361
138 0.980704 -0.181498 -0.0726514 0.0396904 0.195358 0.895745 0.399344 -0.00543577 -0.00740275 -0.405831 0.913918 0.468943
139 0.982921 -0.169505 -0.071659 0.0417452 0.183922 0.89143 0.414156 -0.00349773 -0.00632261 -0.420262 0.907381 0.474827
140 0.984174 -0.16338 -0.0686197 0.0428107 0.177028 0.889185 0.421913 -0.00319264 -0.00791659 -0.427384 0.904036 0.478544
141 0.984967 -0.160374 -0.0641913 0.0427193 0.172384 0.88855 0.425162 -0.0019229 -0.0111478 -0.429836 0.902838 0.480616
142 0.985794 -0.155319 -0.0639253 0.0426851 0.167651 0.886891 0.430484 0.000587611 -0.0101675 -0.435086 0.900332 0.482471
143 0.988045 -0.138268 -0.0681894 0.0455422 0.154155 0.880323 0.448629 0.00353477 -0.00200233 -0.453777 0.891113 0.489177
144 0.988983 -0.131834 -0.0673256 0.04688 0.148027 0.877753 0.455672 0.00481259 -0.000978073 -0.460618 0.887598 0.492079
145 0.989602 -0.128405 -0.0648123 0.0480326 0.143809 0.874794 0.462659 0.00679864 -0.0027102 -0.467169 0.884164 0.494413
146 0.99071 -0.120346 -0.063323 0.0484639 0.135975 0.870096 0.473756 0.00656367 -0.00191745 -0.477965 0.878377 0.49864
147 0.991213 -0.115306 -0.0648187 0.0501304 0.132271 0.868086 0.478467 0.00640188 0.00109837 -0.482836 0.87571 0.502152
148 0.991213 -0.115295 -0.0648338 0.0512935 0.13227 0.867869 0.478862 0.00887721 0.00105656 -0.48323 0.875493 0.503699
149 0.991233 -0.109318 -0.0742085 0.054081 0.131699 0.862579 0.48848 0.0112008 0.0106113 -0.49397 0.869414 0.509
150 0.99128 -0.106285 -0.0778922 0.0568473 0.130968 0.859855 0.493455 0.0118923 0.0145292 -0.499353 0.866277 0.512216
151 0.991404 -0.106092 -0.0765668 0.0584282 0.130185 0.858216 0.496504 0.0122482 0.0130357 -0.502204 0.864651 0.515112
152 0.991839 -0.102218 -0.0762086 0.0595251 0.126638 0.859191 0.495736 0.0145014 0.0148047 -0.501341 0.865123 0.515588
153 0.991806 -0.100613 -0.0787267 0.0617961 0.126632 0.855716 0.501711 0.0152059 0.016889 -0.507569 0.861445 0.518295
154 0.9917 -0.102217 -0.0779877 0.0641712 0.127681 0.854226 0.50398 0.0164459 0.0151035 -0.509755 0.860187 0.519924
155 0.992118 -0.100684 -0.0746011 0.0654356 0.124694 0.852161 0.508206 0.0176023 0.0124041 -0.513502 0.857998 0.521746
156 0.992443 -0.0986661 -0.0729501 0.0663249 0.122184 0.849398 0.513414 0.017087 0.0113071 -0.518447 0.855035 0.52397
157 0.992665 -0.0965999 -0.0726897 0.0672335 0.120295 0.849032 0.514464 0.017416 0.0120187 -0.519435 0.854425 0.525205
158 0.992893 -0.0940776 -0.0728835 0.0687645 0.11825 0.848887 0.515177 0.0176928 0.0134032 -0.520134 0.853979 0.52669
159 0.993352 -0.091002 -0.0704968 0.0701275 0.114378 0.849406 0.515196 0.0189625 0.0129965 -0.519835 0.854168 0.52716
160 0.993972 -0.0876679 -0.0658311 0.070455 0.109158 0.847232 0.519888 0.0175394 0.0101967 -0.52394 0.851694 0.529539
161 0.994524 -0.0836623 -0.0626374 0.0701657 0.104059 0.848403 0.519022 0.0169807 0.00971919 -0.522698 0.852463 0.530536
162 0.994744 -0.0803252 -0.0635063 0.0702894 0.101638 0.849913 0.517028 0.0177057 0.0124444 -0.520765 0.853609 0.530627
163 0.99466 -0.0793357 -0.0660133 0.0705997 0.10215 0.848097 0.519901 0.017324 0.014739 -0.523868 0.851672 0.532564
164 0.994659 -0.0758938 -0.0699574 0.0717956 0.10129 0.848066 0.52012 0.017031 0.0198546 -0.524428 0.851223 0.5343
165 0.994905 -0.0710218 -0.0715579 0.0731155 0.0979372 0.849322 0.51871 0.0176459 0.023936 -0.523075 0.85195 0.535454
166 0.995523 -0.0654843 -0.068162 0.0733312 0.0914342 0.849964 0.518845 0.0182952 0.0239591 -0.522755 0.852146 0.536535
167 0.995957 -0.0608122 -0.0661162 0.0735869 0.0864666 0.848507 0.522072 0.0188121 0.0243517 -0.525678 0.850335 0.538394
168 0.996259 -0.0563518 -0.0655176 0.0733547 0.0824614 0.846679 0.525676 0.0182592 0.0258496 -0.529112 0.848158 0.540828
169 0.996353 -0.0501533 -0.0690325 0.0749491 0.0790774 0.846667 0.526214 0.0195404 0.0320562 -0.529754 0.847545 0.542299
170 0.996506 -0.0466126 -0.069307 0.0765214 0.0763967 0.844072 0.53076 0.0187557 0.0337599 -0.534201 0.844683 0.545824
171 0.996705 -0.0454126 -0.0672064 0.0779948 0.0742192 0.844854 0.529824 0.019426 0.0327189 -0.533066 0.845441 0.547234
172 0.997049 -0.0423812 -0.0640016 0.0784142 0.070062 0.843104 0.533168 0.0191789 0.0313637 -0.536079 0.843585 0.550117
173 0.996992 -0.042566 -0.0647645 0.0791815 0.0706417 0.842832 0.53352 0.0190768 0.0318758 -0.53649 0.843304 0.552404
174 0.996933 -0.0390569 -0.0678182 0.0814588 0.0693294 0.84277 0.533791 0.0196021 0.0363069 -0.536855 0.842893 0.554154
175 0.997205 -0.0343637 -0.0663399 0.0835025 0.0647125 0.841039 0.537089 0.0191888 0.0373381 -0.539881 0.840913 0.557339
176 0.997616 -0.0298077 -0.0622333 0.0848867 0.0586783 0.841024 0.537807 0.0190132 0.0363089 -0.540177 0.840768 0.559987
177 0.998 -0.0248112 -0.0581378 0.0849482 0.0522443 0.841513 0.537704 0.0187865 0.0355826 -0.539666 0.841127 0.56198
178 0.997988 -0.0184568 -0.0606549 0.0853998 0.0482972 0.8411 0.538719 0.0184106 0.0410738 -0.540565 0.840299 0.564547
179 0.99777 -0.0095833 -0.0660522 0.0878903 0.0437106 0.841707 0.538162 0.0188608 0.0504393 -0.539849 0.840249 0.567026
180 0.997953 0.00437138 -0.0638076 0.0890111 0.0307982 0.841527 0.539337 0.0188164 0.0560534 -0.540197 0.839669 0.56918
181 0.997984 0.0173442 -0.0610571 0.0898334 0.0185388 0.840347 0.541731 0.0187918 0.0607051 -0.541771 0.838331 0.571967
182 0.997956 0.0268123 -0.0580133 0.0896137 0.00907326 0.839105 0.543894 0.0186162 0.0632623 -0.543308 0.837146 0.574796
183 0.997563 0.0367655 -0.0593005 0.0894144 0.00142286 0.839012 0.544112 0.019559 0.0697584 -0.54287 0.836915 0.577005
184 0.996966 0.046047 -0.0627592 0.0898404 -0.00421191 0.836991 0.5472 0.0193467 0.0777258 -0.545275 0.834646 0.580328
185 0.996632 0.0493866 -0.0654716 0.0891918 -0.0055276 0.836979 0.547208 0.0194532 0.0818231 -0.545002 0.834432 0.582921
186 0.995899 0.0540438 -0.0725562 0.0890694 -0.00571184 0.837935 0.54574 0.0206969 0.0902913 -0.543087 0.834807 0.583709
187 0.994834 0.0606 -0.0814484 0.0901433 -0.00593172 0.835621 0.549275 0.0214742 0.101346 -0.545954 0.831663 0.586014
188 0.993997 0.0671064 -0.0864125 0.0913968 -0.00794549 0.831999 0.55472 0.0212708 0.10912 -0.550703 0.827538 0.589057
189 0.993774 0.0719296 -0.0850861 0.0905932 -0.0122595 0.829637 0.558168 0.0206191 0.110739 -0.55365 0.825354 0.591448
190 0.99291 0.079674 -0.0882193 0.0902602 -0.016753 0.828519 0.55971 0.0198766 0.117686 -0.554264 0.823979 0.593562
191 0.992106 0.0835875 -0.0934849 0.0919771 -0.0170067 0.828259 0.560087 0.0193966 0.124246 -0.554076 0.823142 0.595151
192 0.991985 0.0858804 -0.0926819 0.0926158 -0.0189852 0.826488 0.562635 0.0183546 0.12492 -0.556366 0.821494 0.596952
193 0.991799 0.0894692 -0.0912666 0.0925987 -0.0224662 0.82503 0.564641 0.0166465 0.125816 -0.557961 0.820275 0.598827
194 0.991792 0.0889027 -0.0918974 0.0930878 -0.0218758 0.826105 0.563092 0.0149919 0.125977 -0.556459 0.821269 0.599855
195 0.991591 0.0898827 -0.0931027 0.0934135 -0.0225896 0.828614 0.559365 0.0152488 0.127423 -0.552558 0.823676 0.598788
196 0.990265 0.100965 -0.0958168 0.0945954 -0.0295878 0.825327 0.56388 0.0130565 0.136012 -0.555556 0.82028 0.600751
197 0.989952 0.106609 -0.092894 0.0959259 -0.0365161 0.827403 0.56042 0.0123687 0.136607 -0.551396 0.822983 0.599565
198 0.989778 0.112738 -0.0873506 0.094278 -0.0444699 0.825905 0.562053 0.0123439 0.135508 -0.552423 0.822476 0.598578
199 0.987014 0.130795 -0.0932544 0.0944721 -0.055318 0.821784 0.567107 0.00848048 0.15081 -0.554584 0.818348 0.599608
200 0.984583 0.144055 -0.0992161 0.0980774 -0.063554 0.823075 0.564366 0.00681446 0.162962 -0.54936 0.819541 0.598611
201 0.983597 0.155376 -0.0916258 0.0992697 -0.0775087 0.822736 0.563114 0.00552617 0.162878 -0.546776 0.821284 0.598265
202 0.982209 0.169781 -0.0802476 0.0981328 -0.0966726 0.823493 0.559029 0.00289325 0.160996 -0.541326 0.825256 0.59681
203 0.980708 0.179286 -0.0778995 0.0981863 -0.107476 0.827406 0.551224 0.00311985 0.163281 -0.532218 0.830713 0.593548
204 0.978765 0.187943 -0.0818279 0.0986473 -0.112711 0.826868 0.550986 0.00252431 0.171215 -0.530063 0.830493 0.59232
205 0.975183 0.201512 -0.0917115 0.101311 -0.119041 0.826492 0.550219 0.0016998 0.186674 -0.525646 0.829969 0.591151
206 0.971428 0.216659 -0.0968839 0.104708 -0.129256 0.825332 0.549655 0.00160158 0.199049 -0.521427 0.829755 0.589844
207 0.968647 0.229579 -0.0949546 0.105864 -0.14103 0.82277 0.5506 0.00186376 0.204532 -0.519946 0.829351 0.588769
208 0.966003 0.240049 -0.0959972 0.106821 -0.14913 0.820698 0.551557 0.00240269 0.211185 -0.518489 0.828595 0.588063
209 0.962718 0.250758 -0.10146 0.108433 -0.155244 0.819327 0.551909 0.0038934 0.221525 -0.515582 0.827709 0.58663
210 0.957541 0.267474 -0.107576 0.109681 -0.164641 0.813649 0.557555 0.00349411 0.236661 -0.516171 0.82314 0.586921
211 0.952956 0.280257 -0.115458 0.111724 -0.170989 0.81157 0.558674 0.00332067 0.250275 -0.51265 0.821312 0.587344
212 0.952825 0.280676 -0.115525 0.111709 -0.171234 0.811347 0.558923 0.00323805 0.250607 -0.512774 0.821133 0.587534
213 0.949335 0.288836 -0.123838 0.115108 -0.174835 0.812856 0.555606 0.00422663 0.261142 -0.505805 0.822172 0.58638
214 0.945771 0.29845 -0.128235 0.117232 -0.180419 0.810916 0.556654 0.00516885 0.270122 -0.503332 0.820787 0.585595
215 0.940828 0.311047 -0.134511 0.118876 -0.186835 0.807238 0.559875 0.00513783 0.282729 -0.501614 0.817586 0.586384
216 0.937159 0.318459 -0.142539 0.120896 -0.189344 0.807347 0.558873 0.00563346 0.293057 -0.496764 0.816911 0.586221
217 0.93315 0.325449 -0.15269 0.122898 -0.190514 0.807898 0.557678 0.00653874 0.304854 -0.491307 0.815893 0.585504
218 0.927151 0.336335 -0.165139 0.126187 -0.192748 0.806071 0.559551 0.00648235 0.32131 -0.486958 0.812177 0.585289
219 0.922554 0.345077 -0.172675 0.128972 -0.195378 0.803631 0.562143 0.00537462 0.332749 -0.48487 0.808813 0.585708
220 0.917731 0.354649 -0.178868 0.131506 -0.200752 0.802714 0.561559 0.00565756 0.342736 -0.479453 0.807872 0.58506
221 0.912587 0.365033 -0.184216 0.133801 -0.206612 0.800471 0.562635 0.00554808 0.35284 -0.475392 0.80592 0.585099
222 0.908474 0.37235 -0.18982 0.135997 -0.20998 0.799332 0.563008 0.00553333 0.361365 -0.471619 0.804357 0.584941
223 0.908119 0.373002 -0.190238 0.136097 -0.21013 0.798967 0.563469 0.00539296 0.362169 -0.471722 0.803935 0.585146
224 0.90396 0.379298 -0.197457 0.138781 -0.211942 0.798462 0.563506 0.00509617 0.371399 -0.467537 0.802167 0.584909
225 0.900429 0.383945 -0.204483 0.142203 -0.212717 0.798668 0.562922 0.00521444 0.379445 -0.463375 0.800815 0.584839
226 0.897446 0.388816 -0.208358 0.144607 -0.215093 0.798085 0.562846 0.00521554 0.38513 -0.460307 0.79987 0.584995
227 0.894065 0.393098 -0.214758 0.147235 -0.216376 0.798799 0.561339 0.00481517 0.39221 -0.455405 0.799236 0.584902
228 0.890881 0.397281 -0.220225 0.150246 -0.218085 0.799383 0.559844 0.00484759 0.398459 -0.450727 0.798796 0.584211
229 0.88727 0.402434 -0.225387 0.152705 -0.220037 0.798751 0.559983 0.00565304 0.405384 -0.447262 0.797258 0.584835
230 0.884708 0.405352 -0.230177 0.155108 -0.220425 0.798882 0.559643 0.00485675 0.410736 -0.444384 0.796127 0.585113
231 0.881273 0.410149 -0.23481 0.158857 -0.223349 0.799294 0.557893 0.00600944 0.416501 -0.439211 0.796003 0.583921
232 0.877483 0.419645 -0.232211 0.158881 -0.229531 0.792564 0.564941 0.00505696 0.421116 -0.442426 0.791783 0.585887
233 0.875065 0.422066 -0.236898 0.160563 -0.230377 0.793666 0.563047 0.00388814 0.425661 -0.438127 0.791744 0.586336
234 0.872447 0.424205 -0.242664 0.163726 -0.231131 0.795657 0.559918 0.00450529 0.430597 -0.432412 0.792216 0.585816
235 0.871045 0.425026 -0.246237 0.164624 -0.229771 0.795627 0.56052 0.00481736 0.434148 -0.43166 0.790686 0.586866
236 0.867972 0.426642 -0.254169 0.167127 -0.227335 0.796379 0.560446 0.00399597 0.441525 -0.42867 0.788225 0.587271
237 0.864865 0.430648 -0.257974 0.168803 -0.228816 0.795576 0.560983 0.00341646 0.446824 -0.426146 0.786605 0.587994
238 0.860448 0.436959 -0.262099 0.170628 -0.233135 0.794999 0.560022 0.00253444 0.453075 -0.420765 0.785926 0.588489
239 0.85705 0.443082 -0.262951 0.171716 -0.238696 0.793734 0.559474 0.00201056 0.456606 -0.416731 0.786032 0.589271
240 0.853808 0.446713 -0.267319 0.172508 -0.241555 0.794821 0.556696 0.00226303 0.461154 -0.410739 0.786531 0.589641
241 0.850601 0.449163 -0.27337 0.174669 -0.240575 0.794736 0.557242 0.00177408 0.467549 -0.408225 0.78406 0.590385
242 0.84678 0.453943 -0.277306 0.175756 -0.242378 0.793306 0.558496 0.00141794 0.473514 -0.40571 0.781782 0.591747
243 0.842123 0.458679 -0.283623 0.177353 -0.243662 0.792802 0.558654 0.00106154 0.481099 -0.401347 0.7794 0.592763
244 0.837431 0.4645 -0.288009 0.178727 -0.246385 0.791229 0.559688 0.000664041 0.487856 -0.397739 0.777046 0.594131
245 0.832248 0.471134 -0.292225 0.180372 -0.250877 0.790085 0.559309 0.000252666 0.494392 -0.392171 0.775744 0.595352
246 0.827259 0.478653 -0.294166 0.181689 -0.257212 0.788169 0.559134 0.000557562 0.499484 -0.386886 0.775136 0.596204
247 0.821915 0.486033 -0.297031 0.182344 -0.262663 0.78611 0.559499 0.000882512 0.505434 -0.381841 0.773779 0.597827
248 0.817042 0.490811 -0.302568 0.183159 -0.265056 0.785756 0.558867 0.000715293 0.512043 -0.37642 0.772088 0.598953
249 0.810564 0.496362 -0.310823 0.184882 -0.266508 0.785217 0.558935 0.00116858 0.521497 -0.370216 0.768753 0.59973
250 0.803009 0.504579 -0.317139 0.187263 -0.269079 0.781777 0.562513 0.000622464 0.531765 -0.366367 0.763545 0.601604
251 0.796978 0.512994 -0.318847 0.188554 -0.274551 0.777876 0.56527 -7.73931e-05 0.538003 -0.362968 0.760793 0.603697
252 0.79234 0.519218 -0.320326 0.190321 -0.280038 0.776007 0.565148 -0.000276512 0.542011 -0.358086 0.760263 0.604641
253 0.78628 0.527934 -0.321013 0.190928 -0.287194 0.772287 0.56665 6.02455e-05 0.547068 -0.353353 0.758854 0.605479
254 0.778528 0.535755 -0.326897 0.192231 -0.290915 0.769578 0.568435 -0.000387756 0.556114 -0.347443 0.754997 0.606553
255 0.771386 0.541926 -0.333587 0.195137 -0.292207 0.767312 0.57083 -0.000992361 0.565313 -0.342854 0.750248 0.607584
256 0.766173 0.547913 -0.335814 0.196745 -0.29422 0.763651 0.574693 -0.00130172 0.571326 -0.341511 0.746295 0.608801
257 0.760611 0.554173 -0.338176 0.197797 -0.295499 0.759344 0.579722 -0.00201623 0.578058 -0.341012 0.741323 0.610279
258 0.752173 0.563879 -0.340992 0.198719 -0.30024 0.75389 0.584385 -0.00381498 0.586593 -0.33718 0.736355 0.611887
259 0.745076 0.57126 -0.344274 0.200261 -0.304765 0.750723 0.586117 -0.00551032 0.593279 -0.331779 0.733445 0.613155
260 0.740019 0.576262 -0.346834 0.201778 -0.309196 0.749427 0.585455 -0.00534472 0.597302 -0.326009 0.732768 0.61373
261 0.735305 0.579572 -0.351316 0.202104 -0.310558 0.748877 0.585438 -0.00558419 0.602395 -0.321372 0.730643 0.614421
262 0.729564 0.580848 -0.361042 0.204615 -0.307149 0.749948 0.585864 -0.0065089 0.611062 -0.316532 0.725542 0.614954
263 0.724231 0.583555 -0.36736 0.207502 -0.304053 0.748411 0.589434 -0.0069375 0.618903 -0.31519 0.719454 0.615495
264 0.717519 0.591671 -0.367549 0.207268 -0.305008 0.74129 0.597879 -0.00923751 0.626208 -0.316884 0.712354 0.617709
265 0.711659 0.596288 -0.37146 0.209419 -0.306158 0.739138 0.599952 -0.0114837 0.632304 -0.313236 0.708573 0.618867
266 0.707639 0.599848 -0.373403 0.211874 -0.309184 0.738066 0.59972 -0.0120845 0.635337 -0.308935 0.707747 0.619294
267 0.70276 0.607535 -0.370176 0.210743 -0.316498 0.732988 0.602128 -0.013556 0.637148 -0.305991 0.707398 0.620047
268 0.697819 0.608095 -0.378508 0.212897 -0.316193 0.735687 0.598988 -0.0152095 0.642705 -0.298303 0.705652 0.620398
269 0.693779 0.607431 -0.386908 0.216462 -0.315083 0.739095 0.595366 -0.0154918 0.647606 -0.291144 0.70416 0.619444
270 0.691205 0.608285 -0.390161 0.217128 -0.312989 0.738617 0.597061 -0.015753 0.651363 -0.290575 0.700923 0.619427
271 0.684726 0.608968 -0.400385 0.219724 -0.308066 0.739727 0.598247 -0.0176921 0.660489 -0.28629 0.694113 0.619185
272 0.676745 0.612721 -0.408153 0.223141 -0.307089 0.738792 0.599903 -0.0200683 0.669113 -0.280642 0.688133 0.619507
273 0.670125 0.616779 -0.412935 0.226894 -0.309682 0.737925 0.599636 -0.0215464 0.674558 -0.273952 0.685508 0.619954
274 0.660524 0.621026 -0.421942 0.2323 -0.318414 0.74065 0.591651 -0.0225407 0.679942 -0.256447 0.68696 0.618289
275 0.653602 0.624523 -0.427521 0.234649 -0.321317 0.740419 0.590369 -0.0229407 0.685244 -0.248497 0.68461 0.617687
276 0.646604 0.624496 -0.438073 0.23919 -0.320643 0.743585 0.586744 -0.0231721 0.692164 -0.238926 0.681045 0.617107
277 0.641028 0.625164 -0.445256 0.244179 -0.319906 0.74496 0.585401 -0.0230061 0.69767 -0.232819 0.677534 0.615865
278 0.632488 0.632132 -0.447625 0.246856 -0.322912 0.740477 0.589425 -0.022237 0.70405 -0.228261 0.672466 0.615674
279 0.610181 0.648879 -0.454571 0.255004 -0.327545 0.729045 0.601006 -0.0242597 0.721383 -0.21783 0.657386 0.616439
280 0.604538 0.655593 -0.452473 0.257101 -0.33442 0.72442 0.602809 -0.0238567 0.722978 -0.213105 0.657183 0.616629
281 0.597568 0.658823 -0.457017 0.260815 -0.339222 0.72418 0.60041 -0.0224788 0.726526 -0.203756 0.656234 0.61581
282 0.58926 0.663693 -0.460743 0.263669 -0.34147 0.721412 0.602465 -0.0217199 0.732237 -0.197678 0.65173 0.615321
283 0.577512 0.669862 -0.466653 0.267899 -0.343297 0.71788 0.605637 -0.0215987 0.740694 -0.189562 0.644546 0.615375
284 0.557612 0.68375 -0.470696 0.276537 -0.355233 0.709043 0.609153 -0.0227542 0.750252 -0.172464 0.638262 0.616424
285 0.551408 0.689399 -0.469764 0.277884 -0.361165 0.704875 0.610501 -0.0201537 0.752003 -0.166973 0.63766 0.615745
286 0.539502 0.694677 -0.475775 0.280142 -0.362086 0.701562 0.613763 -0.0208308 0.760152 -0.158855 0.630026 0.61587
287 0.530164 0.696646 -0.483332 0.284735 -0.361127 0.701274 0.614657 -0.020879 0.767146 -0.151325 0.623368 0.615288
288 0.511989 0.70392 -0.492305 0.289974 -0.35997 0.69619 0.62108 -0.020239 0.779929 -0.140771 0.609832 0.615422
289 0.502796 0.705852 -0.498968 0.293949 -0.357587 0.695376 0.623364 -0.0207707 0.786974 -0.135001 0.602036 0.61561
290 0.493707 0.709859 -0.502349 0.29804 -0.358047 0.692351 0.62646 -0.0208726 0.7925 -0.129423 0.595982 0.615619
291 0.484798 0.715836 -0.502543 0.300727 -0.361803 0.68725 0.62991 -0.0216339 0.796285 -0.123557 0.592169 0.616067
292 0.471834 0.722754 -0.504975 0.307403 -0.36886 0.682019 0.6315 -0.0206911 0.800822 -0.111698 0.588395 0.615983
293 0.461442 0.730371 -0.503616 0.309646 -0.375791 0.675138 0.634799 -0.0198346 0.803649 -0.103668 0.586004 0.616484
294 0.45499 0.734461 -0.503539 0.311075 -0.381737 0.671736 0.634861 -0.0206638 0.804525 -0.096636 0.586004 0.616471
295 0.449801 0.735297 -0.506969 0.31385 -0.385615 0.671884 0.632355 -0.0200703 0.805593 -0.0889385 0.585756 0.615616
296 0.432216 0.742183 -0.512204 0.318811 -0.390653 0.666037 0.63544 -0.0221709 0.81276 -0.0745534 0.577809 0.615507
297 0.428414 0.741929 -0.515755 0.321725 -0.39409 0.667061 0.632236 -0.0232047 0.813114 -0.067605 0.578165 0.615142
298 0.425569 0.740016 -0.520833 0.325376 -0.3947 0.669713 0.629044 -0.0224723 0.814311 -0.0621287 0.577094 0.615188
299 0.417355 0.743514 -0.522496 0.329902 -0.399898 0.666568 0.629102 -0.0260611 0.816025 -0.0536134 0.575525 0.615693
300 0.417944 0.7425 -0.523465 0.332571 -0.401521 0.667844 0.62671 -0.0268329 0.814926 -0.0517471 0.577251 0.615736
301 0.419543 0.742053 -0.52282 0.333984 -0.401984 0.668286 0.625941 -0.0284404 0.813875 -0.0524435 0.578668 0.616167
302 0.426786 0.737844 -0.522915 0.338642 -0.406112 0.673007 0.618171 -0.03171 0.808039 -0.0514646 0.586877 0.616716
303 0.432375 0.731545 -0.527156 0.339001 -0.407414 0.680045 0.609551 -0.0317424 0.804404 -0.0487833 0.592076 0.616492
304 0.434153 0.725029 -0.534644 0.342752 -0.404807 0.687217 0.603212 -0.0332311 0.804762 -0.0454578 0.591854 0.615764
305 0.435932 0.720921 -0.538736 0.347875 -0.404764 0.691703 0.598092 -0.0383367 0.803822 -0.0426665 0.593338 0.615694
306 0.442373 0.716409 -0.539504 0.350852 -0.409003 0.696525 0.58955 -0.0402047 0.798137 -0.0401429 0.601137 0.614891
307 0.448986 0.708128 -0.544946 0.354263 -0.415778 0.705395 0.574061 -0.0406871 0.790911 -0.0311687 0.611137 0.610958
308 0.449301 0.703884 -0.55016 0.358007 -0.413471 0.709731 0.570371 -0.0434005 0.791941 -0.0287928 0.609919 0.609188
309 0.451227 0.7021 -0.550863 0.365217 -0.420901 0.711741 0.562376 -0.0478621 0.786916 -0.0219005 0.616671 0.606367
310 0.45449 0.700978 -0.549608 0.368742 -0.425697 0.712922 0.557247 -0.0485367 0.782446 -0.0192966 0.62242 0.604263
311 0.455326 0.702804 -0.546576 0.370586 -0.433955 0.711234 0.553019 -0.0504742 0.777407 -0.0146144 0.628828 0.601626
312 0.465007 0.697595 -0.545097 0.377639 -0.440904 0.716407 0.540708 -0.051111 0.767706 -0.0110974 0.640706 0.596317
313 0.46879 0.691347 -0.549796 0.384182 -0.439984 0.722477 0.53333 -0.0509399 0.765931 -0.00811823 0.642872 0.590972
314 0.470398 0.691753 -0.547909 0.387482 -0.440429 0.72207 0.533514 -0.0527456 0.764689 -0.00964861 0.644328 0.589303
315 0.474925 0.691725 -0.544025 0.389843 -0.445115 0.722101 0.529569 -0.0531596 0.759157 -0.00935201 0.65084 0.586828
316 0.484523 0.686165 -0.542601 0.394883 -0.44364 0.72733 0.523616 -0.0502474 0.753937 -0.0129846 0.656818 0.580321
317 0.485753 0.681212 -0.547717 0.398814 -0.437837 0.731956 0.522052 -0.0512178 0.756533 -0.013777 0.65381 0.575198
318 0.484094 0.680988 -0.549462 0.401518 -0.440604 0.732236 0.519325 -0.052463 0.75599 -0.00930727 0.654517 0.572522
319 0.485544 0.672569 -0.558478 0.40648 -0.439828 0.740033 0.508825 -0.0496332 0.755512 -0.00142248 0.655133 0.56571
320 0.480598 0.67639 -0.558141 0.408248 -0.442471 0.736543 0.51159 -0.0515904 0.757129 0.00109208 0.653264 0.563293
321 0.485457 0.672319 -0.558854 0.41014 -0.445709 0.740246 0.503368 -0.0516565 0.752114 0.0047229 0.659016 0.55727
322 0.488456 0.661798 -0.568712 0.415589 -0.44159 0.749611 0.493033 -0.0536894 0.752601 0.0103128 0.658396 0.551075
323 0.492308 0.660381 -0.567036 0.41702 -0.444576 0.750841 0.488457 -0.0549619 0.748322 0.0116194 0.663234 0.548711
324 0.500324 0.656172 -0.564902 0.421278 -0.449816 0.754463 0.477966 -0.0558929 0.739825 0.0149645 0.672633 0.54372
325 0.509087 0.657272 -0.555719 0.419397 -0.460486 0.753462 0.469306 -0.0573051 0.727175 0.0169834 0.686242 0.538028
326 0.519113 0.651903 -0.55276 0.421148 -0.464016 0.758074 0.458272 -0.0571042 0.717782 0.0185941 0.696019 0.532755
327 0.523579 0.651868 -0.548574 0.416092 -0.467728 0.758103 0.454434 -0.0563771 0.712107 0.0186512 0.701824 0.529993
328 0.533641 0.640271 -0.552521 0.417329 -0.464143 0.767867 0.441534 -0.0579899 0.706964 0.020828 0.706943 0.524841
329 0.538582 0.631085 -0.558266 0.41455 -0.466477 0.775099 0.426171 -0.0589315 0.701661 0.0308902 0.711841 0.518112
330 0.540583 0.629711 -0.557884 0.412921 -0.466806 0.776198 0.423803 -0.0592948 0.699902 0.0313224 0.713552 0.514971
331 0.542712 0.626354 -0.559593 0.409118 -0.469426 0.778672 0.416304 -0.061917 0.696493 0.0367545 0.716621 0.509552
332 0.548186 0.619096 -0.562328 0.403868 -0.467902 0.784306 0.407348 -0.0616996 0.693224 0.0398119 0.719622 0.502045
333 0.549242 0.612412 -0.568582 0.405163 -0.466323 0.789219 0.399595 -0.0644098 0.693452 0.0456687 0.719054 0.497192
334 0.55491 0.608986 -0.566755 0.401589 -0.466636 0.791855 0.393975 -0.0639943 0.688713 0.0458472 0.723583 0.493227
335 0.55886 0.606992 -0.56501 0.400339 -0.465984 0.793462 0.391507 -0.0639046 0.685955 0.0444881 0.726282 0.487594
336 0.569694 0.596933 -0.564906 0.398621 -0.46451 0.800905 0.377864 -0.0642317 0.677996 0.0471378 0.733553 0.481175
337 0.57675 0.58706 -0.568085 0.394824 -0.460829 0.807995 0.367126 -0.0630456 0.674534 0.0500498 0.736545 0.474997
338 0.58175 0.576873 -0.573397 0.393557 -0.455655 0.815103 0.357751 -0.0667092 0.673755 0.0531498 0.737041 0.469956
339 0.587569 0.568693 -0.575631 0.397012 -0.453364 0.820606 0.347948 -0.0650105 0.670242 0.0565267 0.739987 0.466257
340 0.592905 0.56057 -0.578122 0.39584 -0.450384 0.825975 0.338997 -0.0646922 0.667546 0.0593837 0.742197 0.460378
341 0.59833 0.560032 -0.573032 0.39685 -0.456833 0.825981 0.330241 -0.0656256 0.658259 0.0641869 0.75005 0.4556
342 0.604301 0.556635 -0.570068 0.397183 -0.458533 0.828091 0.32251 -0.0644435 0.651589 0.066502 0.755652 0.451998
343 0.606653 0.554505 -0.569645 0.395906 -0.464905 0.82872 0.311586 -0.0649015 0.644853 0.0758063 0.760538 0.446171
344 0.607392 0.551466 -0.571804 0.395726 -0.472509 0.829417 0.297998 -0.0640939 0.6386 0.0891807 0.764354 0.439263
345 0.604894 0.549655 -0.57618 0.397694 -0.478834 0.829205 0.288336 -0.0633345 0.636256 0.101482 0.764774 0.433379
346 0.603322 0.552115 -0.575475 0.400443 -0.488689 0.826197 0.280323 -0.0630048 0.630226 0.112104 0.768276 0.427246
347 0.602603 0.550686 -0.577595 0.401375 -0.495187 0.825599 0.270509 -0.0614806 0.625827 0.123008 0.770201 0.420051
348 0.600276 0.552484 -0.5783 0.4027 -0.4986 0.823862 0.269536 -0.0626799 0.625354 0.126544 0.770013 0.417175
349 0.600803 0.5541 -0.576202 0.404873 -0.508682 0.82103 0.259137 -0.0613865 0.616667 0.137413 0.775139 0.410125
350 0.597929 0.547426 -0.585496 0.408391 -0.510369 0.823261 0.248523 -0.0586232 0.618065 0.15022 0.771641 0.402443
351 0.595146 0.547577 -0.588184 0.412962 -0.517011 0.821232 0.241405 -0.060089 0.615224 0.160426 0.771857 0.397051
352 0.597634 0.544981 -0.588072 0.415178 -0.521221 0.821415 0.23153 -0.0576802 0.609231 0.168146 0.774961 0.388608
353 0.597563 0.546782 -0.586471 0.418571 -0.527826 0.818839 0.225615 -0.0580168 0.603587 0.174736 0.777914 0.381675
354 0.599074 0.544974 -0.586612 0.42169 -0.530326 0.818957 0.219234 -0.0575318 0.599887 0.179758 0.77963 0.37721
355 0.599694 0.548754 -0.58244 0.422757 -0.537117 0.815553 0.215357 -0.0564653 0.593188 0.18369 0.783828 0.369644
356 0.603077 0.548932 -0.578768 0.427096 -0.54258 0.814148 0.206808 -0.0556522 0.584726 0.189306 0.788833 0.361435
357 0.602631 0.550532 -0.577712 0.429157 -0.54596 0.812422 0.20469 -0.055504 0.582034 0.192055 0.790159 0.354695
358 0.608418 0.55313 -0.5691 0.432899 -0.552384 0.810036 0.196758 -0.0556243 0.569825 0.194651 0.79838 0.348485
359 0.617404 0.54212 -0.570015 0.432942 -0.547952 0.816285 0.182832 -0.0523929 0.564412 0.19946 0.801034 0.339439
360 0.618039 0.539201 -0.572092 0.435789 -0.546556 0.81778 0.180313 -0.0553889 0.565071 0.20124 0.800123 0.334737
361 0.635523 0.529718 -0.561702 0.444722 -0.540169 0.824872 0.166743 -0.0560581 0.551659 0.197445 0.810363 0.329678
362 0.666248 0.532254 -0.522322 0.444301 -0.546033 0.825222 0.14442 -0.0564554 0.507899 0.188986 0.84043 0.32329
363 0.683534 0.527261 -0.504754 0.441391 -0.539998 0.830552 0.136326 -0.0540564 0.491104 0.179383 0.852431 0.312715
364 0.689241 0.518321 -0.506251 0.445183 -0.52872 0.837554 0.13769 -0.054215 0.49538 0.172763 0.851323 0.307742
365 0.710143 0.505425 -0.490146 0.44675 -0.518085 0.846539 0.122305 -0.0548208 0.476744 0.167083 0.863017 0.302234
366 0.722881 0.502967 -0.47378 0.445059 -0.513858 0.849717 0.118034 -0.0546782 0.461946 0.158131 0.872697 0.29513
367 0.736534 0.495395 -0.460545 0.446001 -0.506122 0.855336 0.110637 -0.0551073 0.44873 0.151604 0.880714 0.290884
