13 0.999729 0.00947022 -0.0212854 0.0169427 -0.00890391 0.999608 0.0265449 -0.000288655 0.0215284 -0.0263481 0.999421 0.0153717
14 0.999705 0.00849318 -0.0227667 0.018248 -0.00790283 0.999633 0.0258963 -0.000433764 0.0229783 -0.0257087 0.999405 0.0168038
15 0.999676 0.0096042 -0.0235649 0.0190757 -0.0089935 0.999624 0.0258863 -0.000625836 0.0238046 -0.025666 0.999387 0.0196068
16 0.99965 0.0105208 -0.0242747 0.0207735 -0.0098809 0.999604 0.0263304 -0.00101522 0.0245421 -0.0260813 0.999359 0.0207814
17 0.999721 0.00940657 -0.0216634 0.0192904 -0.00878723 0.999555 0.0285094 -0.00235196 0.0219219 -0.0283111 0.999359 0.0259224
18 0.999694 0.00916092 -0.0229817 0.0202325 -0.00853592 0.999595 0.0271481 -0.00303283 0.0232211 -0.0269436 0.999367 0.0278285
19 0.999713 0.0116511 -0.0209308 0.0214821 -0.011064 0.999548 0.0279514 -0.00504773 0.021247 -0.0277118 0.99939 0.0327865
20 0.999761 0.0114499 -0.0186346 0.0210099 -0.0109558 0.999591 0.0264072 -0.00452253 0.0189293 -0.0261967 0.999478 0.0355621
21 0.999791 0.00941975 -0.0181255 0.0192047 -0.00890446 0.99956 0.0283026 -0.00472124 0.0183841 -0.0281353 0.999435 0.04201
22 0.999782 0.00919883 -0.0187684 0.019407 -0.00865509 0.999546 0.0288491 -0.00506303 0.0190253 -0.0286804 0.999408 0.0453858
23 0.999793 0.00856224 -0.0184477 0.0193103 -0.00799328 0.999497 0.0306979 -0.00628105 0.0187013 -0.0305441 0.999358 0.0487587
24 0.999813 0.00610236 -0.018355 0.0188809 -0.00547452 0.999405 0.0340636 -0.00773362 0.018552 -0.0339567 0.999251 0.0563776
25 0.999827 0.00693155 -0.0172847 0.0178366 -0.00627553 0.999269 0.037723 -0.00995501 0.0175336 -0.037608 0.999139 0.0611461
26 0.999896 0.00920428 -0.0110788 0.013848 -0.00879945 0.999311 0.0360511 -0.014036 0.011403 -0.0359498 0.999289 0.0721765
27 0.999913 0.00754447 -0.0108138 0.0145065 -0.00718028 0.999419 0.0333297 -0.0168222 0.011059 -0.0332492 0.999386 0.0772464
28 0.999882 0.0108139 -0.0109406 0.0134401 -0.0104643 0.999448 0.0315168 -0.0184436 0.0112754 -0.0313986 0.999443 0.086816
29 0.999877 0.0117698 -0.0103594 0.0134199 -0.0114349 0.999428 0.0318176 -0.0205958 0.010728 -0.0316953 0.99944 0.0923176
30 0.999886 0.0120941 -0.00903996 0.0124027 -0.0118054 0.999439 0.0313294 -0.0231553 0.00941379 -0.0312191 0.999468 0.0976133
31 0.999864 0.013578 -0.00937335 0.00997394 -0.0133393 0.999597 0.0250752 -0.0232625 0.00971004 -0.0249468 0.999642 0.107064
32 0.999781 0.0173406 -0.0116954 0.0094933 -0.0170155 0.999481 0.027351 -0.0246964 0.0121636 -0.027146 0.999557 0.112292
33 0.999762 0.017449 -0.0130945 0.00936904 -0.0170639 0.999435 0.0289651 -0.0299134 0.0135925 -0.0287348 0.999495 0.123861
34 0.999724 0.0189688 -0.0138847 0.00785092 -0.018622 0.999522 0.0246917 -0.0279501 0.0143464 -0.0244263 0.999599 0.128173
35 0.999642 0.0202736 -0.017437 0.00642608 -0.0198167 0.999466 0.0259883 -0.027817 0.0179545 -0.0256334 0.99951 0.13274
36 0.99933 0.0242957 -0.0273759 0.00564052 -0.0233741 0.999165 0.0334989 -0.0299971 0.028167 -0.0328366 0.999064 0.143477
37 0.99915 0.0282454 -0.0300249 0.0064248 -0.0271535 0.998977 0.0361725 -0.0312086 0.0310159 -0.0353265 0.998894 0.149019
38 0.998927 0.0353004 -0.0299781 0.0043893 -0.0340944 0.998625 0.0398307 -0.0321104 0.0313429 -0.0387659 0.998757 0.158969
39 0.998865 0.035805 -0.0314231 0.0027199 -0.0344333 0.998475 0.0431575 -0.0316239 0.0329204 -0.0420265 0.998574 0.163895
40 0.998731 0.035435 -0.0357933 0.00199055 -0.0336849 0.998261 0.0483688 -0.0341923 0.037445 -0.0471017 0.998188 0.169854
41 0.998306 0.0348642 -0.0465841 0.00267583 -0.0325895 0.99828 0.048727 -0.0332334 0.0482028 -0.0471263 0.997725 0.178707
42 0.998104 0.0363216 -0.0496978 0.00281518 -0.0336325 0.997979 0.0539152 -0.0333776 0.0515556 -0.0521415 0.997308 0.184227
43 0.997817 0.0396579 -0.0527977 0.00268808 -0.036223 0.99726 0.0644955 -0.036752 0.0552108 -0.0624423 0.99652 0.194961
44 0.997696 0.0397603 -0.054979 0.00248757 -0.0361224 0.997189 0.0656491 -0.0383866 0.0574347 -0.0635118 0.996327 0.19981
45 0.997515 0.0394595 -0.0583708 0.00242922 -0.0356824 0.997286 0.0643936 -0.0387082 0.0607533 -0.0621508 0.996216 0.204176
46 0.997127 0.0410784 -0.0636376 0.00325485 -0.0367639 0.997039 0.0675461 -0.0386675 0.0662238 -0.0650124 0.995685 0.21322
47 0.996885 0.0426176 -0.06636 0.00349598 -0.0379568 0.996826 0.0699791 -0.0399501 0.0691317 -0.0672423 0.995339 0.218323
48 0.996738 0.0427058 -0.0684784 0.00395508 -0.0377764 0.996708 0.0717315 -0.0407629 0.0713164 -0.0689106 0.995071 0.223208
49 0.996284 0.0414634 -0.0754886 0.00436991 -0.0357788 0.996529 0.0751589 -0.0453932 0.078343 -0.0721788 0.99431 0.234005
50 0.996024 0.0407205 -0.0792356 0.00549224 -0.0350462 0.996808 0.0717303 -0.0453446 0.0819036 -0.0686681 0.994272 0.23816
51 0.99572 0.0441268 -0.0812034 0.00658786 -0.0382258 0.996611 0.072842 -0.0452071 0.0841425 -0.0694262 0.994032 0.242469
52 0.99554 0.0458947 -0.082423 0.00671562 -0.039535 0.996232 0.0771994 -0.0516108 0.0856554 -0.0735965 0.993603 0.254211
53 0.995494 0.0423631 -0.084832 0.00643766 -0.0362606 0.996729 0.0722293 -0.0527021 0.0876144 -0.0688278 0.993774 0.258886
54 0.99516 0.0389211 -0.0902287 0.00692509 -0.0327313 0.997073 0.0690953 -0.0535578 0.0926539 -0.0658076 0.993521 0.263671
55 0.994201 0.0411738 -0.0993465 0.0081169 -0.0339752 0.996746 0.0730946 -0.0545837 0.102033 -0.0692954 0.992365 0.273925
56 0.99378 0.0415357 -0.103328 0.00897651 -0.0338029 0.996573 0.0754943 -0.0570702 0.10611 -0.071532 0.991778 0.280035
57 0.993487 0.0403746 -0.106556 0.00909051 -0.032548 0.996713 0.0741942 -0.0572323 0.109202 -0.0702428 0.991535 0.285139
58 0.993143 0.0386666 -0.110326 0.00870739 -0.0304162 0.996681 0.0755095 -0.0584636 0.112879 -0.0716361 0.991023 0.29041
59 0.991929 0.0397982 -0.120383 0.010749 -0.0304353 0.996438 0.0786389 -0.0606523 0.123084 -0.0743404 0.989608 0.301411
60 0.9915 0.0408014 -0.123542 0.0121924 -0.0311593 0.996388 0.0789975 -0.0607695 0.126319 -0.0744766 0.98919 0.306387
61 0.991327 0.0425737 -0.124331 0.0121799 -0.0326124 0.996174 0.0810838 -0.0608847 0.127308 -0.0763258 0.988922 0.311257
62 0.99067 0.0440283 -0.128973 0.0126433 -0.0326022 0.995462 0.0894021 -0.0623221 0.132324 -0.0843632 0.98761 0.322217
63 0.990467 0.0437956 -0.130603 0.013018 -0.0318271 0.995217 0.0923594 -0.0624027 0.134023 -0.0873222 0.987123 0.326929
64 0.99018 0.0452864 -0.132257 0.0134467 -0.0324995 0.994725 0.0972895 -0.0628027 0.135965 -0.0920358 0.986429 0.332194
65 0.989855 0.0498505 -0.133052 0.0140306 -0.0355978 0.993575 0.107428 -0.0653863 0.137553 -0.101602 0.98527 0.342985
66 0.989715 0.0510974 -0.133615 0.0135491 -0.0364299 0.993264 0.110002 -0.0667019 0.138336 -0.104003 0.984909 0.348512
67 0.989358 0.0513867 -0.136128 0.0133069 -0.0363851 0.993212 0.110484 -0.0667773 0.140882 -0.104355 0.984511 0.353198
68 0.988335 0.0534132 -0.142623 0.0127814 -0.0371235 0.992726 0.114527 -0.0685152 0.147703 -0.107897 0.983129 0.362322
69 0.988066 0.0524944 -0.144811 0.0124477 -0.0358333 0.992678 0.115353 -0.069449 0.149806 -0.108787 0.982712 0.367078
70 0.987825 0.0508476 -0.147023 0.0118515 -0.0339927 0.992788 0.114962 -0.0700418 0.151809 -0.108564 0.98243 0.371444
71 0.987129 0.0529543 -0.150904 0.0120706 -0.0350518 0.992285 0.118917 -0.0714575 0.156037 -0.112097 0.98137 0.380645
72 0.986937 0.0549763 -0.151436 0.011552 -0.0367193 0.991995 0.12082 -0.0729144 0.156866 -0.113681 0.981055 0.385552
73 0.986823 0.0554915 -0.151993 0.0111295 -0.0371223 0.991942 0.121133 -0.0738636 0.15749 -0.113894 0.980931 0.390334
74 0.986898 0.0564934 -0.151135 0.010904 -0.0380497 0.991769 0.122257 -0.0753346 0.156798 -0.114904 0.980924 0.39894
75 0.987123 0.0572909 -0.149355 0.0108748 -0.0388589 0.99158 0.123531 -0.0778079 0.155174 -0.116137 0.981037 0.404401
76 0.987665 0.0546904 -0.146721 0.0105739 -0.0372591 0.992192 0.119028 -0.0791102 0.152085 -0.112093 0.98199 0.408661
77 0.988466 0.0490758 -0.143272 0.0101293 -0.0330345 0.993129 0.112269 -0.0802794 0.147797 -0.106242 0.983295 0.416332
78 0.988997 0.0474333 -0.140122 0.010344 -0.031352 0.992891 0.114822 -0.0829059 0.144572 -0.109165 0.983454 0.421282
79 0.989706 0.0456226 -0.135651 0.00970837 -0.0301126 0.992994 0.114267 -0.0848141 0.139914 -0.109006 0.984145 0.426577
80 0.98993 0.0408876 -0.135527 0.00902186 -0.0268044 0.9942 0.104156 -0.0876461 0.138999 -0.0994748 0.985284 0.435818
81 0.989911 0.0427574 -0.135085 0.00922483 -0.0293178 0.99456 0.0999579 -0.0880018 0.138624 -0.0949891 0.985779 0.439402
82 0.990078 0.0469375 -0.132447 0.00912465 -0.0337876 0.99443 0.0998415 -0.088415 0.136395 -0.0943759 0.986149 0.442724
83 0.990953 0.0481086 -0.12529 0.00709031 -0.0356042 0.99433 0.100197 -0.0899013 0.1294 -0.0948298 0.987048 0.452329
84 0.990854 0.0464852 -0.126677 0.00627311 -0.0339562 0.994475 0.0993289 -0.0906876 0.130595 -0.094119 0.986958 0.45664
85 0.990418 0.046522 -0.130034 0.00588744 -0.0337242 0.994521 0.0989437 -0.0917492 0.133924 -0.0936103 0.98656 0.461183
86 0.98982 0.0496178 -0.133395 0.00505728 -0.0371634 0.994851 0.0942858 -0.0927018 0.137386 -0.0883686 0.986568 0.468224
87 0.989807 0.0495666 -0.13351 0.00378903 -0.0370167 0.994799 0.094895 -0.0924786 0.137519 -0.0889857 0.986494 0.471772
88 0.989237 0.0506067 -0.137295 0.00330821 -0.0372884 0.994497 0.0979003 -0.0934764 0.141494 -0.0917271 0.98568 0.476433
89 0.988148 0.0596779 -0.141431 0.00374557 -0.0453178 0.993683 0.102666 -0.0944173 0.146665 -0.09504 0.98461 0.483835
90 0.988242 0.0614893 -0.139991 0.00219239 -0.0470956 0.993471 0.103906 -0.0951803 0.145467 -0.0960917 0.984686 0.488112
91 0.988032 0.0567618 -0.143422 0.00159075 -0.0423887 0.993947 0.101357 -0.094698 0.148307 -0.0940643 0.984458 0.492584
92 0.986041 0.0576794 -0.156192 0.00208028 -0.0416261 0.993688 0.104168 -0.0951548 0.161214 -0.0962126 0.982218 0.498526
93 0.985163 0.0634333 -0.159468 0.00326964 -0.0462781 0.992955 0.109081 -0.096708 0.165264 -0.100083 0.981158 0.502125
94 0.985522 0.0717155 -0.153634 0.00212158 -0.0553777 0.992596 0.108105 -0.098659 0.16025 -0.0980318 0.982196 0.509938
95 0.985529 0.0691063 -0.15478 0.00143421 -0.0535636 0.993297 0.102433 -0.0985594 0.160821 -0.0926605 0.982624 0.513724
96 0.984678 0.0663652 -0.161261 0.00214919 -0.0511654 0.994003 0.0966493 -0.0978899 0.166708 -0.0869174 0.982168 0.51634
97 0.983198 0.069049 -0.168981 0.00337897 -0.0528016 0.993703 0.0988266 -0.100056 0.17474 -0.0882437 0.980652 0.522363
98 0.982707 0.0720275 -0.170582 0.00390294 -0.0562445 0.993828 0.0956203 -0.100906 0.176416 -0.0843724 0.980693 0.52626
99 0.982365 0.0720171 -0.172545 0.00480061 -0.0572025 0.994356 0.08935 -0.101139 0.178006 -0.0779043 0.980941 0.532278
100 0.981681 0.0718274 -0.176476 0.00596202 -0.0571109 0.994561 0.0871055 -0.101191 0.181773 -0.0754311 0.980443 0.535378
101 0.981107 0.0734144 -0.178997 0.00677421 -0.0581883 0.994341 0.0888844 -0.101754 0.184509 -0.0767896 0.979826 0.537806
102 0.98088 0.0758894 -0.179205 0.00842979 -0.0599977 0.993904 0.0924986 -0.10398 0.185132 -0.0799782 0.979454 0.545567
103 0.981142 0.0769399 -0.177316 0.00907887 -0.0615122 0.993956 0.0909258 -0.104317 0.18324 -0.078304 0.979945 0.549627
104 0.981345 0.0762886 -0.176472 0.00947076 -0.0614593 0.99422 0.0880303 -0.104513 0.182167 -0.0755423 0.980361 0.553772
105 0.980652 0.0790665 -0.179081 0.0115857 -0.0647784 0.994334 0.0842824 -0.105728 0.184731 -0.0710511 0.980218 0.560394
106 0.980244 0.0801819 -0.180811 0.0124623 -0.0658328 0.994287 0.0840193 -0.106291 0.186515 -0.0704561 0.979922 0.564004
107 0.979592 0.0882654 -0.180577 0.0137023 -0.0731441 0.993364 0.0887614 -0.107919 0.187214 -0.0737418 0.979547 0.571196
108 0.979622 0.0872881 -0.180893 0.0140426 -0.0728294 0.993707 0.0850981 -0.107518 0.187183 -0.0701896 0.979814 0.575771
109 0.978645 0.0871406 -0.186174 0.0156167 -0.0728895 0.993957 0.0820794 -0.108297 0.192202 -0.0667564 0.979082 0.579449
110 0.97764 0.0889098 -0.190565 0.015932 -0.0748855 0.994011 0.0795856 -0.1083 0.1965 -0.0635355 0.978443 0.583029
111 0.975839 0.10045 -0.194029 0.0161161 -0.0875346 0.993406 0.0740487 -0.10964 0.200188 -0.0552754 0.978197 0.590622
112 0.974474 0.102617 -0.199674 0.0171675 -0.0899622 0.993377 0.0714763 -0.110245 0.205687 -0.0516886 0.977252 0.593909
113 0.973012 0.103928 -0.206026 0.0175854 -0.0909505 0.993284 0.0715177 -0.1108 0.212075 -0.0508494 0.97593 0.596974
114 0.970016 0.108255 -0.217598 0.0185158 -0.0933722 0.992604 0.0775838 -0.112106 0.224387 -0.05494 0.97295 0.604245
115 0.968354 0.112217 -0.222932 0.018361 -0.0968379 0.992176 0.0787933 -0.112643 0.23003 -0.0547115 0.971644 0.608006
116 0.965884 0.115912 -0.231587 0.0182526 -0.0999722 0.991812 0.0794583 -0.113167 0.238901 -0.0535952 0.969564 0.614762
117 0.96431 0.116515 -0.237762 0.0191725 -0.0993825 0.991594 0.082855 -0.113896 0.245417 -0.0562685 0.967783 0.6176
118 0.963562 0.11562 -0.241204 0.0189199 -0.0971553 0.991448 0.0871317 -0.113793 0.249216 -0.0605226 0.966555 0.621211
119 0.962678 0.117003 -0.244051 0.0185513 -0.0976139 0.991135 0.0901259 -0.113914 0.252433 -0.0629395 0.965565 0.6244
120 0.962172 0.115911 -0.246557 0.0174721 -0.0956222 0.991085 0.0927684 -0.113301 0.255112 -0.0656828 0.964678 0.63157
121 0.960844 0.114457 -0.252348 0.0183471 -0.0934576 0.991202 0.0937264 -0.113734 0.260855 -0.0664726 0.963087 0.634631
122 0.959767 0.115358 -0.256009 0.0187275 -0.0931849 0.990897 0.097154 -0.113875 0.264886 -0.0693891 0.96178 0.637183
123 0.959248 0.123959 -0.253924 0.0170646 -0.0999542 0.989394 0.1054 -0.114023 0.264296 -0.0757243 0.961464 0.642952
124 0.959196 0.123821 -0.254189 0.017199 -0.0991645 0.989228 0.107673 -0.114315 0.264783 -0.0780733 0.961142 0.646126
125 0.959644 0.121132 -0.253792 0.0168948 -0.0962552 0.989449 0.108289 -0.114171 0.264232 -0.0794902 0.961178 0.648986
126 0.959372 0.118796 -0.255917 0.017594 -0.0935 0.989647 0.108884 -0.114548 0.266202 -0.0805324 0.960547 0.651827
127 0.959001 0.121417 -0.256075 0.0181247 -0.0941792 0.98876 0.116117 -0.115015 0.267296 -0.0872397 0.959657 0.657246
128 0.95921 0.123868 -0.254112 0.0174903 -0.0967905 0.988466 0.116472 -0.114924 0.265608 -0.0871257 0.960136 0.660292
129 0.959897 0.125099 -0.250894 0.0166563 -0.0990444 0.988536 0.113963 -0.114797 0.262274 -0.0845436 0.961283 0.662921
130 0.96004 0.121757 -0.251988 0.0179399 -0.0962985 0.989138 0.111052 -0.11488 0.262772 -0.0823484 0.961337 0.668277
131 0.959341 0.121518 -0.254753 0.0181508 -0.0966458 0.98944 0.108021 -0.114859 0.265189 -0.0790083 0.960954 0.671122
132 0.95928 0.126361 -0.252617 0.0171604 -0.101471 0.988817 0.109292 -0.116555 0.263602 -0.0792086 0.961374 0.673502
133 0.959453 0.128122 -0.251066 0.0171729 -0.103541 0.988652 0.108837 -0.116695 0.262161 -0.0784283 0.961832 0.67658
134 0.959027 0.1266 -0.253457 0.0174079 -0.101192 0.988662 0.110939 -0.118258 0.264628 -0.0807457 0.960964 0.682098
135 0.958469 0.125143 -0.256274 0.0176035 -0.0984166 0.988521 0.114634 -0.11877 0.267677 -0.0846512 0.959783 0.685386
136 0.958337 0.124387 -0.257134 0.0165573 -0.0976334 0.98863 0.114364 -0.118269 0.268435 -0.0844943 0.959585 0.688854
137 0.958428 0.124883 -0.256553 0.015526 -0.0987609 0.988749 0.112346 -0.118295 0.267696 -0.0823383 0.959979 0.691901
138 0.958094 0.123331 -0.258544 0.0159616 -0.0959697 0.988608 0.115948 -0.120102 0.269899 -0.0862763 0.959016 0.697449
139 0.958926 0.123708 -0.25526 0.0150489 -0.0964946 0.988485 0.116558 -0.119541 0.26674 -0.0871393 0.959821 0.700113
140 0.960245 0.123556 -0.250328 0.0143796 -0.0975914 0.988716 0.113651 -0.119096 0.261546 -0.0847032 0.961467 0.703349
141 0.960068 0.124659 -0.250457 0.0153851 -0.0981013 0.988404 0.115907 -0.120645 0.262002 -0.0867088 0.961164 0.706376
142 0.961032 0.124323 -0.246904 0.0148888 -0.0977251 0.988283 0.117249 -0.120566 0.258588 -0.0885514 0.961921 0.712136
143 0.961843 0.123573 -0.244107 0.0149765 -0.09755 0.988447 0.116005 -0.12098 0.255622 -0.0877659 0.962785 0.714987
144 0.961548 0.121617 -0.246241 0.0160267 -0.0951837 0.988609 0.116586 -0.121448 0.257614 -0.0886646 0.962171 0.717807
145 0.960948 0.119046 -0.249814 0.0163359 -0.0921824 0.988886 0.116648 -0.121578 0.260924 -0.0890643 0.961242 0.720848
146 0.960878 0.118339 -0.250419 0.0158063 -0.0908971 0.988787 0.118484 -0.122196 0.261632 -0.0910866 0.96086 0.723637
147 0.960201 0.120509 -0.251977 0.0154161 -0.0909134 0.987855 0.126006 -0.122567 0.264101 -0.0980831 0.959495 0.729033
148 0.960107 0.123443 -0.250912 0.0151545 -0.0936784 0.987426 0.127332 -0.122166 0.263476 -0.0987475 0.959599 0.731953
149 0.960068 0.127148 -0.249203 0.0148372 -0.0972218 0.986872 0.128967 -0.1221 0.262329 -0.0995889 0.959826 0.734348
150 0.960312 0.125791 -0.248955 0.0148958 -0.0952861 0.986787 0.131045 -0.121975 0.262149 -0.102122 0.959609 0.737207
151 0.959655 0.123061 -0.252822 0.0154765 -0.0920483 0.98709 0.131071 -0.121551 0.265687 -0.102511 0.958594 0.74019
152 0.957424 0.128694 -0.258413 0.0147361 -0.0972948 0.986614 0.130871 -0.121498 0.271796 -0.100157 0.957129 0.74449
153 0.957409 0.130652 -0.257485 0.0142708 -0.0986183 0.986106 0.133673 -0.121511 0.271373 -0.102587 0.956992 0.74677
154 0.957103 0.130213 -0.258839 0.0143963 -0.0977136 0.986052 0.134734 -0.121173 0.272773 -0.103662 0.956477 0.748866
155 0.95627 0.131305 -0.261356 0.0143761 -0.0979737 0.985747 0.136764 -0.121294 0.275589 -0.105178 0.955504 0.750731
156 0.956499 0.13204 -0.260143 0.0136889 -0.0980135 0.985325 0.13974 -0.121217 0.274777 -0.108164 0.955405 0.752006
157 0.956457 0.131822 -0.260408 0.0137661 -0.0974527 0.98523 0.1408 -0.120668 0.275122 -0.109291 0.955177 0.753974
158 0.956032 0.131195 -0.262281 0.0137098 -0.0969954 0.985476 0.139389 -0.120518 0.276759 -0.10782 0.954871 0.756361
159 0.956302 0.1322 -0.260787 0.0134212 -0.0971256 0.984927 0.143127 -0.120981 0.275778 -0.111544 0.954727 0.757274
160 0.956113 0.134142 -0.260489 0.0139475 -0.0978849 0.9842 0.147542 -0.121025 0.276165 -0.115569 0.954137 0.758238
161 0.956007 0.135397 -0.260229 0.013889 -0.0985602 0.983794 0.149784 -0.120647 0.276292 -0.117547 0.953858 0.759574
162 0.956367 0.136252 -0.258452 0.0136944 -0.0985837 0.983213 0.153539 -0.12074 0.275033 -0.121361 0.953744 0.760187
163 0.956852 0.136601 -0.256464 0.0137342 -0.0982363 0.982715 0.156913 -0.120531 0.273465 -0.124949 0.953732 0.76092
164 0.956411 0.136168 -0.258334 0.0149684 -0.0973493 0.982698 0.15757 -0.119856 0.27532 -0.125553 0.953119 0.762086
165 0.957026 0.132454 -0.257986 0.0147826 -0.0928938 0.982743 0.159958 -0.119256 0.274721 -0.129119 0.952815 0.762983
166 0.956848 0.133272 -0.258226 0.0154228 -0.0928896 0.982283 0.162764 -0.119025 0.275342 -0.131754 0.952275 0.763375
167 0.956233 0.134375 -0.259926 0.0161443 -0.0931302 0.981887 0.164998 -0.118719 0.27739 -0.133569 0.951427 0.763573
168 0.955456 0.134482 -0.262713 0.0168197 -0.0921748 0.981597 0.167248 -0.118473 0.280371 -0.135582 0.950268 0.763583
169 0.954783 0.134416 -0.265182 0.0172981 -0.0915864 0.981561 0.16778 -0.118006 0.282845 -0.135907 0.949488 0.763298
170 0.95379 0.135118 -0.268381 0.018266 -0.0913445 0.981302 0.169417 -0.11811 0.286254 -0.137073 0.948298 0.762561
171 0.951298 0.136412 -0.276448 0.0204893 -0.0900008 0.980595 0.174163 -0.118223 0.294842 -0.1408 0.945116 0.760592
172 0.950589 0.14179 -0.276182 0.0214272 -0.0951773 0.979873 0.175471 -0.118005 0.295504 -0.140514 0.944951 0.758843
173 0.949846 0.147543 -0.275724 0.023091 -0.0998516 0.978641 0.179701 -0.118567 0.296348 -0.143157 0.94429 0.757184
174 0.94845 0.150802 -0.278751 0.0254294 -0.101203 0.977602 0.18453 -0.118818 0.300335 -0.146807 0.942468 0.75555
175 0.943912 0.157247 -0.29035 0.0298295 -0.104309 0.976298 0.189637 -0.118615 0.313288 -0.148715 0.937942 0.751625
176 0.941429 0.161197 -0.296187 0.0322711 -0.105893 0.975233 0.194183 -0.118397 0.320153 -0.151445 0.935183 0.74945
177 0.939771 0.166375 -0.298579 0.0341906 -0.11004 0.974299 0.196554 -0.118194 0.323607 -0.15186 0.933926 0.746751
178 0.938021 0.172558 -0.300566 0.0370798 -0.114875 0.973015 0.200112 -0.118164 0.326986 -0.153182 0.932532 0.74401
179 0.934699 0.178771 -0.307211 0.0434231 -0.118831 0.971747 0.203929 -0.117666 0.334988 -0.154106 0.929534 0.738847
180 0.933353 0.1842 -0.308094 0.0469902 -0.123995 0.970909 0.204842 -0.117311 0.336864 -0.152987 0.929041 0.735555
181 0.931842 0.191992 -0.307911 0.050816 -0.131261 0.969445 0.207239 -0.117378 0.338291 -0.152697 0.92857 0.732569
182 0.926742 0.202253 -0.316612 0.0591982 -0.137393 0.966803 0.215441 -0.117174 0.349675 -0.156158 0.923765 0.727427
183 0.923726 0.20422 -0.324074 0.0636805 -0.136791 0.96611 0.218905 -0.116915 0.357796 -0.157878 0.920357 0.724162
184 0.921978 0.208599 -0.326255 0.0669419 -0.139751 0.964969 0.222047 -0.116693 0.361145 -0.159128 0.918832 0.720743
185 0.919126 0.222339 -0.325227 0.0743996 -0.152853 0.962115 0.225765 -0.116009 0.363103 -0.157794 0.91829 0.71431
186 0.916315 0.226565 -0.330205 0.0794079 -0.155712 0.961258 0.227456 -0.115917 0.368946 -0.157004 0.916094 0.711651
187 0.912447 0.229448 -0.338814 0.0847173 -0.156867 0.960879 0.228264 -0.115412 0.377934 -0.15513 0.912744 0.708833
188 0.909981 0.234938 -0.341671 0.091014 -0.162587 0.960178 0.227211 -0.113974 0.381445 -0.151206 0.911941 0.700529
189 0.910296 0.232518 -0.342485 0.0954879 -0.160308 0.960796 0.226211 -0.113302 0.381657 -0.151016 0.911884 0.69843
190 0.906519 0.234637 -0.350954 0.104681 -0.158558 0.959691 0.232062 -0.113231 0.391258 -0.154722 0.907181 0.693636
191 0.904669 0.233404 -0.356505 0.109524 -0.157013 0.960365 0.230316 -0.112035 0.396132 -0.152384 0.90546 0.691154
192 0.905003 0.23111 -0.357152 0.113582 -0.154465 0.960781 0.230306 -0.112077 0.396371 -0.15326 0.905208 0.687741
193 0.903294 0.234371 -0.359346 0.121632 -0.156095 0.959729 0.233571 -0.111079 0.399617 -0.154892 0.903501 0.684215
194 0.902602 0.236244 -0.359858 0.125941 -0.157777 0.959335 0.234059 -0.111508 0.400519 -0.154485 0.903172 0.681931
195 0.899523 0.237792 -0.366488 0.135092 -0.15857 0.959391 0.233292 -0.110137 0.40708 -0.151738 0.900701 0.681059
196 0.897426 0.23952 -0.370483 0.139202 -0.160064 0.959336 0.232493 -0.110239 0.411104 -0.149345 0.899272 0.678104
197 0.896363 0.242495 -0.371119 0.143244 -0.162145 0.958462 0.234646 -0.109988 0.412604 -0.150153 0.89845 0.676126
198 0.894291 0.252271 -0.369598 0.150839 -0.170255 0.955645 0.240325 -0.109035 0.413831 -0.151994 0.897575 0.673928
199 0.890846 0.255836 -0.375421 0.158952 -0.170444 0.954214 0.245813 -0.106785 0.42112 -0.154993 0.893664 0.673217
200 0.888405 0.255345 -0.381492 0.162884 -0.167536 0.954052 0.248427 -0.1061 0.427398 -0.15679 0.890364 0.673179
201 0.884755 0.259306 -0.387258 0.172101 -0.168998 0.952874 0.251936 -0.105023 0.434336 -0.157456 0.886882 0.670955
202 0.882651 0.262403 -0.389964 0.177201 -0.171318 0.952189 0.252954 -0.103873 0.437695 -0.156463 0.885405 0.671348
203 0.880421 0.266223 -0.392408 0.185267 -0.17286 0.950772 0.2572 -0.102169 0.441563 -0.158612 0.883099 0.670082
204 0.878125 0.266963 -0.397023 0.188184 -0.171518 0.950345 0.259664 -0.101559 0.44663 -0.159921 0.880311 0.671073
205 0.870318 0.268676 -0.412746 0.198445 -0.172608 0.951329 0.255303 -0.102151 0.461252 -0.150952 0.874334 0.671587
206 0.869191 0.266736 -0.416364 0.202406 -0.170162 0.951951 0.254625 -0.102386 0.464276 -0.150468 0.872816 0.671052
207 0.863879 0.264237 -0.428827 0.21244 -0.165347 0.952941 0.254096 -0.102855 0.475788 -0.148603 0.866916 0.669356
208 0.861302 0.264573 -0.433775 0.21748 -0.164143 0.952841 0.255246 -0.103221 0.480849 -0.148642 0.864112 0.670562
209 0.858762 0.265966 -0.437938 0.225458 -0.166771 0.953272 0.251911 -0.103855 0.484474 -0.143297 0.86299 0.67019
210 0.857084 0.258312 -0.445738 0.234686 -0.159415 0.955727 0.24733 -0.10489 0.489892 -0.140925 0.860317 0.670726
211 0.855457 0.255361 -0.450537 0.240141 -0.158984 0.957462 0.240811 -0.104093 0.492866 -0.134375 0.859666 0.67114
212 0.851648 0.251832 -0.459648 0.247734 -0.154596 0.958683 0.238803 -0.104769 0.500795 -0.132316 0.855393 0.668684
213 0.848092 0.251728 -0.466233 0.252987 -0.153106 0.958827 0.239184 -0.105506 0.507246 -0.131467 0.851715 0.668753
214 0.843327 0.260795 -0.469879 0.262902 -0.164141 0.957572 0.236883 -0.105962 0.511721 -0.122643 0.850353 0.667933
215 0.842019 0.260401 -0.472435 0.265899 -0.163816 0.957849 0.235988 -0.105867 0.513973 -0.121314 0.849185 0.666887
216 0.834653 0.259378 -0.485878 0.277034 -0.161156 0.958572 0.23488 -0.106337 0.526672 -0.117741 0.841875 0.666104
217 0.834019 0.261911 -0.485608 0.280968 -0.164476 0.958152 0.234293 -0.10665 0.52665 -0.115534 0.842195 0.665128
218 0.830414 0.256063 -0.494817 0.289038 -0.158827 0.960075 0.230282 -0.105852 0.534028 -0.112639 0.83793 0.662771
219 0.825357 0.256259 -0.503108 0.296159 -0.157925 0.960281 0.230043 -0.10606 0.542076 -0.110414 0.833044 0.662265
220 0.824493 0.263856 -0.50059 0.304627 -0.169159 0.959109 0.226924 -0.106454 0.539996 -0.102418 0.835413 0.65843
221 0.82312 0.262073 -0.503777 0.308197 -0.167298 0.959679 0.225892 -0.105129 0.542665 -0.101655 0.833775 0.655931
222 0.811394 0.256819 -0.525056 0.318079 -0.152725 0.960247 0.23367 -0.104389 0.564194 -0.109409 0.818361 0.652846
223 0.805529 0.257972 -0.533455 0.32481 -0.149219 0.959559 0.238706 -0.104881 0.573461 -0.112683 0.811446 0.650809
224 0.803036 0.272158 -0.530153 0.335112 -0.163419 0.95609 0.243281 -0.104842 0.573085 -0.108726 0.812251 0.647936
225 0.801642 0.273733 -0.53145 0.338887 -0.163939 0.955586 0.244906 -0.10393 0.574886 -0.109202 0.810914 0.644804
226 0.791657 0.276307 -0.544917 0.348999 -0.158009 0.954143 0.254254 -0.104124 0.59018 -0.11518 0.799012 0.641247
227 0.785249 0.280717 -0.551889 0.358006 -0.158826 0.95282 0.258666 -0.10411 0.598463 -0.115463 0.792786 0.638034
228 0.781809 0.276258 -0.558978 0.362902 -0.15232 0.953949 0.25842 -0.103517 0.604627 -0.116891 0.787885 0.636259
229 0.774114 0.275442 -0.569982 0.374289 -0.151411 0.954807 0.25577 -0.103902 0.614672 -0.111694 0.780834 0.634177
230 0.772239 0.276136 -0.572185 0.379054 -0.153467 0.955014 0.253766 -0.103355 0.616518 -0.108156 0.779877 0.631995
231 0.763812 0.272787 -0.58496 0.389811 -0.146666 0.955945 0.25428 -0.103206 0.628554 -0.108428 0.770171 0.630962
232 0.761518 0.26899 -0.589691 0.394807 -0.141628 0.956887 0.253592 -0.102926 0.632481 -0.109598 0.766783 0.630082
233 0.755234 0.273221 -0.595795 0.404439 -0.144703 0.956052 0.255002 -0.102922 0.639283 -0.106372 0.761579 0.629401
234 0.748184 0.278289 -0.602309 0.412745 -0.149436 0.955142 0.255682 -0.102426 0.646443 -0.10129 0.756208 0.629638
235 0.744828 0.278178 -0.606505 0.415866 -0.148546 0.955271 0.255718 -0.103199 0.650512 -0.100371 0.752834 0.629319
236 0.736135 0.271537 -0.619978 0.425285 -0.141532 0.957501 0.251316 -0.102915 0.661871 -0.0972556 0.743282 0.6299
237 0.732014 0.272418 -0.624455 0.430538 -0.142341 0.957503 0.250852 -0.102729 0.666254 -0.0947415 0.739682 0.630983
238 0.727808 0.276602 -0.627524 0.438462 -0.145794 0.956541 0.252534 -0.10203 0.670104 -0.0923068 0.736505 0.630852
239 0.718935 0.281733 -0.63542 0.446749 -0.146681 0.955079 0.257504 -0.102652 0.679424 -0.0919241 0.727965 0.631557
240 0.70887 0.292483 -0.641839 0.456746 -0.156788 0.952546 0.260907 -0.103194 0.687693 -0.0843164 0.721089 0.632231
241 0.705953 0.299145 -0.641983 0.460768 -0.163716 0.9508 0.263015 -0.104261 0.689077 -0.0805733 0.720195 0.632332
242 0.699781 0.302692 -0.647059 0.467847 -0.166046 0.949904 0.264786 -0.104991 0.694792 -0.0778503 0.714985 0.630962
243 0.688438 0.302624 -0.659145 0.476015 -0.163574 0.950163 0.265393 -0.107984 0.70661 -0.0748873 0.70363 0.631105
244 0.684722 0.301655 -0.663446 0.481354 -0.16512 0.950859 0.261921 -0.109108 0.709853 -0.0697954 0.700883 0.631838
245 0.681949 0.301377 -0.666421 0.489405 -0.17023 0.951538 0.256119 -0.110631 0.711313 -0.0612159 0.700204 0.630616
246 0.677739 0.295999 -0.673093 0.49904 -0.168334 0.953544 0.249834 -0.11166 0.715775 -0.0560179 0.696081 0.631003
247 0.674204 0.295821 -0.676712 0.506764 -0.168522 0.953724 0.249018 -0.112262 0.719061 -0.0538478 0.692857 0.629594
248 0.671264 0.296436 -0.67936 0.511427 -0.168757 0.953596 0.249352 -0.112594 0.721752 -0.0527345 0.69014 0.629671
249 0.67005 0.303353 -0.677503 0.519134 -0.177158 0.951664 0.2509 -0.114886 0.720866 -0.0480907 0.691404 0.629745
250 0.667101 0.299553 -0.682088 0.526434 -0.17695 0.953106 0.245514 -0.114073 0.723647 -0.0430876 0.688824 0.628225
251 0.66209 0.299947 -0.686781 0.534392 -0.18129 0.953297 0.241574 -0.115229 0.727166 -0.0354369 0.685547 0.628093
252 0.659453 0.298909 -0.689764 0.541363 -0.184399 0.953837 0.237049 -0.113989 0.728779 -0.029131 0.68413 0.625205
253 0.652452 0.300167 -0.695849 0.549468 -0.186918 0.953586 0.236086 -0.113458 0.734417 -0.023968 0.678275 0.624003
254 0.64967 0.301628 -0.697818 0.555264 -0.19122 0.953245 0.234008 -0.113007 0.735774 -0.0185919 0.676972 0.622189
255 0.643905 0.289699 -0.708139 0.561894 -0.181755 0.956968 0.226226 -0.11091 0.743203 -0.0169597 0.668851 0.620191
256 0.640407 0.279619 -0.715327 0.570308 -0.173076 0.959956 0.220295 -0.108278 0.748281 -0.017273 0.663157 0.619636
257 0.640499 0.275781 -0.716733 0.576511 -0.169067 0.961035 0.218698 -0.106726 0.749118 -0.0188998 0.662167 0.619817
258 0.642488 0.267391 -0.718131 0.582787 -0.163692 0.963404 0.212267 -0.103776 0.748608 -0.0188261 0.662745 0.619283
259 0.643984 0.264949 -0.717695 0.586186 -0.169829 0.964219 0.20357 -0.10463 0.745951 -0.00921012 0.665937 0.620043
260 0.645167 0.250774 -0.721714 0.591564 -0.166974 0.968046 0.187103 -0.0990922 0.745573 -0.000205499 0.666424 0.618956
261 0.64436 0.246044 -0.72406 0.595568 -0.165993 0.969254 0.181641 -0.0968943 0.746489 0.00314676 0.66539 0.620077
262 0.644789 0.255634 -0.720346 0.597717 -0.176297 0.966744 0.18527 -0.0944537 0.743751 0.00753444 0.668414 0.621367
263 0.648345 0.252128 -0.718387 0.599754 -0.181817 0.967547 0.175485 -0.0920631 0.739318 0.0168402 0.673146 0.623124
264 0.650645 0.243958 -0.719129 0.600997 -0.173664 0.969698 0.171835 -0.0890874 0.739258 0.0130838 0.673295 0.625205
265 0.650808 0.235239 -0.721881 0.60303 -0.168926 0.971823 0.164392 -0.0863903 0.740211 0.014957 0.672208 0.629323
266 0.658273 0.228126 -0.717381 0.607727 -0.170598 0.97339 0.152994 -0.082308 0.733194 0.0216722 0.679674 0.632944
267 0.660394 0.228947 -0.715167 0.607372 -0.17098 0.973217 0.153672 -0.0794244 0.731195 0.0207948 0.681852 0.63633
268 0.660686 0.231707 -0.714007 0.610336 -0.181963 0.972235 0.147132 -0.0750388 0.728274 0.0327148 0.684505 0.639776
269 0.656944 0.248608 -0.711771 0.609103 -0.200757 0.967668 0.152695 -0.0735591 0.726719 0.0425811 0.685614 0.642723
270 0.651115 0.258987 -0.713424 0.605487 -0.206851 0.964949 0.16151 -0.0702671 0.730247 0.0424105 0.681865 0.646301
271 0.643098 0.264237 -0.718751 0.60663 -0.216338 0.963039 0.160478 -0.0676981 0.73459 0.0522904 0.676494 0.651147
272 0.640943 0.274224 -0.716933 0.603316 -0.231542 0.959572 0.160032 -0.0660979 0.731833 0.0634289 0.678525 0.656638
273 0.640005 0.275515 -0.717276 0.602601 -0.238469 0.958629 0.155443 -0.0637747 0.730429 0.0715632 0.679229 0.661229
274 0.637013 0.270336 -0.721895 0.599938 -0.233237 0.960187 0.15376 -0.0613041 0.734721 0.0704254 0.674704 0.66782
275 0.638811 0.270324 -0.720309 0.598514 -0.248903 0.958506 0.138975 -0.0583837 0.727989 0.0905079 0.679589 0.678213
276 0.639686 0.268561 -0.720192 0.597784 -0.251086 0.958583 0.134439 -0.0570569 0.726469 0.0948316 0.680624 0.679555
277 0.632879 0.274036 -0.724133 0.596106 -0.25667 0.95664 0.1377 -0.0552271 0.730469 0.0987158 0.675774 0.685041
278 0.632978 0.274428 -0.723898 0.592703 -0.260469 0.956043 0.134679 -0.0534991 0.729037 0.103305 0.676634 0.689776
279 0.62572 0.269355 -0.732067 0.590463 -0.263607 0.956294 0.126543 -0.0512413 0.734157 0.113798 0.669376 0.694013
280 0.622918 0.269699 -0.734327 0.589547 -0.270111 0.955112 0.121657 -0.0480882 0.734175 0.122568 0.667805 0.698458
281 0.618382 0.269509 -0.73822 0.586201 -0.274183 0.95432 0.118728 -0.0447439 0.736497 0.128988 0.664029 0.701235
282 0.612189 0.260256 -0.746653 0.585683 -0.271703 0.956021 0.110461 -0.0421927 0.742564 0.135245 0.655978 0.706014
283 0.623603 0.2343 -0.745804 0.582045 -0.25214 0.963326 0.0918093 -0.0376716 0.739963 0.130794 0.659809 0.70996
284 0.624868 0.206107 -0.753034 0.583918 -0.237225 0.969045 0.0683808 -0.0342734 0.743818 0.135909 0.654419 0.712611
285 0.627606 0.202488 -0.751737 0.583615 -0.244245 0.968046 0.0568392 -0.030126 0.739226 0.147935 0.657009 0.715078
286 0.633872 0.205838 -0.745545 0.583736 -0.250352 0.966646 0.0540298 -0.026976 0.731799 0.152401 0.664262 0.718023
287 0.640612 0.195411 -0.742584 0.582699 -0.243411 0.96888 0.044975 -0.0235796 0.728263 0.151941 0.668241 0.721905
288 0.647564 0.183743 -0.739526 0.584388 -0.234434 0.971462 0.0360884 -0.0205274 0.725053 0.15 0.67216 0.724204
289 0.656042 0.191102 -0.730129 0.584925 -0.240237 0.969969 0.0380176 -0.0179989 0.715468 0.150463 0.682251 0.726504
290 0.663856 0.19254 -0.722651 0.58367 -0.247665 0.968366 0.0304925 -0.0162313 0.705661 0.158733 0.69054 0.729646
291 0.669742 0.190218 -0.717818 0.583985 -0.251271 0.967667 0.0219844 -0.0148489 0.698791 0.165643 0.695883 0.731488
292 0.674004 0.188171 -0.71436 0.583276 -0.243633 0.969532 0.0255165 -0.0127767 0.697396 0.156844 0.699313 0.733088
293 0.674583 0.182782 -0.715212 0.582773 -0.237543 0.971077 0.0241226 -0.0106139 0.698936 0.153621 0.698491 0.735662
294 0.67556 0.185133 -0.713684 0.581106 -0.240652 0.970317 0.0239082 -0.00840923 0.696926 0.155598 0.70006 0.739017
295 0.67535 0.186414 -0.713549 0.579446 -0.243216 0.969696 0.0231362 -0.00632247 0.696239 0.157922 0.700223 0.741599
296 0.674212 0.183146 -0.715468 0.577039 -0.240797 0.970338 0.0214763 -0.00465227 0.698179 0.157803 0.698315 0.744443
297 0.673028 0.180103 -0.717354 0.576881 -0.236219 0.971444 0.0222736 -0.00324061 0.700881 0.154462 0.696353 0.745101
298 0.670726 0.181501 -0.719155 0.574733 -0.234966 0.971654 0.026084 -0.00135801 0.703503 0.151481 0.69436 0.748341
299 0.669462 0.175842 -0.721734 0.572413 -0.230744 0.972743 0.0229646 0.0020293 0.7061 0.151162 0.691789 0.751687
300 0.66802 0.171944 -0.724006 0.571723 -0.227117 0.973626 0.0216723 0.00437385 0.708637 0.149956 0.689453 0.754919
301 0.667958 0.171766 -0.724106 0.570563 -0.225663 0.973937 0.0228637 0.0062473 0.709161 0.148132 0.68931 0.757435
302 0.670242 0.166694 -0.72318 0.569604 -0.220623 0.975148 0.0202993 0.00780512 0.708591 0.145945 0.690362 0.760622
303 0.669873 0.167206 -0.723403 0.570475 -0.222044 0.974838 0.0197086 0.00925977 0.708496 0.147425 0.690145 0.763401
304 0.670143 0.167012 -0.723198 0.568223 -0.221193 0.975021 0.0202004 0.0098091 0.708506 0.146429 0.690346 0.767814
305 0.670941 0.163248 -0.723317 0.569841 -0.220624 0.975236 0.0154554 0.0105979 0.707929 0.149212 0.690343 0.768968
306 0.674806 0.161029 -0.720213 0.568735 -0.221442 0.975117 0.0105407 0.0110395 0.703989 0.152372 0.693673 0.772311
307 0.676745 0.155731 -0.719558 0.571539 -0.219848 0.975524 0.00436095 0.0129243 0.702625 0.155242 0.694419 0.771385
308 0.678853 0.155477 -0.717625 0.569914 -0.221303 0.975203 0.00193536 0.0135444 0.700131 0.157499 0.696428 0.776531
309 0.681945 0.146971 -0.716485 0.572321 -0.214034 0.97682 -0.00334261 0.0161048 0.699386 0.155632 0.697595 0.775265
310 0.68675 0.154187 -0.710353 0.572248 -0.216934 0.976184 0.00216245 0.0189363 0.693768 0.152614 0.703843 0.775066
311 0.688458 0.155324 -0.708449 0.571675 -0.214576 0.976691 0.00561354 0.01991 0.692808 0.148151 0.705739 0.777143
312 0.692609 0.145972 -0.706389 0.570381 -0.201598 0.979457 0.00473488 0.0228927 0.692568 0.139127 0.707808 0.78135
313 0.701502 0.138182 -0.699143 0.569626 -0.189899 0.981797 0.0035073 0.0255027 0.686901 0.130306 0.714974 0.782912
314 0.705441 0.129094 -0.696914 0.566604 -0.182587 0.983186 -0.00269972 0.026737 0.684847 0.129152 0.71715 0.788616
315 0.713071 0.118345 -0.691031 0.56568 -0.174486 0.984593 -0.0114309 0.0287367 0.679032 0.128727 0.722734 0.788501
316 0.715778 0.113324 -0.689071 0.563117 -0.1661 0.986054 -0.0103725 0.0305828 0.678286 0.121879 0.724619 0.790333
317 0.71765 0.116685 -0.686559 0.560465 -0.172033 0.985013 -0.0124146 0.0317604 0.674821 0.12702 0.726968 0.792979
318 0.717846 0.116146 -0.686445 0.559941 -0.172633 0.984888 -0.0138886 0.0332012 0.674459 0.128473 0.727049 0.793199
319 0.725077 0.115214 -0.678962 0.556866 -0.171206 0.985111 -0.0156703 0.0345067 0.667047 0.127605 0.734006 0.795549
320 0.729833 0.10909 -0.674865 0.557037 -0.166113 0.985898 -0.0202756 0.0372417 0.663137 0.126902 0.737662 0.795649
321 0.733858 0.112536 -0.669917 0.55645 -0.168674 0.985484 -0.0192271 0.0382049 0.658029 0.127108 0.742187 0.796406
322 0.736694 0.107313 -0.667657 0.553566 -0.160883 0.986792 -0.0189105 0.0386085 0.656809 0.121346 0.744229 0.799207
323 0.739012 0.101602 -0.665986 0.55448 -0.156382 0.987431 -0.0228881 0.0413619 0.65529 0.121063 0.745613 0.799995
324 0.740945 0.106774 -0.663024 0.552913 -0.160988 0.986733 -0.021004 0.0431744 0.651984 0.122302 0.748304 0.801878
325 0.745273 0.104858 -0.658462 0.553247 -0.15837 0.987133 -0.0220517 0.0456771 0.647678 0.120715 0.75229 0.803221
326 0.747041 0.105522 -0.656349 0.552631 -0.158688 0.987085 -0.02192 0.0466493 0.64556 0.12053 0.754139 0.804175
327 0.752043 0.10578 -0.650571 0.551583 -0.158215 0.987151 -0.0223867 0.0486962 0.639843 0.119766 0.759116 0.805884
328 0.753388 0.0996007 -0.64999 0.550334 -0.151524 0.988157 -0.0242081 0.0503863 0.639881 0.116727 0.759557 0.80727
329 0.753877 0.103314 -0.648842 0.550333 -0.156528 0.987366 -0.0246498 0.052261 0.638098 0.120145 0.760524 0.807078
330 0.754696 0.105929 -0.647466 0.546946 -0.154484 0.987823 -0.0184567 0.0537276 0.637627 0.113953 0.76187 0.810115
331 0.754582 0.101748 -0.648269 0.545921 -0.15223 0.988098 -0.0221093 0.0569716 0.638304 0.115369 0.76109 0.81237
332 0.756182 0.101203 -0.646488 0.542268 -0.153291 0.987873 -0.0246563 0.0590646 0.636153 0.117746 0.762525 0.815102
333 0.756959 0.0946056 -0.646578 0.54118 -0.147345 0.988693 -0.0278362 0.0600253 0.636634 0.116341 0.76234 0.816375
334 0.757962 0.0921931 -0.645751 0.539867 -0.147524 0.98854 -0.0320258 0.0626157 0.635398 0.119538 0.762876 0.819087
335 0.759081 0.0876465 -0.645069 0.536715 -0.145012 0.988764 -0.036297 0.0640466 0.63464 0.121095 0.763262 0.822616
336 0.758827 0.0854113 -0.645668 0.534996 -0.144566 0.988722 -0.0391113 0.0661341 0.635045 0.123021 0.762616 0.824867
337 0.758347 0.0831493 -0.646526 0.533311 -0.143606 0.988774 -0.0412786 0.0669099 0.635836 0.124149 0.761774 0.827438
338 0.760477 0.0760002 -0.644902 0.531711 -0.138034 0.98935 -0.0461788 0.0687424 0.634524 0.124136 0.762869 0.82832
339 0.761444 0.0761398 -0.643744 0.529783 -0.13836 0.989283 -0.046648 0.0710616 0.633293 0.124588 0.763818 0.831249
340 0.763152 0.07615 -0.641716 0.527212 -0.135276 0.989856 -0.0434131 0.0729971 0.631901 0.11994 0.765712 0.833259
341 0.763476 0.073408 -0.641651 0.525855 -0.131139 0.990443 -0.0427253 0.0740399 0.632382 0.116765 0.765806 0.834489
342 0.764983 0.0746928 -0.639705 0.524244 -0.129866 0.99074 -0.039618 0.076579 0.630822 0.113383 0.767599 0.836285
343 0.765569 0.0728922 -0.639212 0.521343 -0.126285 0.991258 -0.038211 0.0781219 0.630838 0.109976 0.768081 0.838956
344 0.765598 0.0736365 -0.639091 0.519786 -0.125477 0.99144 -0.0360806 0.0800472 0.630964 0.107814 0.768284 0.839658
345 0.764897 0.074474 -0.639832 0.518182 -0.124706 0.991623 -0.0336609 0.0805475 0.631965 0.105538 0.767777 0.841854
346 0.762279 0.0742949 -0.64297 0.515909 -0.12364 0.991812 -0.0319793 0.081082 0.63533 0.103874 0.765223 0.844431
347 0.759598 0.0722014 -0.646373 0.513108 -0.123605 0.991732 -0.0344775 0.0811387 0.63854 0.106084 0.762242 0.84769
348 0.758802 0.0676646 -0.647797 0.51076 -0.122866 0.991603 -0.0403439 0.0820983 0.639628 0.110205 0.760744 0.848679
349 0.758286 0.0688432 -0.648277 0.509573 -0.126315 0.991079 -0.0425034 0.0823157 0.639568 0.114117 0.760217 0.849958
350 0.759019 0.0664536 -0.647669 0.506816 -0.126613 0.990851 -0.0467156 0.0822917 0.638639 0.117462 0.760489 0.851076
351 0.759326 0.0653908 -0.647417 0.504066 -0.12932 0.990257 -0.051655 0.0828027 0.637731 0.122947 0.760384 0.853526
