30 0.5931060 -0.2645800 0.7604090 -0.3856300 0.1446020 0.9641100 0.2226700 -0.0244899 -0.7920320 -0.0221099 0.6100790 -0.2020870 
31 0.5930990 -0.2655620 0.7600720 -0.3851720 0.1444710 0.9638180 0.2240150 -0.0244711 -0.7920610 -0.0230549 0.6100060 -0.2016680 
32 0.5931200 -0.2665030 0.7597270 -0.3843760 0.1443760 0.9635370 0.2252830 -0.0247550 -0.7920640 -0.0239332 0.6099690 -0.2008190 
33 0.5940390 -0.2667030 0.7589380 -0.3838560 0.1462580 0.9635250 0.2241180 -0.0245934 -0.7910280 -0.0221340 0.6113790 -0.2006410 
34 0.5942420 -0.2676270 0.7584540 -0.3829520 0.1473000 0.9632790 0.2244920 -0.0246998 -0.7906830 -0.0216825 0.6118420 -0.2007320 
35 0.5940210 -0.2675420 0.7586570 -0.3821230 0.1476180 0.9633140 0.2241310 -0.0249567 -0.7907900 -0.0211473 0.6117230 -0.2003160 
36 0.5938910 -0.2677440 0.7586880 -0.3824200 0.1497100 0.9633080 0.2227640 -0.0246172 -0.7904940 -0.0187141 0.6121840 -0.1999320 
37 0.5942960 -0.2691600 0.7578690 -0.3817220 0.1506900 0.9629120 0.2238160 -0.0245123 -0.7900030 -0.0188092 0.6128140 -0.1997070 
38 0.5951220 -0.2698360 0.7569800 -0.3808000 0.1505740 0.9627030 0.2247900 -0.0246514 -0.7894030 -0.0197961 0.6135560 -0.1989640 
39 0.6016330 -0.2682140 0.7523960 -0.3793180 0.1494580 0.9631030 0.2238180 -0.0250964 -0.7846660 -0.0222047 0.6195210 -0.1963050 
40 0.6088720 -0.2646600 0.7478170 -0.3766940 0.1462020 0.9639940 0.2221290 -0.0260931 -0.7796790 -0.0259165 0.6256430 -0.1943780 
41 0.6179290 -0.2595080 0.7421720 -0.3752880 0.1430470 0.9653110 0.2184300 -0.0264197 -0.7731110 -0.0288093 0.6336160 -0.1927550 
42 0.6372360 -0.2483340 0.7295620 -0.3705610 0.1357160 0.9680270 0.2109630 -0.0272963 -0.7586250 -0.0354204 0.6505640 -0.1897280 
43 0.6452860 -0.2432060 0.7241940 -0.3689560 0.1312960 0.9691720 0.2084870 -0.0267811 -0.7525740 -0.0394497 0.6573260 -0.1881780 
44 0.6614980 -0.2386880 0.7109490 -0.3611310 0.1203610 0.9695000 0.2135030 -0.0283473 -0.7402250 -0.0556618 0.6700510 -0.1832330 
45 0.6689750 -0.2371380 0.7044420 -0.3571110 0.1164370 0.9694740 0.2157830 -0.0286362 -0.7341090 -0.0623305 0.6761650 -0.1806770 
46 0.6761380 -0.2354640 0.6981360 -0.3527410 0.1107490 0.9692720 0.2196520 -0.0296395 -0.7284040 -0.0711971 0.6814390 -0.1778630 
47 0.6888220 -0.2309370 0.6871630 -0.3437910 0.1017860 0.9693210 0.2237310 -0.0320204 -0.7177490 -0.0841668 0.6911960 -0.1715100 
48 0.6961940 -0.2306990 0.6797730 -0.3393080 0.0996884 0.9688480 0.2267080 -0.0337771 -0.7108980 -0.0900670 0.6975040 -0.1707450 
49 0.7069570 -0.2288790 0.6691980 -0.3295870 0.0961486 0.9685070 0.2296740 -0.0361579 -0.7006900 -0.0980276 0.7066990 -0.1646790 
50 0.7131140 -0.2264510 0.6634670 -0.3248310 0.0936058 0.9686750 0.2300130 -0.0365967 -0.6947710 -0.1019210 0.7119730 -0.1622980 
51 0.7184250 -0.2255800 0.6580110 -0.3194510 0.0920521 0.9684680 0.2315070 -0.0382176 -0.6894860 -0.1057490 0.7165370 -0.1598060 
52 0.7289400 -0.2195990 0.6484000 -0.3105820 0.0873390 0.9692460 0.2300740 -0.0415678 -0.6789830 -0.1110800 0.7257020 -0.1577460 
53 0.7329200 -0.2162380 0.6450350 -0.3059310 0.0849265 0.9698060 0.2286140 -0.0423607 -0.6749930 -0.1127750 0.7291540 -0.1557420 
54 0.7401320 -0.2058570 0.6401770 -0.2970070 0.0734177 0.9710370 0.2273680 -0.0443650 -0.6684420 -0.1212820 0.7338100 -0.1513610 
55 0.7445520 -0.1981500 0.6374790 -0.2924970 0.0640100 0.9717230 0.2272830 -0.0460676 -0.6644890 -0.1284190 0.7361810 -0.1487270 
56 0.7548000 -0.1843400 0.6295200 -0.2843120 0.0515967 0.9734120 0.2231750 -0.0492283 -0.6539220 -0.1359720 0.7442430 -0.1450520 
57 0.7608230 -0.1765100 0.6244940 -0.2794870 0.0453840 0.9744160 0.2201220 -0.0502438 -0.6473710 -0.1391310 0.7493690 -0.1431520 
58 0.7705640 -0.1594600 0.6170930 -0.2689790 0.0309888 0.9764260 0.2136180 -0.0529298 -0.6366090 -0.1454830 0.7573400 -0.1412210 
59 0.7726020 -0.1518330 0.6164690 -0.2638740 0.0235334 0.9771650 0.2111760 -0.0553463 -0.6344550 -0.1486480 0.7585320 -0.1396680 
60 0.7747490 -0.1436120 0.6157430 -0.2594490 0.0175202 0.9783650 0.2061430 -0.0575708 -0.6320270 -0.1489210 0.7605030 -0.1386270 
61 0.7804560 -0.1320160 0.6111140 -0.2492670 0.0095319 0.9798510 0.1995000 -0.0590677 -0.6251390 -0.1498760 0.7659890 -0.1374780 
62 0.7809820 -0.1263400 0.6116420 -0.2438470 0.0038501 0.9802810 0.1975700 -0.0606882 -0.6245420 -0.1519440 0.7660680 -0.1371270 
63 0.7815620 -0.1151240 0.6131130 -0.2363370 -0.0061649 0.9813510 0.1921260 -0.0641166 -0.6237970 -0.1539380 0.7662770 -0.1337790 
64 0.7852220 -0.1109490 0.6091930 -0.2319420 -0.0053875 0.9825560 0.1858910 -0.0644215 -0.6191910 -0.1492480 0.7709270 -0.1323480 
65 0.7904770 -0.1067060 0.6031260 -0.2273970 -0.0042750 0.9837220 0.1796460 -0.0647381 -0.6124770 -0.1445840 0.7771530 -0.1317540 
66 0.8009300 -0.1073160 0.5890620 -0.2163110 0.0013477 0.9841280 0.1774560 -0.0650321 -0.5987570 -0.1413360 0.7883620 -0.1336610 
67 0.8018260 -0.1093550 0.5874660 -0.2091510 0.0029715 0.9838300 0.1790800 -0.0657598 -0.5975500 -0.1418460 0.7891860 -0.1338840 
68 0.7972080 -0.1084250 0.5938890 -0.1984160 -0.0014488 0.9833930 0.1814810 -0.0659447 -0.6037030 -0.1455380 0.7838120 -0.1321870 
69 0.7944650 -0.1113430 0.5970160 -0.1928180 0.0001302 0.9830810 0.1831710 -0.0670041 -0.6073100 -0.1454450 0.7810380 -0.1301110 
70 0.7927280 -0.1207540 0.5974960 -0.1815530 0.0137227 0.9834690 0.1805540 -0.0649821 -0.6094210 -0.1349310 0.7812810 -0.1284000 
71 0.7925750 -0.1241930 0.5969930 -0.1752000 0.0163995 0.9830270 0.1827270 -0.0638705 -0.6095530 -0.1350350 0.7811600 -0.1278300 
72 0.7864900 -0.1347230 0.6027300 -0.1627870 0.0225084 0.9815220 0.1900200 -0.0633898 -0.6171930 -0.1358820 0.7749890 -0.1250920 
73 0.7837280 -0.1395040 0.6052340 -0.1570810 0.0255135 0.9808580 0.1930470 -0.0630163 -0.6205800 -0.1358540 0.7722850 -0.1239560 
74 0.7770740 -0.1498680 0.6113070 -0.1447980 0.0329497 0.9795930 0.1982720 -0.0620827 -0.6285470 -0.1339300 0.7661540 -0.1220410 
75 0.7701540 -0.1565560 0.6183480 -0.1387110 0.0355879 0.9784480 0.2034030 -0.0636255 -0.6368650 -0.1346460 0.7591270 -0.1210260 
76 0.7608200 -0.1566590 0.6297710 -0.1285590 0.0351071 0.9789400 0.2011050 -0.0642789 -0.6480130 -0.1308950 0.7502970 -0.1171100 
77 0.7584750 -0.1613720 0.6314080 -0.1232640 0.0414899 0.9788500 0.2003300 -0.0644543 -0.6503810 -0.1257480 0.7491280 -0.1167470 
78 0.7470000 -0.1725180 0.6420500 -0.1114170 0.0547986 0.9784360 0.1991490 -0.0654940 -0.6625620 -0.1135810 0.7403450 -0.1164180 
79 0.7427770 -0.1709950 0.6473350 -0.1065520 0.0530503 0.9788280 0.1976880 -0.0660825 -0.6674340 -0.1124970 0.7361220 -0.1149720 
80 0.7396120 -0.1715820 0.6507950 -0.1017490 0.0555479 0.9792200 0.1950430 -0.0668402 -0.6707380 -0.1081060 0.7337740 -0.1127470 
81 0.7421660 -0.1761300 0.6466590 -0.0928769 0.0702708 0.9799830 0.1862680 -0.0647041 -0.6665220 -0.0928001 0.7396870 -0.1124630 
82 0.7456820 -0.1808600 0.6412860 -0.0850318 0.0767683 0.9793670 0.1869430 -0.0646476 -0.6618650 -0.0901696 0.7441810 -0.1146760 
83 0.7433800 -0.1837060 0.6431480 -0.0778567 0.0803450 0.9791070 0.1868020 -0.0640111 -0.6640270 -0.0871907 0.7426080 -0.1146090 
84 0.7390930 -0.1847530 0.6477710 -0.0683450 0.0803389 0.9789640 0.1875480 -0.0627885 -0.6687950 -0.0865745 0.7383890 -0.1114730 
85 0.7441670 -0.1846610 0.6419620 -0.0621838 0.0813409 0.9789290 0.1872990 -0.0632196 -0.6630220 -0.0871644 0.7435080 -0.1111510 
86 0.7567390 -0.1777750 0.6290810 -0.0511589 0.0816063 0.9804750 0.1789100 -0.0610891 -0.6486040 -0.0840514 0.7564710 -0.1097190 
87 0.7633010 -0.1742970 0.6220870 -0.0452524 0.0823692 0.9813160 0.1738790 -0.0596634 -0.6407700 -0.0814810 0.7633970 -0.1097910 
88 0.7717140 -0.1700070 0.6128250 -0.0391643 0.0832868 0.9823250 0.1676320 -0.0566398 -0.6304920 -0.0783234 0.7722340 -0.1118810 
89 0.7844910 -0.1605790 0.5989900 -0.0270649 0.0719491 0.9829390 0.1692780 -0.0537120 -0.6159520 -0.0897005 0.7826600 -0.1132640 
90 0.7891250 -0.1538860 0.5946440 -0.0218211 0.0651037 0.9836090 0.1681500 -0.0527764 -0.6107730 -0.0939776 0.7862090 -0.1132530 
91 0.7957950 -0.1476260 0.5872970 -0.0167060 0.0613137 0.9844890 0.1643850 -0.0510960 -0.6024550 -0.0948074 0.7925020 -0.1144540 
92 0.8138780 -0.1325360 0.5657180 -0.0089054 0.0530076 0.9865130 0.1548600 -0.0490927 -0.5786130 -0.0960499 0.8099270 -0.1165730 
93 0.8259670 -0.1270690 0.5492100 -0.0039550 0.0529450 0.9874430 0.1488370 -0.0468389 -0.5612260 -0.0938569 0.8223230 -0.1191350 
94 0.8465170 -0.1117510 0.5205000 0.0061437 0.0416962 0.9886340 0.1444460 -0.0452619 -0.5307260 -0.1005730 0.8415550 -0.1241850 
95 0.8557450 -0.1014190 0.5073610 0.0095139 0.0344985 0.9896030 0.1396300 -0.0456876 -0.5162470 -0.1019840 0.8503460 -0.1256980 
96 0.8776390 -0.0929496 0.4702230 0.0170150 0.0357135 0.9909710 0.1292300 -0.0418891 -0.4779890 -0.0966239 0.8730350 -0.1328900 
97 0.8888390 -0.0833621 0.4505740 0.0225110 0.0270474 0.9911430 0.1300190 -0.0414334 -0.4574210 -0.1033790 0.8832200 -0.1356230 
98 0.9024200 -0.0738898 0.4244740 0.0311986 0.0192274 0.9911100 0.1316490 -0.0380815 -0.4304280 -0.1106410 0.8958180 -0.1413230 
99 0.9073440 -0.0685068 0.4147700 0.0359780 0.0123576 0.9905530 0.1365750 -0.0379192 -0.4202070 -0.1187950 0.8996190 -0.1432000 
100 0.9110730 -0.0596267 0.4079100 0.0393254 0.0030830 0.9904420 0.1378930 -0.0375847 -0.4122340 -0.1243730 0.9025490 -0.1442320 
101 0.9202170 -0.0526858 0.3878460 0.0464001 -0.0000792 0.9908740 0.1347900 -0.0367594 -0.3914080 -0.1240670 0.9118150 -0.1473430 
102 0.9245500 -0.0506308 0.3776830 0.0511414 0.0008375 0.9914010 0.1308530 -0.0356983 -0.3810610 -0.1206640 0.9166420 -0.1507990 
103 0.9265070 -0.0381543 0.3743380 0.0598797 -0.0120077 0.9913410 0.1307620 -0.0343493 -0.3760860 -0.1256460 0.9180260 -0.1558880 
104 0.9270590 -0.0321456 0.3735350 0.0617454 -0.0182048 0.9912830 0.1304890 -0.0344051 -0.3744730 -0.1277710 0.9183920 -0.1563500 
105 0.9333960 -0.0295546 0.3576300 0.0691375 -0.0169489 0.9918600 0.1262030 -0.0328476 -0.3584480 -0.1238590 0.9252970 -0.1608600 
106 0.9356320 -0.0257203 0.3520380 0.0741961 -0.0197044 0.9919810 0.1248450 -0.0326580 -0.3524250 -0.1237460 0.9276220 -0.1624820 
107 0.9370730 -0.0206893 0.3485200 0.0816504 -0.0235991 0.9922060 0.1223520 -0.0296294 -0.3483350 -0.1228770 0.9292810 -0.1678380 
108 0.9373290 -0.0148392 0.3481290 0.0865412 -0.0307962 0.9916550 0.1251880 -0.0286878 -0.3470810 -0.1280640 0.9290500 -0.1681840 
109 0.9368190 -0.0017856 0.3498090 0.0932448 -0.0435307 0.9916190 0.1216410 -0.0276016 -0.3470950 -0.1291830 0.9288900 -0.1719000 
110 0.9374710 -0.0005231 0.3480630 0.0971011 -0.0445053 0.9916100 0.1213610 -0.0283618 -0.3452060 -0.1292630 0.9295830 -0.1737020 
111 0.9396650 0.0062074 0.3420390 0.1042040 -0.0463895 0.9929120 0.1094240 -0.0260006 -0.3389360 -0.1186890 0.9332930 -0.1799890 
112 0.9408220 0.0081827 0.3388030 0.1090660 -0.0484458 0.9926890 0.1105540 -0.0247726 -0.3354210 -0.1204250 0.9343400 -0.1835030 
113 0.9400430 0.0150078 0.3407260 0.1160440 -0.0569857 0.9918990 0.1135300 -0.0240331 -0.3362620 -0.1261400 0.9332830 -0.1881800 
114 0.9412400 0.0127216 0.3374990 0.1193300 -0.0547089 0.9918360 0.1151900 -0.0233709 -0.3332780 -0.1268860 0.9342510 -0.1912370 
115 0.9426800 0.0077206 0.3336080 0.1289420 -0.0503257 0.9915870 0.1192580 -0.0212513 -0.3298800 -0.1292110 0.9351380 -0.1964020 
116 0.9401920 0.0148616 0.3403220 0.1360800 -0.0608568 0.9903040 0.1248800 -0.0196471 -0.3351660 -0.1381220 0.9319800 -0.2002670 
117 0.9389360 0.0146213 0.3437800 0.1384850 -0.0620378 0.9899180 0.1273360 -0.0191798 -0.3384520 -0.1408880 0.9303770 -0.2018370 
118 0.9409050 0.0096067 0.3385360 0.1439530 -0.0567161 0.9899510 0.1295410 -0.0168919 -0.3338890 -0.1410860 0.9319940 -0.2056940 
119 0.9418180 0.0030455 0.3361100 0.1511880 -0.0519204 0.9892750 0.1365230 -0.0137961 -0.3320890 -0.1460310 0.9318750 -0.2094850 
120 0.9410890 0.0019116 0.3381540 0.1538260 -0.0517628 0.9890140 0.1384660 -0.0123501 -0.3341750 -0.1478120 0.9308480 -0.2109230 
121 0.9407320 -0.0012755 0.3391480 0.1582690 -0.0485372 0.9891930 0.1383530 -0.0091038 -0.3356600 -0.1466140 0.9305040 -0.2146520 
122 0.9407770 -0.0019562 0.3390200 0.1610440 -0.0477244 0.9892620 0.1381430 -0.0068264 -0.3356500 -0.1461410 0.9305820 -0.2176390 
123 0.9382250 0.0049680 0.3459900 0.1637760 -0.0563349 0.9887500 0.1385670 -0.0029566 -0.3414090 -0.1494980 0.9279490 -0.2218380 
124 0.9395140 0.0128347 0.3422700 0.1642410 -0.0630603 0.9886970 0.1360230 0.0006617 -0.3366560 -0.1493790 0.9297040 -0.2260980 
125 0.9413580 0.0179432 0.3369320 0.1644530 -0.0669334 0.9886700 0.1343540 0.0030512 -0.3307040 -0.1490280 0.9318930 -0.2276860 
126 0.9458200 0.0264736 0.3236110 0.1660700 -0.0719127 0.9889980 0.1292730 0.0079792 -0.3166290 -0.1455400 0.9373180 -0.2335140 
127 0.9474080 0.0316362 0.3184590 0.1665750 -0.0764804 0.9886500 0.1293130 0.0110170 -0.3107540 -0.1468690 0.9390750 -0.2368620 
128 0.9479290 0.0423654 0.3156520 0.1672660 -0.0882876 0.9872250 0.1326340 0.0161246 -0.3060010 -0.1535960 0.9395590 -0.2393720 
129 0.9513500 0.0465402 0.3045780 0.1665440 -0.0896633 0.9875610 0.1291620 0.0214385 -0.2947780 -0.1501880 0.9436890 -0.2420630 
130 0.9552890 0.0512455 0.2911980 0.1677990 -0.0898773 0.9885910 0.1208730 0.0267280 -0.2816820 -0.1416410 0.9489960 -0.2454590 
131 0.9562710 0.0549480 0.2872760 0.1679460 -0.0916664 0.9890140 0.1159640 0.0294782 -0.2777480 -0.1372260 0.9508020 -0.2466940 
132 0.9582750 0.0564011 0.2802270 0.1680830 -0.0896273 0.9901900 0.1071980 0.0345421 -0.2714320 -0.1278420 0.9539290 -0.2484580 
133 0.9601970 0.0565859 0.2735320 0.1669920 -0.0874367 0.9909410 0.1019380 0.0394823 -0.2652860 -0.1217970 0.9564460 -0.2499590 
134 0.9619260 0.0595432 0.2667440 0.1661790 -0.0881803 0.9914010 0.0966914 0.0443128 -0.2586930 -0.1165320 0.9589050 -0.2499930 
135 0.9616650 0.0624989 0.2670080 0.1656660 -0.0908823 0.9912920 0.0952917 0.0462560 -0.2587280 -0.1159050 0.9589710 -0.2499390 
136 0.9604770 0.0658145 0.2704650 0.1631370 -0.0940035 0.9912550 0.0926156 0.0503003 -0.2620050 -0.1143800 0.9582650 -0.2481930 
137 0.9595150 0.0697839 0.2728770 0.1602710 -0.0954074 0.9920740 0.0817730 0.0540122 -0.2650080 -0.1044970 0.9585670 -0.2465230 
138 0.9576420 0.0717281 0.2788850 0.1579970 -0.0957038 0.9927070 0.0733099 0.0568330 -0.2715930 -0.0968950 0.9575220 -0.2451040 
139 0.9563030 0.0732343 0.2830590 0.1540750 -0.0954597 0.9932750 0.0655219 0.0605910 -0.2763560 -0.0896795 0.9568620 -0.2448980 
140 0.9565340 0.0718313 0.2826350 0.1527610 -0.0942505 0.9933230 0.0665243 0.0615932 -0.2759700 -0.0902713 0.9569180 -0.2434010 
141 0.9552340 0.0722711 0.2868870 0.1496930 -0.0955198 0.9931110 0.0678685 0.0641768 -0.2800060 -0.0922337 0.9555570 -0.2416310 
142 0.9540380 0.0673510 0.2920190 0.1462490 -0.0907215 0.9936050 0.0672266 0.0660521 -0.2856240 -0.0906292 0.9540470 -0.2390060 
143 0.9493790 0.0690261 0.3064560 0.1435130 -0.0947242 0.9930550 0.0697733 0.0681374 -0.2995110 -0.0952701 0.9493240 -0.2363650 
144 0.9463570 0.0683233 0.3158180 0.1397640 -0.0956994 0.9928040 0.0719849 0.0692128 -0.3086280 -0.0983470 0.9460850 -0.2335810 
145 0.9466450 0.0604247 0.3165620 0.1347160 -0.0886823 0.9931850 0.0756180 0.0715992 -0.3098350 -0.0996569 0.9455530 -0.2284330 
146 0.9468200 0.0567887 0.3167140 0.1307940 -0.0855254 0.9933120 0.0775721 0.0740539 -0.3101910 -0.1005340 0.9453440 -0.2229090 
147 0.9459580 0.0563846 0.3193490 0.1283540 -0.0855437 0.9932750 0.0780192 0.0755734 -0.3128020 -0.1011210 0.9444200 -0.2201800 
148 0.9460340 0.0488669 0.3203610 0.1224410 -0.0779323 0.9938610 0.0785356 0.0780932 -0.3145560 -0.0992638 0.9440350 -0.2132640 
149 0.9521050 0.0297942 0.3043160 0.1182100 -0.0571113 0.9950550 0.0812612 0.0813541 -0.3003900 -0.0947491 0.9490990 -0.2083390 
150 0.9561760 0.0132400 0.2924910 0.1148780 -0.0411315 0.9951450 0.0894154 0.0844556 -0.2898880 -0.0975275 0.9520790 -0.2039740 
151 0.9578470 0.0044704 0.2872460 0.1131780 -0.0331652 0.9949140 0.0951086 0.0858319 -0.2853590 -0.1006260 0.9531230 -0.2017140 
152 0.9594190 -0.0071629 0.2818930 0.1109350 -0.0220243 0.9947200 0.1002350 0.0889990 -0.2811220 -0.1023760 0.9541960 -0.1991710 
153 0.9591190 -0.0235049 0.2820270 0.1082280 -0.0102861 0.9929910 0.1177400 0.0908446 -0.2828180 -0.1158280 0.9521540 -0.1961090 
154 0.9586440 -0.0289318 0.2831330 0.1067990 -0.0057352 0.9926540 0.1208520 0.0916433 -0.2845500 -0.1174780 0.9514360 -0.1949800 
155 0.9583870 -0.0307411 0.2838130 0.1040450 -0.0056434 0.9919510 0.1264990 0.0939799 -0.2854170 -0.1228370 0.9504990 -0.1955490 
156 0.9576470 -0.0338617 0.2859460 0.1024150 -0.0046727 0.9911030 0.1330150 0.0944156 -0.2879060 -0.1287180 0.9489690 -0.1949140 
157 0.9584660 -0.0268224 0.2839430 0.0986945 -0.0120693 0.9908620 0.1343420 0.0961642 -0.2849510 -0.1321890 0.9493830 -0.1960950 
158 0.9602970 -0.0117603 0.2787310 0.0945749 -0.0282479 0.9898770 0.1390860 0.0981336 -0.2775450 -0.1414380 0.9502440 -0.1968310 
159 0.9622560 -0.0037635 0.2721190 0.0919037 -0.0352008 0.9897840 0.1381650 0.0995243 -0.2698590 -0.1425290 0.9522930 -0.1980330 
160 0.9685090 0.0134919 0.2486110 0.0892791 -0.0486563 0.9895340 0.1358480 0.1026950 -0.2441770 -0.1436670 0.9590290 -0.2029110 
161 0.9710770 0.0280672 0.2371120 0.0872257 -0.0619009 0.9887070 0.1364770 0.1061390 -0.2306040 -0.1472070 0.9618480 -0.2071210 
162 0.9720390 0.0348942 0.2322110 0.0858869 -0.0675275 0.9886640 0.1341050 0.1082670 -0.2248990 -0.1460360 0.9633760 -0.2095650 
163 0.9746260 0.0437592 0.2195220 0.0842915 -0.0740426 0.9885230 0.1316810 0.1127840 -0.2112400 -0.1445940 0.9666800 -0.2155250 
164 0.9751570 0.0483168 0.2161830 0.0826130 -0.0775827 0.9886040 0.1290070 0.1164380 -0.2074870 -0.1425740 0.9677920 -0.2204160 
165 0.9775410 0.0527058 0.2040480 0.0809575 -0.0789736 0.9892830 0.1228100 0.1208130 -0.1953880 -0.1361660 0.9712270 -0.2271010 
166 0.9749580 0.0688623 0.2114610 0.0797354 -0.0948814 0.9887700 0.1154650 0.1246340 -0.2011350 -0.1326380 0.9705420 -0.2314280 
167 0.9749990 0.0682909 0.2114560 0.0787830 -0.0930974 0.9895990 0.1096650 0.1271310 -0.2017680 -0.1266090 0.9712160 -0.2334810 
168 0.9754820 0.0703829 0.2085210 0.0792745 -0.0931264 0.9904840 0.1013330 0.1312340 -0.1994040 -0.1182670 0.9727540 -0.2392460 
169 0.9710180 0.0792765 0.2254740 0.0787676 -0.1035400 0.9897960 0.0978908 0.1357840 -0.2154130 -0.1183990 0.9693190 -0.2421460 
170 0.9696560 0.0762287 0.2322850 0.0782089 -0.0991890 0.9910980 0.0888097 0.1398020 -0.2234470 -0.1091550 0.9685850 -0.2442170 
171 0.9674040 0.0665818 0.2443300 0.0779540 -0.0883086 0.9929500 0.0790635 0.1440740 -0.2373440 -0.0980628 0.9664630 -0.2467350 
172 0.9666340 0.0628902 0.2483210 0.0779876 -0.0836018 0.9937660 0.0737523 0.1460020 -0.2421350 -0.0920515 0.9658660 -0.2478560 
173 0.9639360 0.0587700 0.2595630 0.0780592 -0.0762792 0.9954040 0.0578985 0.1503270 -0.2549680 -0.0756098 0.9639890 -0.2490480 
174 0.9607780 0.0567677 0.2714470 0.0784741 -0.0732238 0.9960170 0.0508763 0.1550260 -0.2674780 -0.0687572 0.9611080 -0.2519010 
175 0.9577540 0.0478590 0.2835790 0.0783353 -0.0643471 0.9967180 0.0491107 0.1587020 -0.2802980 -0.0652834 0.9576900 -0.2516800 
176 0.9556130 0.0395195 0.2919610 0.0794531 -0.0540279 0.9976640 0.0417954 0.1620990 -0.2896280 -0.0557143 0.9555160 -0.2525120 
177 0.9488630 0.0369371 0.3135210 0.0796371 -0.0497915 0.9982110 0.0330894 0.1651980 -0.3117380 -0.0470080 0.9490050 -0.2530770 
178 0.9468440 0.0333279 0.3199620 0.0794384 -0.0447729 0.9985910 0.0284784 0.1670270 -0.3185620 -0.0412903 0.9470020 -0.2526140 
179 0.9434100 0.0264597 0.3305730 0.0805226 -0.0354775 0.9991440 0.0212744 0.1701450 -0.3297270 -0.0317983 0.9435410 -0.2522470 
180 0.9380040 0.0284066 0.3454580 0.0805187 -0.0346635 0.9993280 0.0119464 0.1724850 -0.3448860 -0.0231805 0.9383580 -0.2527550 
181 0.9342970 0.0296727 0.3552590 0.0804939 -0.0339583 0.9994060 0.0058325 0.1748970 -0.3548750 -0.0175133 0.9347500 -0.2536060 
182 0.9310930 0.0319418 0.3633810 0.0816669 -0.0378945 0.9992390 0.0092625 0.1773360 -0.3628080 -0.0223944 0.9315950 -0.2532080 
183 0.9277200 0.0288935 0.3721560 0.0818112 -0.0353904 0.9993170 0.0106370 0.1793680 -0.3715940 -0.0230389 0.9281090 -0.2524110 
184 0.9280470 0.0233327 0.3717330 0.0823947 -0.0305471 0.9994420 0.0135298 0.1798890 -0.3712090 -0.0239116 0.9282410 -0.2518860 
185 0.9269570 0.0201051 0.3746280 0.0828086 -0.0287218 0.9994350 0.0174310 0.1803170 -0.3740660 -0.0269178 0.9270110 -0.2517320 
186 0.9267040 0.0219732 0.3751500 0.0828670 -0.0316065 0.9993090 0.0195437 0.1787860 -0.3744610 -0.0299684 0.9267580 -0.2501890 
187 0.9292730 0.0251840 0.3685330 0.0826736 -0.0357401 0.9991220 0.0218446 0.1768540 -0.3676600 -0.0334710 0.9293580 -0.2510410 
188 0.9335760 0.0239204 0.3575800 0.0822295 -0.0383775 0.9987050 0.0333881 0.1742540 -0.3563180 -0.0448934 0.9332860 -0.2519120 
189 0.9360910 0.0227330 0.3510240 0.0822135 -0.0396238 0.9983730 0.0410099 0.1722050 -0.3495200 -0.0522979 0.9354680 -0.2511530 
190 0.9408830 0.0189620 0.3382000 0.0819041 -0.0404107 0.9975850 0.0564917 0.1682010 -0.3363120 -0.0668189 0.9393770 -0.2525720 
191 0.9474370 0.0163902 0.3195230 0.0814595 -0.0407645 0.9967320 0.0697450 0.1632870 -0.3173350 -0.0791041 0.9450080 -0.2523010 
192 0.9552370 0.0117618 0.2956090 0.0816414 -0.0378839 0.9958460 0.0827956 0.1581060 -0.2934070 -0.0902882 0.9517140 -0.2531160 
193 0.9582480 0.0116064 0.2857030 0.0818968 -0.0392179 0.9950680 0.0911135 0.1553980 -0.2832360 -0.0985140 0.9539770 -0.2549100 
194 0.9644530 0.0062358 0.2641800 0.0820976 -0.0366112 0.9932330 0.1102130 0.1500820 -0.2617060 -0.1159670 0.9581550 -0.2548600 
195 0.9728820 -0.0041131 0.2312670 0.0826681 -0.0273348 0.9907910 0.1326120 0.1442690 -0.2296830 -0.1353370 0.9638100 -0.2572360 
196 0.9773910 -0.0064515 0.2113420 0.0842170 -0.0276239 0.9870710 0.1578840 0.1379090 -0.2096280 -0.1601520 0.9645760 -0.2564990 
197 0.9815160 0.0002555 0.1913780 0.0850258 -0.0344280 0.9839210 0.1752560 0.1307720 -0.1882560 -0.1786060 0.9657430 -0.2573420 
198 0.9839950 -0.0019317 0.1781850 0.0860477 -0.0324890 0.9812360 0.1900520 0.1270480 -0.1752090 -0.1927990 0.9654690 -0.2563080 
199 0.9871730 0.0059184 0.1595430 0.0875606 -0.0392031 0.9777030 0.2063000 0.1184340 -0.1547650 -0.2099090 0.9653940 -0.2564890 
200 0.9885080 0.0209323 0.1497090 0.0895707 -0.0560046 0.9706030 0.2340820 0.1096080 -0.1404080 -0.2397760 0.9606210 -0.2554200 
201 0.9880560 0.0298724 0.1511700 0.0906508 -0.0663178 0.9679620 0.2421810 0.1040250 -0.1390920 -0.2493130 0.9583820 -0.2564260 
202 0.9869810 0.0428696 0.1550210 0.0918246 -0.0831922 0.9609490 0.2639230 0.0951007 -0.1376530 -0.2733830 0.9520050 -0.2557240 
203 0.9865520 0.0499135 0.1556390 0.0941414 -0.0931274 0.9542030 0.2842950 0.0849325 -0.1343210 -0.2949660 0.9460190 -0.2570890 
204 0.9858460 0.0533275 0.1589470 0.0952358 -0.0993212 0.9495590 0.2974450 0.0800006 -0.1350670 -0.3090210 0.9414150 -0.2569150 
205 0.9844650 0.0638642 0.1635510 0.0975913 -0.1148620 0.9387780 0.3248110 0.0674611 -0.1327950 -0.3385510 0.9315300 -0.2564840 
206 0.9823810 0.0697286 0.1733940 0.0997157 -0.1252620 0.9342140 0.3339970 0.0578258 -0.1386980 -0.3498320 0.9264880 -0.2581610 
207 0.9806490 0.0779265 0.1795990 0.1010510 -0.1363790 0.9300810 0.3411030 0.0508638 -0.1404610 -0.3589950 0.9227100 -0.2601220 
208 0.9743850 0.0893137 0.2063900 0.1036350 -0.1576990 0.9256540 0.3439410 0.0413623 -0.1603270 -0.3676780 0.9160290 -0.2629560 
209 0.9704680 0.0995008 0.2197530 0.1042300 -0.1731770 0.9215410 0.3475210 0.0342949 -0.1679330 -0.3753140 0.9115580 -0.2658710 
210 0.9666520 0.1088630 0.2318050 0.1046850 -0.1866140 0.9193150 0.3464610 0.0258597 -0.1753850 -0.3781650 0.9089730 -0.2685020 
211 0.9644170 0.1239400 0.2335360 0.1057590 -0.2020320 0.9152420 0.3485890 0.0168316 -0.1705380 -0.3833670 0.9077150 -0.2707300 
212 0.9645600 0.1304350 0.2293710 0.1090420 -0.2072490 0.9125330 0.3526060 0.0089899 -0.1633170 -0.3876460 0.9072250 -0.2750750 
213 0.9629010 0.1360250 0.2330620 0.1118740 -0.2132450 0.9128180 0.3482660 0.0012066 -0.1653710 -0.3850450 0.9079610 -0.2769410 
214 0.9613290 0.1381360 0.2382550 0.1140750 -0.2167210 0.9132590 0.3449500 -0.0020967 -0.1699380 -0.3832460 0.9078790 -0.2788700 
215 0.9555090 0.1495090 0.2542640 0.1173850 -0.2336770 0.9097230 0.3432190 -0.0085234 -0.1799950 -0.3873650 0.9041850 -0.2806900 
216 0.9515490 0.1592750 0.2630310 0.1212120 -0.2454050 0.9087780 0.3374880 -0.0135696 -0.1852830 -0.3856860 0.9038340 -0.2805090 
217 0.9493030 0.1671490 0.2662430 0.1270000 -0.2526680 0.9095910 0.3298540 -0.0182414 -0.1870380 -0.3804030 0.9057100 -0.2793250 
218 0.9460520 0.1709500 0.2752500 0.1298290 -0.2590760 0.9092720 0.3257370 -0.0207816 -0.1945920 -0.3794750 0.9045070 -0.2800120 
219 0.9383140 0.1890760 0.2895120 0.1344510 -0.2804650 0.9058740 0.3173810 -0.0249463 -0.2022530 -0.3790010 0.9030240 -0.2785610 
220 0.9339770 0.2119390 0.2876960 0.1394170 -0.3002150 0.9020610 0.3100920 -0.0286757 -0.1937990 -0.3759890 0.9061310 -0.2756990 
221 0.9329680 0.2237650 0.2819560 0.1432690 -0.3089870 0.8996690 0.3084190 -0.0312235 -0.1846540 -0.3748660 0.9085030 -0.2753780 
222 0.9274630 0.2508500 0.2772830 0.1497910 -0.3318600 0.8939110 0.3013160 -0.0340556 -0.1722810 -0.3714790 0.9123170 -0.2711410 
223 0.9192440 0.2878650 0.2685600 0.1556080 -0.3623660 0.8853240 0.2913640 -0.0382485 -0.1538890 -0.3651520 0.9181410 -0.2683570 
224 0.9153800 0.3167740 0.2484630 0.1625690 -0.3810780 0.8808120 0.2809790 -0.0412031 -0.1298430 -0.3518870 0.9269930 -0.2635020 
225 0.9061860 0.3505590 0.2365080 0.1685960 -0.4074540 0.8734850 0.2664680 -0.0433822 -0.1131730 -0.3378350 0.9343760 -0.2587770 
226 0.9041750 0.3626680 0.2256950 0.1731440 -0.4148870 0.8713520 0.2619420 -0.0447620 -0.1016620 -0.3304800 0.9383220 -0.2575200 
227 0.8937640 0.3998310 0.2032760 0.1831720 -0.4425590 0.8598400 0.2545920 -0.0461235 -0.0729907 -0.3175070 0.9454430 -0.2509940 
228 0.8887870 0.4114920 0.2018210 0.1859100 -0.4531120 0.8551070 0.2519550 -0.0466467 -0.0689007 -0.3153820 0.9464600 -0.2479740 
229 0.8822510 0.4283950 0.1952190 0.1913690 -0.4672820 0.8473090 0.2524190 -0.0468598 -0.0572759 -0.3139190 0.9477210 -0.2424610 
230 0.8720740 0.4474160 0.1982560 0.1976990 -0.4864690 0.8366490 0.2517270 -0.0472112 -0.0532438 -0.3159700 0.9472740 -0.2362570 
231 0.8681480 0.4573490 0.1927440 0.2021550 -0.4941620 0.8326060 0.2501420 -0.0469458 -0.0460778 -0.3124070 0.9488300 -0.2308030 
232 0.8594730 0.4726660 0.1946610 0.2072060 -0.5097140 0.8212670 0.2563460 -0.0463791 -0.0387028 -0.3195440 0.9467810 -0.2228270 
233 0.8579520 0.4779070 0.1884770 0.2115190 -0.5126580 0.8201520 0.2540340 -0.0450634 -0.0331754 -0.3145730 0.9486530 -0.2157190 
234 0.8600980 0.4806080 0.1710180 0.2161430 -0.5098620 0.8207400 0.2577350 -0.0435645 -0.0164921 -0.3088730 0.9509600 -0.2081860 
235 0.8604360 0.4822310 0.1646300 0.2186170 -0.5094630 0.8203890 0.2596330 -0.0426424 -0.0098572 -0.3072710 0.9515710 -0.2044690 
236 0.8596980 0.4870650 0.1539060 0.2230360 -0.5108010 0.8203200 0.2572120 -0.0410385 -0.0009733 -0.2997400 0.9540210 -0.1971750 
237 0.8607370 0.4888950 0.1418260 0.2257210 -0.5089590 0.8212150 0.2580040 -0.0385308 0.0096671 -0.2942570 0.9556770 -0.1894870 
238 0.8650090 0.4866000 0.1223910 0.2303770 -0.5010990 0.8253040 0.2603340 -0.0375397 0.0256685 -0.2865220 0.9577300 -0.1829580 
239 0.8612770 0.4944220 0.1172580 0.2328430 -0.5074290 0.8246910 0.2498010 -0.0365723 0.0268055 -0.2746480 0.9611710 -0.1748220 
240 0.8634400 0.4928030 0.1077840 0.2336630 -0.5035440 0.8291650 0.2427530 -0.0352265 0.0302588 -0.2638760 0.9640820 -0.1723770 
241 0.8649450 0.4945410 0.0854408 0.2365080 -0.4996750 0.8326960 0.2386250 -0.0339107 0.0468638 -0.2490900 0.9673460 -0.1666450 
242 0.8619220 0.5023270 0.0689768 0.2389050 -0.5035160 0.8319630 0.2330440 -0.0329237 0.0596780 -0.2355970 0.9700170 -0.1601420 
243 0.8596640 0.5085760 0.0482610 0.2394770 -0.5055920 0.8334620 0.2229740 -0.0307559 0.0731756 -0.2160830 0.9736290 -0.1543670 
244 0.8534510 0.5211370 0.0060996 0.2401110 -0.5112710 0.8349080 0.2037910 -0.0297371 0.1011110 -0.1770440 0.9789950 -0.1477120 
245 0.8502980 0.5253790 -0.0311465 0.2439760 -0.5105820 0.8378110 0.1933370 -0.0286797 0.1276700 -0.1484910 0.9806380 -0.1452070 
246 0.8436940 0.5346250 -0.0485461 0.2448030 -0.5178740 0.8343910 0.1886730 -0.0271859 0.1413760 -0.1340420 0.9808390 -0.1412860 
247 0.8411310 0.5370510 -0.0638327 0.2434680 -0.5188770 0.8346330 0.1848100 -0.0260775 0.1525290 -0.1223280 0.9806990 -0.1398950 
248 0.8350840 0.5407700 -0.1010100 0.2446270 -0.5182840 0.8349350 0.1851090 -0.0243039 0.1844380 -0.1022300 0.9775130 -0.1389100 
249 0.8283490 0.5453410 -0.1282250 0.2460110 -0.5203190 0.8337640 0.1846780 -0.0252806 0.2076210 -0.0862598 0.9743990 -0.1397110 
250 0.8234590 0.5507870 -0.1361940 0.2439360 -0.5256260 0.8309370 0.1823740 -0.0214583 0.2136180 -0.0785907 0.9737510 -0.1405710 
251 0.8228510 0.5453640 -0.1596680 0.2434680 -0.5150790 0.8344800 0.1957970 -0.0176144 0.2400210 -0.0788704 0.9675580 -0.1412980 
252 0.8143980 0.5512270 -0.1813940 0.2415260 -0.5143320 0.8303950 0.2142590 -0.0156169 0.2687340 -0.0811954 0.9597860 -0.1405610 
253 0.8124700 0.5505890 -0.1916900 0.2416940 -0.5085670 0.8300900 0.2287150 -0.0154297 0.2850480 -0.0883366 0.9544340 -0.1403930 
254 0.8057270 0.5600610 -0.1927090 0.2379870 -0.5173730 0.8239050 0.2313120 -0.0140787 0.2883230 -0.0866723 0.9536030 -0.1388140 
255 0.8096980 0.5538070 -0.1941320 0.2355290 -0.5116190 0.8282020 0.2287510 -0.0126492 0.2874640 -0.0858975 0.9539320 -0.1388980 
256 0.8157040 0.5402930 -0.2066680 0.2334110 -0.4981670 0.8377050 0.2237840 -0.0093440 0.2940350 -0.0795860 0.9524750 -0.1385460 
257 0.8171700 0.5346920 -0.2152620 0.2304960 -0.4926960 0.8417850 0.2205650 -0.0083326 0.2991390 -0.0741799 0.9513220 -0.1386720 
258 0.8262150 0.5194240 -0.2181010 0.2273500 -0.4795710 0.8516320 0.2115060 -0.0070562 0.2956030 -0.0701540 0.9527320 -0.1402610 
259 0.8393190 0.5016830 -0.2094220 0.2235810 -0.4655670 0.8622130 0.1995900 -0.0057559 0.2806970 -0.0700200 0.9572390 -0.1433380 
260 0.8562630 0.4772980 -0.1974860 0.2190760 -0.4469750 0.8762790 0.1798550 -0.0028447 0.2588970 -0.0657322 0.9636660 -0.1451220 
261 0.8624380 0.4686010 -0.1913480 0.2155790 -0.4395960 0.8808290 0.1757690 -0.0004441 0.2509100 -0.0674741 0.9656560 -0.1452120 
262 0.8742440 0.4454720 -0.1930090 0.2086870 -0.4185430 0.8930240 0.1653170 0.0023774 0.2460060 -0.0637450 0.9671700 -0.1461790 
263 0.8849640 0.4288160 -0.1815360 0.2033870 -0.4032770 0.9006890 0.1616410 0.0049123 0.2328210 -0.0698373 0.9700090 -0.1463360 
264 0.8964950 0.4161160 -0.1521330 0.1945070 -0.3943210 0.9059350 0.1542500 0.0095094 0.2020080 -0.0782949 0.9762490 -0.1469070 
265 0.9072820 0.3976330 -0.1368490 0.1843180 -0.3783270 0.9138930 0.1472030 0.0129673 0.1835980 -0.0817809 0.9795940 -0.1449000 
266 0.9113170 0.3887040 -0.1356840 0.1802160 -0.3700810 0.9178180 0.1437050 0.0149184 0.1803920 -0.0807473 0.9802750 -0.1444890 
267 0.9157960 0.3804230 -0.1288260 0.1697080 -0.3630440 0.9212490 0.1396420 0.0181629 0.1718040 -0.0811141 0.9817860 -0.1439960 
268 0.9135890 0.3868560 -0.1252880 0.1593570 -0.3696790 0.9184920 0.1403930 0.0219286 0.1693880 -0.0819456 0.9821370 -0.1423330 
269 0.9108190 0.3914750 -0.1309820 0.1470940 -0.3733540 0.9165700 0.1432030 0.0243919 0.1761140 -0.0815295 0.9809880 -0.1411980 
270 0.9060860 0.4002780 -0.1370640 0.1395520 -0.3808160 0.9127230 0.1480380 0.0287937 0.1843580 -0.0819385 0.9794380 -0.1403010 
271 0.9045220 0.4046680 -0.1344750 0.1352240 -0.3842880 0.9102340 0.1542630 0.0300068 0.1848290 -0.0878568 0.9788360 -0.1388140 
272 0.9020860 0.4088370 -0.1381810 0.1229570 -0.3870840 0.9080940 0.1597850 0.0315855 0.1908080 -0.0906525 0.9774330 -0.1352230 
273 0.9034880 0.4023430 -0.1477510 0.1168300 -0.3807930 0.9117150 0.1541820 0.0333694 0.1967400 -0.0830389 0.9769330 -0.1360970 
274 0.9079530 0.3945440 -0.1412660 0.1118690 -0.3738210 0.9148740 0.1525250 0.0368164 0.1894180 -0.0856778 0.9781510 -0.1355720 
275 0.9118590 0.3905560 -0.1264080 0.1054240 -0.3704680 0.9155820 0.1564070 0.0355032 0.1768230 -0.0957916 0.9795700 -0.1380940 
276 0.9163690 0.3816350 -0.1209210 0.0998871 -0.3630740 0.9195120 0.1505810 0.0381854 0.1686550 -0.0940847 0.9811750 -0.1371020 
277 0.9212640 0.3750230 -0.1031070 0.0906254 -0.3588530 0.9218230 0.1465150 0.0400002 0.1499930 -0.0979785 0.9838200 -0.1373330 
278 0.9280180 0.3595030 -0.0976702 0.0841112 -0.3441640 0.9277070 0.1446050 0.0447150 0.1425950 -0.1005810 0.9846570 -0.1335540 
279 0.9300100 0.3545550 -0.0968115 0.0804282 -0.3388730 0.9291810 0.1476100 0.0466550 0.1422910 -0.1044720 0.9842960 -0.1306150 
280 0.9336530 0.3458620 -0.0931224 0.0733309 -0.3296600 0.9314260 0.1541730 0.0495952 0.1400590 -0.1132450 0.9836460 -0.1270810 
281 0.9360690 0.3429950 -0.0782876 0.0649721 -0.3274100 0.9307280 0.1629360 0.0523335 0.1287500 -0.1268870 0.9835260 -0.1205040 
282 0.9369170 0.3419280 -0.0726010 0.0598155 -0.3268560 0.9306010 0.1647610 0.0537219 0.1238990 -0.1306380 0.9836580 -0.1175640 
283 0.9407700 0.3328420 -0.0645684 0.0504992 -0.3182820 0.9326130 0.1700860 0.0567557 0.1168290 -0.1394610 0.9833120 -0.1120410 
284 0.9437740 0.3237090 -0.0671030 0.0408980 -0.3079670 0.9346830 0.1775490 0.0590528 0.1201940 -0.1469010 0.9818220 -0.1058370 
285 0.9454150 0.3175820 -0.0730267 0.0365092 -0.3002760 0.9360620 0.1833650 0.0606484 0.1265910 -0.1514280 0.9803290 -0.1028490 
286 0.9498710 0.3025570 -0.0787612 0.0289736 -0.2839010 0.9402410 0.1880080 0.0619636 0.1309380 -0.1562230 0.9790040 -0.0989273 
287 0.9530030 0.2980730 -0.0542097 0.0227341 -0.2844300 0.9418900 0.1787250 0.0643936 0.1043330 -0.1549070 0.9824040 -0.0966836 
288 0.9531400 0.2998580 -0.0401115 0.0172265 -0.2884360 0.9407120 0.1785110 0.0654163 0.0912614 -0.1585770 0.9831200 -0.0954775 
289 0.9535770 0.3001950 -0.0239538 0.0093796 -0.2901880 0.9372220 0.1934040 0.0676326 0.0805091 -0.1774750 0.9808270 -0.0930888 
290 0.9553670 0.2946790 -0.0209078 0.0041698 -0.2844240 0.9366280 0.2045250 0.0691373 0.0798521 -0.1894500 0.9786380 -0.0902546 
291 0.9566700 0.2909410 -0.0116429 0.0009849 -0.2824010 0.9368470 0.2063160 0.0696090 0.0709335 -0.1940890 0.9784160 -0.0891251 
292 0.9580910 0.2859120 0.0177705 -0.0044897 -0.2833460 0.9367120 0.2056330 0.0708693 0.0421470 -0.2020500 0.9784680 -0.0885293 
293 0.9580680 0.2819540 0.0510602 -0.0097163 -0.2864500 0.9379910 0.1952430 0.0724982 0.0071555 -0.2016820 0.9794250 -0.0895848 
294 0.9572840 0.2786770 0.0771079 -0.0145954 -0.2884790 0.9386150 0.1891600 0.0734105 -0.0196602 -0.2033240 0.9789140 -0.0898323 
295 0.9581660 0.2644450 0.1094810 -0.0242255 -0.2809300 0.9421060 0.1830680 0.0772328 -0.0547308 -0.2061660 0.9769850 -0.0915859 
296 0.9585790 0.2523880 0.1320080 -0.0294510 -0.2733070 0.9455300 0.1768520 0.0795239 -0.0801826 -0.2056050 0.9753450 -0.0936654 
297 0.9579090 0.2309990 0.1704430 -0.0388364 -0.2593620 0.9508950 0.1689080 0.0830420 -0.1230560 -0.2060040 0.9707830 -0.0968799 
298 0.9580240 0.2095680 0.1956330 -0.0464418 -0.2424480 0.9564190 0.1627330 0.0864580 -0.1530030 -0.2033330 0.9670810 -0.0987681 
299 0.9576660 0.1975350 0.2094160 -0.0519365 -0.2325950 0.9595640 0.1585430 0.0880895 -0.1696310 -0.2005400 0.9648880 -0.1012910 
300 0.9575230 0.1683420 0.2341150 -0.0602608 -0.2053380 0.9680800 0.1437230 0.0905849 -0.2024480 -0.1856910 0.9615270 -0.1034260 
301 0.9545890 0.1347920 0.2656900 -0.0702159 -0.1743940 0.9758560 0.1314960 0.0944213 -0.2415510 -0.1718600 0.9550480 -0.1095250 
302 0.9502500 0.1087560 0.2918840 -0.0791423 -0.1494500 0.9813510 0.1208930 0.0970772 -0.2732930 -0.1585010 0.9487830 -0.1124830 
303 0.9453870 0.0817743 0.3155250 -0.0863583 -0.1229220 0.9859890 0.1127670 0.0987478 -0.3018830 -0.1453940 0.9421930 -0.1186890 
304 0.9384720 0.0740694 0.3373180 -0.0907366 -0.1162300 0.9874920 0.1065330 0.1000130 -0.3252080 -0.1391850 0.9353430 -0.1223040 
305 0.9289330 0.0574828 0.3657580 -0.1021460 -0.1014080 0.9896000 0.1020240 0.1014540 -0.3560900 -0.1318650 0.9251010 -0.1270440 
306 0.9256310 0.0457385 0.3756520 -0.1085090 -0.0889005 0.9911710 0.0983742 0.1039560 -0.3678360 -0.1244540 0.9215250 -0.1334680 
307 0.9205510 0.0426512 0.3882870 -0.1133120 -0.0886837 0.9908840 0.1014080 0.1047890 -0.3804230 -0.1277860 0.9159420 -0.1350840 
308 0.9155200 0.0339392 0.4008370 -0.1200860 -0.0850530 0.9902390 0.1104180 0.1075920 -0.3931770 -0.1351830 0.9094710 -0.1360280 
309 0.9125990 0.0244702 0.4081220 -0.1252430 -0.0799834 0.9896050 0.1195150 0.1100640 -0.4009560 -0.1417130 0.9050700 -0.1392190 
310 0.9064180 0.0077193 0.4223110 -0.1317660 -0.0707202 0.9884930 0.1337200 0.1104590 -0.4164190 -0.1510720 0.8965330 -0.1395450 
311 0.9044410 0.0051004 0.4265680 -0.1349570 -0.0680756 0.9888400 0.1325160 0.1129220 -0.4211320 -0.1488920 0.8946950 -0.1394450 
312 0.9028330 0.0025127 0.4299830 -0.1405960 -0.0691145 0.9878290 0.1393470 0.1153850 -0.4244000 -0.1555250 0.8920190 -0.1379130 
313 0.9049190 -0.0056768 0.4255450 -0.1467960 -0.0616220 0.9876260 0.1442140 0.1189820 -0.4210980 -0.1567250 0.8933720 -0.1381230 
314 0.9042370 -0.0104096 0.4269040 -0.1492760 -0.0620938 0.9858730 0.1555620 0.1195030 -0.4224920 -0.1671730 0.8908160 -0.1370430 
315 0.9039970 -0.0201274 0.4270640 -0.1542310 -0.0552021 0.9850350 0.1632750 0.1210740 -0.4239590 -0.1711750 0.8893580 -0.1351840 
316 0.9036040 -0.0353656 0.4269060 -0.1586930 -0.0375223 0.9862210 0.1611210 0.1222210 -0.4267220 -0.1616080 0.8898260 -0.1341990 
317 0.9014660 -0.0418562 0.4308220 -0.1614660 -0.0292069 0.9871630 0.1570210 0.1239340 -0.4318640 -0.1541320 0.8886710 -0.1340940 
318 0.8984930 -0.0488289 0.4362650 -0.1665730 -0.0304376 0.9844740 0.1728740 0.1248430 -0.4379320 -0.1686050 0.8830560 -0.1304080 
319 0.9005840 -0.0615281 0.4303050 -0.1712970 -0.0156836 0.9846870 0.1736220 0.1248640 -0.4343990 -0.1631100 0.8858290 -0.1292930 
320 0.8993300 -0.0622295 0.4328190 -0.1744900 -0.0170383 0.9840830 0.1768910 0.1238310 -0.4369380 -0.1664580 0.8839550 -0.1291390 
321 0.8941150 -0.0557815 0.4443500 -0.1794200 -0.0254342 0.9842860 0.1747410 0.1230660 -0.4471140 -0.1675400 0.8786460 -0.1275710 
322 0.8909090 -0.0550129 0.4508370 -0.1820460 -0.0266411 0.9845980 0.1727900 0.1228720 -0.4533990 -0.1659510 0.8757220 -0.1270520 
323 0.8844370 -0.0538493 0.4635410 -0.1869110 -0.0276925 0.9855130 0.1673240 0.1222400 -0.4658360 -0.1608240 0.8701330 -0.1257270 
324 0.8820400 -0.0549688 0.4679580 -0.1906980 -0.0257424 0.9860660 0.1643500 0.1205210 -0.4704710 -0.1570090 0.8683350 -0.1245500 
325 0.8806700 -0.0513228 0.4709420 -0.1959900 -0.0239278 0.9880260 0.1524200 0.1194650 -0.4731260 -0.1455000 0.8688970 -0.1234770 
326 0.8777370 -0.0516641 0.4763490 -0.1987560 -0.0202759 0.9892740 0.1446570 0.1187720 -0.4787130 -0.1366290 0.8672750 -0.1230060 
327 0.8717420 -0.0523625 0.4871580 -0.2044410 -0.0133514 0.9913650 0.1304490 0.1180830 -0.4897830 -0.1202220 0.8635160 -0.1209270 
328 0.8701050 -0.0578848 0.4894550 -0.2091830 -0.0049621 0.9920000 0.1261390 0.1155600 -0.4928410 -0.1121830 0.8628570 -0.1188330 
329 0.8681420 -0.0527214 0.4935080 -0.2144920 -0.0004931 0.9942500 0.1070830 0.1125490 -0.4963160 -0.0932066 0.8631240 -0.1168120 
330 0.8655780 -0.0519186 0.4980750 -0.2169160 0.0023998 0.9950300 0.0995499 0.1118340 -0.5007680 -0.0849729 0.8614000 -0.1141650 
331 0.8647930 -0.0571518 0.4988660 -0.2217650 0.0177068 0.9963550 0.0834509 0.1095970 -0.5018160 -0.0633345 0.8626520 -0.1104870 
332 0.8643670 -0.0636513 0.4988170 -0.2242000 0.0257843 0.9962620 0.0824476 0.1077170 -0.5022000 -0.0584033 0.8627770 -0.1087260 
333 0.8656550 -0.0712110 0.4955500 -0.2271020 0.0440367 0.9968260 0.0663190 0.1045080 -0.4987000 -0.0355870 0.8660440 -0.1035120 
334 0.8656560 -0.0713712 0.4955270 -0.2288100 0.0463851 0.9969630 0.0625615 0.1027280 -0.4984860 -0.0311717 0.8663370 -0.1003780 
335 0.8666920 -0.0642729 0.4946860 -0.2306400 0.0416583 0.9975260 0.0566198 0.1019880 -0.4971020 -0.0284641 0.8672250 -0.0978281 
336 0.8714690 -0.0562219 0.4872180 -0.2343760 0.0351125 0.9980110 0.0523598 0.0999222 -0.4891930 -0.0285225 0.8717090 -0.0924458 
337 0.8753410 -0.0551910 0.4803460 -0.2348660 0.0328784 0.9979590 0.0547490 0.0985875 -0.4823880 -0.0321310 0.8753680 -0.0891712 
