36 0.98689 -0.0850315 0.13718 -0.0151908 0.0849987 0.996362 0.00610742 -0.00253802 -0.1372 0.00563275 0.990527 0.0122381
37 0.985327 -0.0892063 0.145513 -0.0163064 0.089387 0.995983 0.00530886 -0.00285787 -0.145402 0.00777597 0.989342 0.0127907
38 0.981957 -0.0985182 0.161416 -0.0180038 0.0991014 0.995067 0.00445426 -0.00326721 -0.161059 0.0116227 0.986876 0.0141395
39 0.980446 -0.102552 0.167956 -0.0189169 0.103517 0.994623 0.00302676 -0.00373205 -0.167363 0.0144186 0.98579 0.0147954
40 0.978589 -0.10658 0.176079 -0.0205588 0.108258 0.994123 7.88027e-05 -0.00335448 -0.175052 0.0189848 0.984376 0.01624
41 0.97626 -0.11259 0.185042 -0.021982 0.115374 0.993313 -0.00431516 -0.00347327 -0.183319 0.0255618 0.982721 0.016871
42 0.972011 -0.121461 0.201104 -0.0242977 0.12603 0.991976 -0.0100229 -0.00398801 -0.198273 0.0350874 0.979519 0.0173083
43 0.968515 -0.124969 0.215317 -0.0271078 0.131038 0.991277 -0.0140857 -0.00299837 -0.211679 0.0418569 0.976443 0.0179982
44 0.965917 -0.128764 0.224555 -0.0277846 0.135799 0.990605 -0.0161063 -0.00368034 -0.220371 0.0460518 0.974328 0.01799
45 0.96071 -0.13458 0.242743 -0.0304221 0.142826 0.989608 -0.0166103 -0.00329394 -0.237985 0.0506276 0.969948 0.0196497
46 0.957424 -0.13815 0.253483 -0.0313877 0.14743 0.988911 -0.0178922 -0.00394714 -0.2482 0.0545014 0.967174 0.0199971
47 0.954579 -0.142762 0.261528 -0.0320039 0.152072 0.988246 -0.015603 -0.00539473 -0.256227 0.0546655 0.96507 0.0197419
48 0.952002 -0.146276 0.268879 -0.0331392 0.156077 0.987626 -0.0153192 -0.00504064 -0.263311 0.0565496 0.963052 0.0211272
49 0.943897 -0.155689 0.291237 -0.0363752 0.167868 0.98566 -0.0171448 -0.0043791 -0.284391 0.0650722 0.956497 0.0229209
50 0.940922 -0.161405 0.297682 -0.037171 0.173863 0.984645 -0.0156678 -0.00495733 -0.290582 0.0664978 0.954537 0.0233832
51 0.937863 -0.165213 0.305153 -0.0384151 0.178355 0.983844 -0.0154935 -0.0045282 -0.297663 0.0689562 0.952177 0.0246575
52 0.930334 -0.173572 0.323035 -0.0404688 0.188761 0.981892 -0.0160414 -0.00471612 -0.314401 0.0759003 0.946251 0.0261505
53 0.926506 -0.1789 0.331031 -0.0417117 0.194996 0.980677 -0.0157737 -0.00495148 -0.321813 0.0791642 0.943488 0.0269743
54 0.922027 -0.181606 0.341885 -0.0434928 0.199492 0.979742 -0.0175806 -0.00344469 -0.331767 0.0844132 0.939577 0.0287765
55 0.912289 -0.190531 0.362529 -0.0459449 0.210529 0.977455 -0.0160755 -0.00388303 -0.351293 0.0909886 0.931834 0.0307259
56 0.90678 -0.195239 0.373673 -0.0474793 0.216411 0.976185 -0.0151159 -0.00370272 -0.361823 0.094574 0.927437 0.0320816
57 0.901313 -0.20042 0.384013 -0.0484887 0.223158 0.974666 -0.0150849 -0.00369891 -0.371261 0.0992918 0.923205 0.0330112
58 0.889982 -0.212278 0.403572 -0.0511897 0.237217 0.97138 -0.0121814 -0.00507216 -0.389436 0.106575 0.914867 0.0354819
59 0.885242 -0.214568 0.412682 -0.0515773 0.241482 0.970311 -0.0135029 -0.00446002 -0.397533 0.111609 0.910775 0.0368283
60 0.874246 -0.221494 0.432011 -0.0538388 0.250293 0.968117 -0.010151 -0.00439074 -0.415989 0.117004 0.901811 0.0390904
61 0.863913 -0.228619 0.448763 -0.0563958 0.258223 0.966073 -0.00494495 -0.00496126 -0.432407 0.120153 0.893637 0.0409985
62 0.858172 -0.231655 0.458124 -0.0575725 0.262515 0.96492 -0.00383032 -0.00457375 -0.441166 0.123552 0.88888 0.0427111
63 0.848213 -0.239235 0.472548 -0.0586395 0.273019 0.962004 -0.00303164 -0.00404056 -0.453868 0.131586 0.8813 0.0442428
64 0.836505 -0.251147 0.487017 -0.0612328 0.288121 0.957593 -0.00106403 -0.00571126 -0.466097 0.14121 0.873392 0.0461544
65 0.831436 -0.255445 0.493419 -0.0626517 0.293395 0.955991 0.000534711 -0.00563792 -0.471841 0.144322 0.869791 0.0472768
66 0.821033 -0.260652 0.507903 -0.0647927 0.302908 0.95302 -0.000574017 -0.00532074 -0.483892 0.154319 0.861414 0.0509009
67 0.817133 -0.261041 0.513957 -0.0650497 0.305409 0.952219 -0.00192915 -0.00471799 -0.488896 0.158543 0.857814 0.0518119
68 0.807953 -0.265923 0.525829 -0.0679418 0.312806 0.949817 -0.00029506 -0.00600252 -0.499363 0.164721 0.85059 0.0544249
69 0.799371 -0.271743 0.535875 -0.0706876 0.321432 0.946933 0.000706947 -0.0063054 -0.507629 0.171682 0.844297 0.0570449
70 0.794796 -0.273722 0.541641 -0.0718104 0.325875 0.945413 -0.000412122 -0.00590323 -0.511962 0.176835 0.84061 0.058923
71 0.785156 -0.279737 0.552518 -0.0752352 0.335634 0.941992 -2.70883e-05 -0.00657391 -0.52046 0.185465 0.833501 0.0610199
72 0.774939 -0.286357 0.563444 -0.0783891 0.343826 0.939023 0.00435248 -0.0098074 -0.530334 0.190354 0.826143 0.065873
73 0.770159 -0.287273 0.569499 -0.0800746 0.346657 0.937982 0.00434709 -0.010035 -0.535429 0.194073 0.82198 0.0676712
74 0.761736 -0.291533 0.57859 -0.0837229 0.352296 0.935857 0.00773586 -0.0110024 -0.543733 0.197943 0.815582 0.0698777
75 0.754262 -0.292356 0.587892 -0.0852838 0.355918 0.934482 0.00807326 -0.0108833 -0.551735 0.203152 0.808899 0.0756633
76 0.746969 -0.296392 0.595138 -0.0886768 0.361952 0.932144 0.00993651 -0.0128463 -0.5577 0.207989 0.803562 0.0808006
77 0.744495 -0.295607 0.598619 -0.0890788 0.362899 0.931787 0.00879747 -0.0126441 -0.560386 0.210688 0.800986 0.0837624
78 0.73739 -0.294637 0.60782 -0.0925253 0.366275 0.930482 0.00669016 -0.0128276 -0.567537 0.217696 0.794047 0.088358
79 0.733662 -0.294086 0.61258 -0.0940501 0.367949 0.929828 0.00571221 -0.0130933 -0.571274 0.221208 0.790388 0.0907011
80 0.726121 -0.289393 0.623699 -0.096609 0.370064 0.929006 0.000220393 -0.0128091 -0.579484 0.230648 0.781665 0.0983955
81 0.716806 -0.284175 0.636737 -0.101114 0.370885 0.928674 -0.00305818 -0.0131243 -0.590452 0.238348 0.771075 0.102818
82 0.712282 -0.282224 0.642654 -0.103757 0.371908 0.928258 -0.004554 -0.0133124 -0.595263 0.242252 0.766143 0.105277
83 0.701918 -0.280148 0.65485 -0.106821 0.381156 0.924418 -0.0130807 -0.0124462 -0.60169 0.258781 0.755646 0.112311
84 0.688785 -0.282914 0.667484 -0.112302 0.392652 0.919558 -0.0154266 -0.0126113 -0.609426 0.272714 0.744464 0.118106
85 0.675385 -0.278798 0.682735 -0.116858 0.399841 0.916336 -0.0213468 -0.0122877 -0.619663 0.287403 0.730354 0.125301
86 0.668138 -0.278091 0.690114 -0.117717 0.405268 0.91388 -0.0241028 -0.0123403 -0.623978 0.295785 0.7233 0.129394
87 0.657021 -0.275131 0.701874 -0.122841 0.412121 0.910673 -0.0288058 -0.0129291 -0.631253 0.308183 0.711719 0.133161
88 0.646162 -0.266845 0.715031 -0.124989 0.414442 0.909397 -0.0351436 -0.0117208 -0.640869 0.319047 0.698209 0.13972
89 0.637769 -0.265004 0.723203 -0.126565 0.418852 0.907304 -0.0369077 -0.0114833 -0.646385 0.326454 0.689648 0.143066
90 0.622452 -0.265433 0.736274 -0.131342 0.427285 0.903418 -0.03554 -0.0127368 -0.655729 0.336721 0.67575 0.147255
91 0.616573 -0.264207 0.741642 -0.127951 0.429179 0.90253 -0.0352802 -0.0124718 -0.660033 0.34005 0.669867 0.149468
92 0.607201 -0.265182 0.748989 -0.130472 0.434042 0.900283 -0.0331266 -0.012409 -0.665518 0.345207 0.661754 0.153924
93 0.596454 -0.262086 0.758653 -0.132174 0.441954 0.896239 -0.0378483 -0.0118155 -0.670014 0.357865 0.650395 0.158594
94 0.588972 -0.259343 0.765411 -0.129202 0.448459 0.892789 -0.0425803 -0.0112923 -0.672307 0.368334 0.642132 0.159902
95 0.582417 -0.253909 0.772218 -0.131807 0.45001 0.89183 -0.0461659 -0.011821 -0.676965 0.374393 0.633678 0.162001
96 0.577756 -0.251895 0.776368 -0.131927 0.452921 0.890246 -0.0482119 -0.0119329 -0.679014 0.379488 0.628434 0.165584
97 0.577991 -0.252942 0.775852 -0.133149 0.453248 0.89012 -0.0474632 -0.0125248 -0.678596 0.379087 0.629127 0.165839
98 0.572708 -0.250863 0.780431 -0.13377 0.454737 0.88934 -0.0478309 -0.0117609 -0.68207 0.382284 0.623409 0.171467
99 0.567319 -0.253093 0.78364 -0.132933 0.461788 0.885676 -0.0482653 -0.0114766 -0.681836 0.389258 0.619337 0.172802
100 0.559361 -0.251835 0.789743 -0.132394 0.463057 0.885149 -0.0457169 -0.0115942 -0.687527 0.391268 0.611732 0.1792
101 0.549245 -0.247781 0.798082 -0.133015 0.465548 0.883827 -0.0459911 -0.011751 -0.693971 0.396806 0.600791 0.183968
102 0.545442 -0.247922 0.800642 -0.133733 0.466647 0.88333 -0.0443798 -0.0116745 -0.696228 0.397824 0.597497 0.185211
103 0.536493 -0.246363 0.807143 -0.133359 0.463819 0.885109 -0.0381317 -0.0119762 -0.705016 0.394826 0.589123 0.192593
104 0.527542 -0.240337 0.814824 -0.129632 0.463779 0.885083 -0.0392045 -0.0122506 -0.711764 0.39858 0.578382 0.206416
105 0.522215 -0.230451 0.821087 -0.130552 0.458295 0.887793 -0.0423056 -0.0128486 -0.719205 0.398393 0.569233 0.212977
106 0.519031 -0.22872 0.823586 -0.130058 0.458913 0.887452 -0.0427544 -0.0130137 -0.721114 0.400145 0.565578 0.217129
107 0.511529 -0.229332 0.828097 -0.129625 0.465499 0.884016 -0.0427284 -0.0140072 -0.722252 0.407335 0.558954 0.225624
108 0.504985 -0.225579 0.833129 -0.128483 0.470783 0.881006 -0.0468138 -0.0139521 -0.723432 0.415863 0.551093 0.236698
109 0.495388 -0.221181 0.840042 -0.127646 0.472908 0.879845 -0.0472217 -0.0146614 -0.728662 0.420656 0.540463 0.245881
110 0.487158 -0.208983 0.847941 -0.127274 0.471184 0.880397 -0.0537223 -0.0149614 -0.735298 0.425708 0.527362 0.256637
111 0.482143 -0.196471 0.853778 -0.126036 0.467689 0.881772 -0.0611988 -0.0159964 -0.740814 0.42881 0.517027 0.263804
112 0.482705 -0.19065 0.85478 -0.1252 0.468838 0.880636 -0.0683412 -0.0166282 -0.739721 0.433742 0.514471 0.272894
113 0.476771 -0.178448 0.860724 -0.125084 0.467779 0.880524 -0.0765582 -0.0175278 -0.744226 0.439129 0.503283 0.283863
114 0.470832 -0.168885 0.865907 -0.12428 0.466987 0.880435 -0.082203 -0.0183063 -0.748492 0.443071 0.493404 0.290918
115 0.476746 -0.167587 0.862918 -0.123501 0.465807 0.880667 -0.0863159 -0.0187685 -0.745478 0.443104 0.497917 0.294862
116 0.482052 -0.169356 0.859619 -0.123165 0.463272 0.882032 -0.0860189 -0.0206403 -0.743643 0.439703 0.503643 0.304646
117 0.496056 -0.168893 0.851706 -0.122579 0.461058 0.882425 -0.0935478 -0.0208288 -0.735767 0.439091 0.515602 0.308625
118 0.497474 -0.164461 0.851746 -0.120978 0.460875 0.881938 -0.0988895 -0.0214726 -0.734924 0.441743 0.514538 0.314978
119 0.502953 -0.159374 0.849493 -0.120321 0.459715 0.881624 -0.106778 -0.0218514 -0.731915 0.444229 0.516682 0.317897
120 0.508609 -0.151792 0.847512 -0.119567 0.456894 0.881893 -0.116242 -0.022296 -0.72977 0.446345 0.517892 0.32297
121 0.521157 -0.149461 0.840272 -0.119188 0.45044 0.884424 -0.122059 -0.0223556 -0.724914 0.442104 0.528246 0.323792
122 0.52664 -0.139969 0.838486 -0.117708 0.445063 0.885766 -0.131676 -0.0226674 -0.724272 0.442525 0.528775 0.3311
123 0.549935 -0.150194 0.821592 -0.115885 0.43502 0.89124 -0.128256 -0.0232077 -0.712972 0.427941 0.555462 0.321271
124 0.554735 -0.147096 0.818921 -0.11584 0.426392 0.895437 -0.127997 -0.0232136 -0.714464 0.420186 0.559451 0.328742
125 0.558634 -0.138832 0.817712 -0.115117 0.412683 0.901717 -0.128837 -0.0236183 -0.719458 0.409429 0.561024 0.332091
126 0.560426 -0.130385 0.817877 -0.113567 0.404025 0.905092 -0.132558 -0.0242231 -0.72297 0.404732 0.559916 0.340106
127 0.565385 -0.111609 0.817241 -0.114876 0.384628 0.912158 -0.141523 -0.0238719 -0.729658 0.394349 0.558649 0.342268
128 0.574238 -0.0970943 0.81291 -0.115139 0.369707 0.916686 -0.151671 -0.023679 -0.730457 0.387633 0.562292 0.347441
129 0.588026 -0.090936 0.803714 -0.113669 0.355017 0.921847 -0.155441 -0.0237909 -0.726766 0.376735 0.574353 0.347407
130 0.595065 -0.0788269 0.799803 -0.113491 0.343729 0.924528 -0.164619 -0.0235208 -0.726463 0.372874 0.577249 0.349984
131 0.60393 -0.0729284 0.793694 -0.113668 0.332731 0.927952 -0.167914 -0.0233472 -0.724264 0.365495 0.584683 0.352984
132 0.614889 -0.0671265 0.785752 -0.112657 0.321083 0.931357 -0.171697 -0.0233454 -0.72029 0.357866 0.594234 0.351225
133 0.618904 -0.0610845 0.783088 -0.112287 0.314396 0.932888 -0.17571 -0.0228072 -0.7198 0.354948 0.596573 0.352847
134 0.622464 -0.0564712 0.780608 -0.114124 0.304855 0.936113 -0.175374 -0.0223829 -0.720834 0.347136 0.599912 0.355003
135 0.632458 -0.0539545 0.772713 -0.113344 0.297783 0.937845 -0.178247 -0.0217563 -0.715068 0.342835 0.609214 0.355924
136 0.636405 -0.0484621 0.769831 -0.112005 0.289346 0.940146 -0.180014 -0.0216884 -0.71503 0.337309 0.612336 0.359262
137 0.640974 -0.0434761 0.766331 -0.113872 0.281577 0.942107 -0.182068 -0.0206188 -0.71405 0.332482 0.616108 0.356975
138 0.644168 -0.0359568 0.764039 -0.111157 0.270169 0.945204 -0.1833 -0.021256 -0.715581 0.324495 0.618584 0.36276
139 0.652683 -0.0286348 0.75709 -0.112359 0.25887 0.947572 -0.187331 -0.0207034 -0.712033 0.318256 0.625877 0.361836
140 0.652163 -0.0229133 0.757733 -0.11254 0.25385 0.948438 -0.189802 -0.020723 -0.714314 0.316132 0.624353 0.366764
141 0.657774 -0.0127888 0.753107 -0.111984 0.239307 0.951598 -0.192855 -0.0202906 -0.714189 0.307079 0.628997 0.366269
142 0.659483 -0.00932146 0.751661 -0.110968 0.233317 0.953078 -0.192886 -0.0208213 -0.714594 0.30258 0.630714 0.369198
143 0.665362 -0.00983346 0.746456 -0.111423 0.227535 0.955007 -0.190235 -0.0207238 -0.711 0.29642 0.637663 0.368949
144 0.668421 -0.00325341 0.743776 -0.109622 0.218308 0.956805 -0.192005 -0.0206393 -0.711024 0.290712 0.640258 0.372377
145 0.667933 -0.000584024 0.744221 -0.108935 0.214055 0.957894 -0.191361 -0.0209654 -0.712773 0.287121 0.639934 0.374543
146 0.6709 0.0103945 0.741475 -0.108972 0.201295 0.959804 -0.195591 -0.0206449 -0.713704 0.280477 0.64184 0.373998
147 0.673161 0.015104 0.739342 -0.106454 0.198152 0.959546 -0.200017 -0.0217228 -0.712454 0.281145 0.642936 0.378401
148 0.677882 0.0167126 0.73498 -0.107254 0.193206 0.96055 -0.200038 -0.0213634 -0.709329 0.277605 0.647911 0.377497
149 0.674484 0.0287969 0.737727 -0.102771 0.184364 0.961012 -0.206071 -0.02266 -0.714899 0.275002 0.642879 0.385368
150 0.678583 0.0319225 0.733829 -0.103997 0.181506 0.960785 -0.209637 -0.0227267 -0.711745 0.27545 0.646179 0.381916
151 0.681676 0.0310615 0.730994 -0.102186 0.179582 0.961433 -0.20832 -0.0241053 -0.709272 0.27328 0.649808 0.387269
152 0.682565 0.0363687 0.729919 -0.100268 0.178572 0.960188 -0.214829 -0.0239326 -0.708673 0.276978 0.648896 0.389511
153 0.685369 0.0417561 0.726997 -0.098882 0.172372 0.960679 -0.21768 -0.0244228 -0.7075 0.274505 0.651222 0.389366
154 0.684736 0.046108 0.727331 -0.0998169 0.167707 0.961244 -0.218823 -0.0239798 -0.709232 0.271815 0.650466 0.389234
155 0.678982 0.0543993 0.732136 -0.0955946 0.165099 0.960393 -0.224472 -0.0254492 -0.71535 0.273288 0.643109 0.394378
156 0.683104 0.056253 0.728151 -0.0944508 0.162172 0.960454 -0.226338 -0.0259549 -0.712088 0.272698 0.646967 0.393293
157 0.674187 0.0673105 0.735487 -0.091764 0.160023 0.958869 -0.23444 -0.0267112 -0.721017 0.275751 0.635686 0.400744
158 0.675426 0.0700622 0.734092 -0.0924341 0.159775 0.957926 -0.238432 -0.0269862 -0.719911 0.278333 0.635814 0.398744
159 0.673239 0.0786063 0.735235 -0.088511 0.155941 0.956876 -0.245094 -0.0283696 -0.722795 0.27966 0.631948 0.402906
160 0.672452 0.0823843 0.735541 -0.0880868 0.155985 0.95569 -0.249648 -0.0284458 -0.723517 0.28261 0.629805 0.402262
161 0.672609 0.0844722 0.735161 -0.0863664 0.15689 0.9546 -0.253227 -0.0299412 -0.723175 0.285663 0.62882 0.403489
162 0.671974 0.0875842 0.735377 -0.0846454 0.154982 0.954364 -0.255285 -0.0304621 -0.724177 0.285515 0.627734 0.405739
163 0.667953 0.0990757 0.737579 -0.0821631 0.14654 0.954185 -0.260879 -0.031418 -0.729633 0.28234 0.622832 0.408178
164 0.665995 0.100833 0.73911 -0.0803152 0.144464 0.95463 -0.260409 -0.0324944 -0.731834 0.280205 0.621212 0.410693
165 0.664505 0.108585 0.739352 -0.0779589 0.14338 0.952479 -0.26875 -0.0335026 -0.733399 0.284594 0.617358 0.413506
166 0.663294 0.107881 0.740542 -0.0754528 0.146294 0.951771 -0.269685 -0.0346945 -0.73392 0.287218 0.615522 0.415666
167 0.666285 0.110079 0.737528 -0.0741647 0.146128 0.950594 -0.273892 -0.0351196 -0.73124 0.290264 0.617281 0.416166
168 0.6622 0.112091 0.740896 -0.0717072 0.145758 0.950593 -0.274093 -0.0361956 -0.735014 0.289496 0.613145 0.419173
169 0.660687 0.118624 0.741229 -0.0698972 0.143593 0.949229 -0.279902 -0.0373448 -0.7368 0.291363 0.61011 0.422334
170 0.65958 0.121368 0.741771 -0.0680918 0.141888 0.949029 -0.281446 -0.0381555 -0.738121 0.290884 0.60874 0.423991
171 0.657748 0.121134 0.743434 -0.0660293 0.146899 0.947404 -0.284336 -0.0391778 -0.738775 0.296231 0.605358 0.426325
172 0.65694 0.121697 0.744056 -0.0645663 0.14849 0.946672 -0.285941 -0.0396259 -0.739175 0.298331 0.603836 0.42735
173 0.655416 0.123419 0.745116 -0.0638334 0.147717 0.946558 -0.286719 -0.0398766 -0.740682 0.297987 0.602158 0.428122
174 0.65495 0.118392 0.74634 -0.06194 0.15105 0.947208 -0.282809 -0.0410363 -0.740422 0.297961 0.60249 0.430566
175 0.653386 0.119039 0.747607 -0.0598936 0.154606 0.945762 -0.285712 -0.0417272 -0.74107 0.302265 0.599543 0.432293
176 0.647509 0.124041 0.751895 -0.0597015 0.151818 0.945889 -0.286785 -0.0415633 -0.746782 0.299847 0.593639 0.432189
177 0.643783 0.124399 0.755029 -0.0569724 0.15226 0.946142 -0.285713 -0.0430006 -0.749907 0.298898 0.590169 0.43484
178 0.639748 0.127048 0.758011 -0.0556805 0.157281 0.943732 -0.290919 -0.0434101 -0.75232 0.305335 0.583769 0.436369
179 0.638197 0.12872 0.759036 -0.0535205 0.160671 0.941945 -0.29483 -0.0440452 -0.752921 0.310114 0.580465 0.43751
180 0.637937 0.130868 0.758887 -0.0551552 0.162019 0.940589 -0.298399 -0.0439433 -0.752852 0.313314 0.578833 0.438574
181 0.639468 0.129303 0.757866 -0.0537547 0.165343 0.93956 -0.299814 -0.0444497 -0.750828 0.317029 0.57944 0.438985
182 0.641684 0.128164 0.756185 -0.0539119 0.167708 0.938633 -0.301401 -0.0442504 -0.748409 0.320223 0.580811 0.438816
183 0.641683 0.133096 0.755334 -0.0522828 0.161072 0.93948 -0.30238 -0.0447378 -0.749866 0.315695 0.58141 0.440216
184 0.641949 0.137057 0.754399 -0.051898 0.157175 0.939478 -0.304429 -0.0447957 -0.750465 0.314001 0.581555 0.439635
185 0.642055 0.137071 0.754306 -0.0503928 0.157038 0.939512 -0.304395 -0.0456481 -0.750403 0.313893 0.581693 0.441335
186 0.643428 0.13662 0.753217 -0.0499493 0.160406 0.938039 -0.307168 -0.0456952 -0.748512 0.318461 0.581646 0.441922
187 0.643625 0.138254 0.75275 -0.0489886 0.163498 0.936006 -0.311707 -0.0457791 -0.747674 0.323695 0.579832 0.44271
188 0.64486 0.139292 0.751501 -0.0481543 0.163876 0.935186 -0.31396 -0.046054 -0.746526 0.325613 0.580237 0.442431
189 0.642001 0.144941 0.752879 -0.0485031 0.164119 0.933228 -0.31961 -0.0457182 -0.748932 0.328752 0.575346 0.443835
190 0.64204 0.148027 0.752245 -0.0483261 0.163746 0.932067 -0.323169 -0.0457035 -0.748981 0.330664 0.574185 0.44408
191 0.640717 0.155282 0.75191 -0.0479684 0.161062 0.930359 -0.329379 -0.0457182 -0.750693 0.332143 0.571087 0.44455
192 0.640091 0.158997 0.751667 -0.0468958 0.159142 0.929696 -0.332173 -0.0461244 -0.751637 0.332243 0.569787 0.445082
193 0.641219 0.161427 0.750186 -0.0465475 0.158542 0.92866 -0.335344 -0.0461754 -0.750801 0.333965 0.569881 0.445068
194 0.645316 0.168927 0.745004 -0.0453416 0.152109 0.927301 -0.342017 -0.0464094 -0.748619 0.334031 0.572707 0.445974
195 0.645924 0.173926 0.743325 -0.045721 0.147236 0.927036 -0.344855 -0.0462265 -0.749069 0.332194 0.573187 0.446114
196 0.648528 0.181189 0.739311 -0.0443733 0.13921 0.926644 -0.349216 -0.0465848 -0.748353 0.329396 0.575732 0.446776
197 0.650218 0.184784 0.736934 -0.043677 0.135207 0.926344 -0.351575 -0.0467918 -0.74762 0.328239 0.577342 0.446866
198 0.648965 0.196031 0.73513 -0.0422803 0.126242 0.925097 -0.358133 -0.0472019 -0.750272 0.32522 0.575608 0.448198
199 0.650848 0.19924 0.732598 -0.0426129 0.123251 0.924422 -0.360907 -0.0469129 -0.749137 0.325189 0.577102 0.44744
200 0.648765 0.207049 0.732281 -0.0412738 0.12083 0.922041 -0.367752 -0.0470241 -0.751335 0.327065 0.57317 0.449788
201 0.648663 0.2105 0.731386 -0.0425594 0.118868 0.921176 -0.370548 -0.0463652 -0.751736 0.327299 0.572511 0.448893
202 0.645524 0.218327 0.731869 -0.0404348 0.108831 0.922195 -0.371096 -0.0471472 -0.755946 0.319202 0.571538 0.450408
203 0.644205 0.222599 0.731744 -0.0405381 0.107616 0.920815 -0.374857 -0.0470815 -0.757244 0.320232 0.569239 0.450292
204 0.64452 0.225249 0.730655 -0.0404129 0.105527 0.920268 -0.37679 -0.0470593 -0.75727 0.319953 0.569362 0.450357
205 0.64664 0.230568 0.727114 -0.0398288 0.0981483 0.92015 -0.379065 -0.047214 -0.756455 0.316484 0.572376 0.451177
206 0.646486 0.235411 0.725698 -0.0385842 0.0967174 0.918241 -0.384031 -0.0475404 -0.756771 0.318458 0.570861 0.451586
207 0.646611 0.244365 0.72262 -0.0386184 0.0890153 0.916658 -0.389634 -0.0474494 -0.757608 0.316266 0.570969 0.451591
208 0.64559 0.249105 0.721914 -0.0385275 0.0854997 0.915785 -0.392462 -0.0474442 -0.758883 0.315093 0.569924 0.451713
209 0.650264 0.251367 0.716918 -0.0376195 0.0824203 0.914763 -0.395494 -0.0477586 -0.755224 0.316264 0.57412 0.451678
210 0.653452 0.253461 0.713273 -0.0373302 0.0798005 0.913959 -0.397882 -0.0476625 -0.75275 0.316916 0.577002 0.451483
211 0.652191 0.262331 0.711217 -0.0357467 0.0743108 0.91157 -0.404374 -0.0482083 -0.754404 0.31658 0.575023 0.451939
212 0.651148 0.266032 0.710798 -0.0382237 0.072168 0.910606 -0.406927 -0.0472096 -0.755512 0.316266 0.573739 0.45192
213 0.653872 0.265027 0.708669 -0.0371172 0.0696492 0.911582 -0.405176 -0.0476798 -0.753392 0.314292 0.577599 0.452107
214 0.653454 0.266914 0.708346 -0.0374601 0.0729448 0.909212 -0.409894 -0.0474657 -0.753443 0.319517 0.574658 0.452415
215 0.653566 0.266458 0.708414 -0.0375375 0.0724616 0.909652 -0.409001 -0.0474294 -0.753393 0.318642 0.57521 0.452811
216 0.653224 0.267737 0.708248 -0.0356561 0.0719166 0.909227 -0.410042 -0.0480851 -0.753742 0.318784 0.574674 0.453
217 0.651191 0.270786 0.70896 -0.0346668 0.0710937 0.908304 -0.412226 -0.0484061 -0.755576 0.318841 0.572228 0.453206
218 0.650818 0.274836 0.707743 -0.0341692 0.0705557 0.906254 -0.416805 -0.0485412 -0.755948 0.321199 0.570415 0.453214
219 0.647807 0.278764 0.708969 -0.0332561 0.0697145 0.905046 -0.419562 -0.0487889 -0.758608 0.32122 0.566861 0.454813
220 0.650359 0.281723 0.705454 -0.033311 0.0697172 0.902629 -0.424736 -0.0487744 -0.756421 0.325413 0.567392 0.454526
221 0.650836 0.285672 0.703423 -0.032285 0.0658044 0.901797 -0.42712 -0.0490633 -0.756361 0.324273 0.568124 0.455099
222 0.648577 0.294991 0.701662 -0.0319594 0.0606203 0.898897 -0.433946 -0.049077 -0.758732 0.323982 0.565121 0.455062
223 0.649982 0.297271 0.699395 -0.0323102 0.0580941 0.898188 -0.435757 -0.0489368 -0.757726 0.323865 0.566536 0.45491
224 0.650592 0.302599 0.696537 -0.0310439 0.0543496 0.896283 -0.44014 -0.0493386 -0.75748 0.324208 0.566669 0.455565
225 0.650224 0.303706 0.696399 -0.0315354 0.0558313 0.895046 -0.442466 -0.0491458 -0.757688 0.326583 0.565024 0.455511
226 0.655539 0.304518 0.691041 -0.0298396 0.0530587 0.894255 -0.444401 -0.0496996 -0.753295 0.327988 0.570062 0.456102
227 0.655283 0.306107 0.690581 -0.0305558 0.0536482 0.893045 -0.446758 -0.0493811 -0.753476 0.329801 0.568775 0.455989
228 0.657612 0.308 0.687519 -0.0279233 0.0531807 0.891352 -0.450182 -0.0502849 -0.751477 0.332608 0.569784 0.456926
229 0.657909 0.309879 0.68639 -0.0290993 0.0541133 0.889614 -0.453495 -0.0497903 -0.751151 0.335501 0.568517 0.456648
230 0.657363 0.314428 0.684843 -0.0257225 0.0519623 0.887716 -0.45745 -0.0510352 -0.751781 0.336296 0.567213 0.457998
231 0.657925 0.317563 0.682854 -0.0268314 0.0529365 0.884999 -0.462575 -0.0505732 -0.751221 0.340487 0.565452 0.457634
232 0.65751 0.321678 0.681325 -0.025875 0.0516567 0.882905 -0.466702 -0.0507779 -0.751673 0.342056 0.563902 0.457974
233 0.65793 0.325359 0.679168 -0.0254673 0.0518006 0.880167 -0.471829 -0.0509335 -0.751296 0.345612 0.562234 0.458357
234 0.657226 0.330581 0.677326 -0.0246711 0.0508083 0.877198 -0.477433 -0.0512182 -0.751979 0.348195 0.559721 0.458806
235 0.656847 0.335027 0.675506 -0.0231168 0.0486171 0.875187 -0.481336 -0.0519454 -0.752455 0.349005 0.558576 0.459599
236 0.653582 0.343723 0.674304 -0.0223221 0.0439167 0.872203 -0.487169 -0.0522164 -0.755581 0.348018 0.554961 0.460208
237 0.652703 0.347346 0.673297 -0.0208588 0.042172 0.870673 -0.490052 -0.0528584 -0.756439 0.348253 0.553642 0.460778
238 0.651972 0.354328 0.670361 -0.0201541 0.0370349 0.868162 -0.494897 -0.0532268 -0.757338 0.347486 0.552895 0.461547
239 0.652 0.358273 0.668233 -0.0177935 0.036186 0.865612 -0.499405 -0.0539023 -0.757355 0.349793 0.551415 0.462568
240 0.654992 0.358621 0.665114 -0.0160124 0.0378759 0.863517 -0.502896 -0.0548501 -0.754686 0.354584 0.552013 0.463497
241 0.654394 0.36451 0.662496 -0.0138713 0.0356684 0.860284 -0.508566 -0.0556227 -0.755312 0.356433 0.549963 0.465048
242 0.652839 0.369473 0.66128 -0.0118337 0.0365448 0.856602 -0.514682 -0.0559109 -0.756614 0.360171 0.545721 0.46555
243 0.648757 0.374543 0.662444 -0.0121422 0.0364463 0.854205 -0.518657 -0.0569379 -0.760122 0.360626 0.540521 0.466638
244 0.646629 0.379596 0.661647 -0.00914569 0.0368186 0.850845 -0.524125 -0.0575829 -0.761915 0.363275 0.536205 0.467806
245 0.647191 0.382544 0.659397 -0.00881086 0.0385408 0.847452 -0.529471 -0.0589775 -0.761353 0.368082 0.53372 0.468501
246 0.646913 0.386134 0.657575 -0.00699743 0.0374505 0.845193 -0.533148 -0.0592629 -0.761644 0.369527 0.532305 0.469984
247 0.647499 0.390498 0.654413 -0.00583298 0.0378217 0.84121 -0.539385 -0.0604545 -0.761127 0.374002 0.529913 0.470573
248 0.646829 0.392209 0.654053 -0.00582023 0.034544 0.841674 -0.53888 -0.0606607 -0.761853 0.371156 0.53087 0.471286
249 0.6465 0.396796 0.651606 -0.00308339 0.0306918 0.839884 -0.541898 -0.0620533 -0.762296 0.370336 0.530806 0.472855
250 0.643958 0.401244 0.6514 -0.00168006 0.0249761 0.839956 -0.54208 -0.062499 -0.764653 0.365346 0.530875 0.47387
251 0.63669 0.410268 0.652921 8.71439e-05 0.0216991 0.83685 -0.547001 -0.0638841 -0.770814 0.362438 0.523912 0.475445
252 0.635864 0.412661 0.652218 0.00255854 0.018983 0.836442 -0.547727 -0.0649398 -0.771568 0.360661 0.52403 0.476368
253 0.630212 0.420786 0.652512 0.0028007 0.0179018 0.83231 -0.554022 -0.0653466 -0.776217 0.360832 0.516998 0.477732
254 0.624669 0.428067 0.653106 0.00593878 0.0116439 0.831163 -0.555907 -0.066143 -0.780803 0.354863 0.514217 0.479147
255 0.623791 0.432456 0.65105 0.00791845 0.0131055 0.827076 -0.561937 -0.0684202 -0.781481 0.359063 0.510255 0.480257
256 0.622596 0.436096 0.649765 0.0097156 0.00973771 0.825943 -0.56367 -0.0684123 -0.782483 0.357266 0.509982 0.481428
257 0.624504 0.43965 0.645525 0.0127281 0.0119451 0.82104 -0.570745 -0.0708258 -0.78093 0.364143 0.507491 0.482355
258 0.627463 0.438366 0.643526 0.012441 0.0138135 0.820071 -0.572095 -0.070425 -0.778524 0.367858 0.508509 0.482709
259 0.627076 0.440499 0.642446 0.0145325 0.00954189 0.820344 -0.57179 -0.0717572 -0.7789 0.364686 0.510215 0.4844
260 0.626059 0.446689 0.639155 0.0173247 0.00460972 0.817531 -0.575866 -0.0728555 -0.779762 0.363472 0.509763 0.485592
261 0.625323 0.447061 0.639615 0.0168076 0.00560846 0.817039 -0.576556 -0.0730204 -0.780346 0.364121 0.508406 0.486044
262 0.625735 0.449124 0.637764 0.0194588 0.0045516 0.815493 -0.578749 -0.0747073 -0.780022 0.365046 0.508239 0.487696
263 0.627848 0.449413 0.63548 0.0214642 0.00249337 0.815295 -0.579041 -0.0755508 -0.778332 0.365134 0.510761 0.488673
264 0.631457 0.451708 0.630255 0.0236458 0.00242541 0.811647 -0.584143 -0.0768028 -0.775407 0.37039 0.511424 0.490466
265 0.630159 0.453111 0.630547 0.0240047 0.0018841 0.811179 -0.584795 -0.0771979 -0.776464 0.369702 0.510318 0.491295
266 0.629579 0.459909 0.62619 0.0272928 -0.00187475 0.806871 -0.590725 -0.0788051 -0.776934 0.370734 0.508851 0.492831
267 0.630079 0.463855 0.622767 0.0286776 -0.00349538 0.803672 -0.595063 -0.0794746 -0.776523 0.37276 0.507998 0.493458
268 0.629703 0.466953 0.620829 0.0290271 -0.00500238 0.801597 -0.597843 -0.0795732 -0.77682 0.373358 0.507104 0.4934
269 0.627748 0.477486 0.614767 0.0328392 -0.00992202 0.794611 -0.607038 -0.0813759 -0.778353 0.374967 0.503553 0.494901
270 0.628957 0.478983 0.612362 0.0321962 -0.00735067 0.791294 -0.611392 -0.0812981 -0.777405 0.380038 0.501211 0.495051
271 0.631002 0.481828 0.608012 0.0344092 -0.00827348 0.787876 -0.615778 -0.0823584 -0.775737 0.383526 0.501138 0.496318
272 0.629076 0.482473 0.609495 0.0336329 -0.00447898 0.78631 -0.617816 -0.0821188 -0.777331 0.385923 0.496809 0.496556
273 0.628534 0.486814 0.606595 0.0376269 -0.00244491 0.781136 -0.624356 -0.0841524 -0.777778 0.390946 0.492161 0.498044
274 0.629768 0.48455 0.607127 0.0356689 0.000914548 0.781128 -0.62437 -0.0836392 -0.776782 0.393763 0.491487 0.497993
275 0.631458 0.482997 0.606609 0.0385471 0.00593573 0.779274 -0.626656 -0.0847688 -0.775387 0.399307 0.489212 0.499679
276 0.630458 0.480249 0.609823 0.0370254 0.00923657 0.780931 -0.624549 -0.0848728 -0.776168 0.399385 0.487908 0.499803
277 0.628231 0.479967 0.612337 0.0375361 0.00660487 0.78372 -0.621079 -0.0853211 -0.777999 0.394226 0.489188 0.500322
278 0.626225 0.482515 0.61239 0.0410776 0.00422109 0.783366 -0.621546 -0.086931 -0.779631 0.391813 0.488526 0.501874
279 0.626577 0.48318 0.611505 0.0419746 0.0046536 0.782292 -0.622894 -0.0870724 -0.779346 0.393137 0.487918 0.502458
280 0.624977 0.48128 0.614633 0.0418658 0.0103075 0.782186 -0.62296 -0.0873278 -0.780575 0.395671 0.483887 0.503437
281 0.623978 0.483391 0.613991 0.0442643 0.0092612 0.781086 -0.624355 -0.0883522 -0.781387 0.39527 0.482903 0.50427
282 0.624032 0.487896 0.610362 0.0461122 0.00728285 0.777449 -0.628904 -0.0886956 -0.781365 0.396901 0.4816 0.50482
283 0.624718 0.488966 0.608802 0.0476509 0.00997685 0.774603 -0.632369 -0.0893725 -0.780787 0.401126 0.47903 0.505386
284 0.624051 0.492556 0.606588 0.047313 0.00970728 0.771353 -0.636333 -0.0894723 -0.781323 0.402993 0.476583 0.505835
285 0.623174 0.497007 0.603853 0.0496439 0.00616451 0.768963 -0.639264 -0.0902726 -0.782059 0.402095 0.476134 0.506807
286 0.625493 0.500173 0.59882 0.0495944 0.00707507 0.763824 -0.645385 -0.0905674 -0.780197 0.407921 0.474228 0.507388
287 0.622318 0.506199 0.597062 0.0506571 0.00122078 0.762132 -0.64742 -0.0910016 -0.782764 0.40363 0.473671 0.507807
288 0.619571 0.513378 0.59378 0.0518772 -0.00215551 0.757575 -0.652745 -0.0917622 -0.784938 0.403142 0.470478 0.508802
289 0.618514 0.514149 0.594215 0.0520082 -0.00216913 0.757331 -0.653028 -0.0915308 -0.785771 0.402618 0.469535 0.509547
290 0.618103 0.521534 0.588176 0.055312 -0.00421022 0.750408 -0.660961 -0.0934886 -0.786086 0.406066 0.466025 0.510274
291 0.614177 0.526117 0.588207 0.0543975 -0.00524956 0.748058 -0.663613 -0.0927274 -0.789151 0.404488 0.462202 0.510903
292 0.615867 0.528226 0.584538 0.0566594 -0.00792128 0.746055 -0.665837 -0.0933932 -0.787811 0.405437 0.463655 0.511205
293 0.613093 0.537118 0.579328 0.0581415 -0.00925295 0.738148 -0.674575 -0.0942892 -0.789956 0.408217 0.457524 0.512494
294 0.610649 0.540753 0.578527 0.0583671 -0.0118407 0.736708 -0.676107 -0.0944459 -0.791813 0.406014 0.456273 0.51293
295 0.609069 0.550238 0.571203 0.0607269 -0.0206506 0.730958 -0.682109 -0.0957658 -0.792848 0.403656 0.456567 0.513893
296 0.608527 0.553329 0.56879 0.0610463 -0.0236944 0.729131 -0.683963 -0.095887 -0.793179 0.402733 0.456807 0.514489
297 0.611302 0.56019 0.559014 0.0631898 -0.0331105 0.723849 -0.689164 -0.0968235 -0.790704 0.402778 0.461038 0.515252
298 0.609687 0.566182 0.554725 0.0638141 -0.0394473 0.720649 -0.692177 -0.0972685 -0.79166 0.400129 0.461704 0.515722
299 0.608463 0.571105 0.55101 0.0641549 -0.0451751 0.718134 -0.694437 -0.0973074 -0.792295 0.397648 0.462758 0.516156
300 0.611075 0.579921 0.538775 0.0662743 -0.0541257 0.709657 -0.702465 -0.0986662 -0.78972 0.400097 0.465042 0.517167
301 0.610151 0.58434 0.535035 0.0670485 -0.0604422 0.707669 -0.703954 -0.0992008 -0.789976 0.39718 0.467104 0.517196
302 0.609984 0.590165 0.528796 0.0689304 -0.0668891 0.703289 -0.70775 -0.10004 -0.789586 0.396345 0.46847 0.517934
303 0.612483 0.595009 0.520412 0.0684421 -0.0723337 0.697771 -0.71266 -0.0996289 -0.787168 0.398848 0.470412 0.518355
304 0.614246 0.599223 0.513452 0.0714213 -0.0779733 0.693573 -0.716154 -0.100941 -0.785253 0.399859 0.472748 0.519118
305 0.618688 0.602261 0.504487 0.0689326 -0.083766 0.689046 -0.719861 -0.100096 -0.781158 0.40311 0.476753 0.519165
306 0.618781 0.606243 0.499579 0.0726337 -0.0895946 0.686264 -0.721814 -0.101753 -0.780438 0.401885 0.478963 0.520258
307 0.612465 0.610569 0.502087 0.071138 -0.089049 0.6844 -0.723648 -0.10132 -0.785466 0.398499 0.473542 0.520651
308 0.611918 0.612724 0.500125 0.0730947 -0.0948435 0.684615 -0.722708 -0.10241 -0.785214 0.394805 0.477042 0.521581
309 0.616275 0.612418 0.495126 0.0750274 -0.097428 0.683165 -0.723735 -0.103597 -0.781481 0.397781 0.480684 0.522397
310 0.619351 0.611363 0.492585 0.0765715 -0.0997128 0.683577 -0.723035 -0.104694 -0.778757 0.398695 0.484335 0.523616
311 0.617066 0.616765 0.488703 0.0777893 -0.105346 0.680195 -0.725422 -0.105508 -0.779828 0.396151 0.484699 0.524723
312 0.613103 0.625342 0.482754 0.0806479 -0.115406 0.675419 -0.728347 -0.107295 -0.781528 0.390839 0.48627 0.526444
313 0.614824 0.62539 0.480498 0.0808482 -0.112999 0.672823 -0.731122 -0.107506 -0.780527 0.395216 0.484337 0.527297
314 0.617809 0.625706 0.476238 0.0825508 -0.112055 0.669524 -0.73429 -0.1085 -0.778303 0.400287 0.483752 0.528083
315 0.616274 0.628742 0.474225 0.0829449 -0.107507 0.663694 -0.740238 -0.10939 -0.780159 0.405207 0.476612 0.529705
316 0.61753 0.631308 0.469156 0.0857945 -0.109012 0.659414 -0.743834 -0.111261 -0.778957 0.408196 0.476028 0.530249
317 0.610562 0.639827 0.466728 0.0857886 -0.103578 0.648777 -0.753896 -0.112043 -0.785166 0.411958 0.462391 0.532315
318 0.607639 0.645241 0.463075 0.0876372 -0.10465 0.643026 -0.758661 -0.113275 -0.787289 0.412531 0.458252 0.533111
319 0.609988 0.646185 0.45865 0.0880721 -0.103468 0.638799 -0.762384 -0.114181 -0.785626 0.41759 0.45652 0.533788
320 0.610418 0.646773 0.457247 0.0895963 -0.0991478 0.635125 -0.766019 -0.115212 -0.78585 0.422257 0.451818 0.535493
321 0.617927 0.647109 0.44656 0.0930887 -0.0952339 0.625393 -0.774476 -0.117355 -0.780447 0.436042 0.448074 0.536032
322 0.62055 0.640205 0.45283 0.0879455 -0.0886206 0.631022 -0.770687 -0.116614 -0.779143 0.43812 0.448316 0.53783
323 0.623181 0.642447 0.445989 0.0912393 -0.0915542 0.626269 -0.774212 -0.118275 -0.7767 0.441642 0.449098 0.538586
324 0.6258 0.64322 0.441183 0.0921845 -0.0884115 0.620483 -0.77922 -0.118941 -0.774957 0.44863 0.445166 0.538985
325 0.627761 0.644222 0.436915 0.0927508 -0.0866795 0.615658 -0.783232 -0.120154 -0.773565 0.453811 0.442326 0.540113
326 0.622384 0.650195 0.435757 0.0917376 -0.0773389 0.605088 -0.792393 -0.117173 -0.778882 0.459472 0.426883 0.544617
327 0.618986 0.654716 0.433824 0.0938047 -0.0750708 0.59915 -0.79711 -0.116955 -0.781806 0.460832 0.420015 0.546232
328 0.612972 0.659825 0.434623 0.0946618 -0.0727637 0.594888 -0.800509 -0.117756 -0.786747 0.459065 0.412661 0.546659
329 0.601085 0.665251 0.442875 0.0947731 -0.0625857 0.591639 -0.80377 -0.117907 -0.796731 0.455416 0.397261 0.549176
330 0.600346 0.665287 0.443822 0.0949019 -0.0613464 0.591632 -0.803871 -0.118592 -0.797384 0.455374 0.395997 0.549692
331 0.595559 0.668506 0.445431 0.0980514 -0.0573917 0.588486 -0.806468 -0.120303 -0.801258 0.454736 0.388845 0.551503
332 0.594454 0.66839 0.447079 0.0974643 -0.0539278 0.587864 -0.807161 -0.120106 -0.802319 0.45571 0.385502 0.552868
333 0.596093 0.671214 0.440619 0.101509 -0.059064 0.583944 -0.809642 -0.123628 -0.80074 0.456597 0.38773 0.553783
334 0.598475 0.672813 0.434914 0.101701 -0.0537434 0.575362 -0.816131 -0.122945 -0.799337 0.46506 0.380499 0.554826
335 0.598869 0.673421 0.433427 0.10087 -0.0586591 0.576643 -0.814887 -0.122061 -0.798695 0.462587 0.384836 0.555062
336 0.59902 0.682418 0.418904 0.104134 -0.0742966 0.568261 -0.819487 -0.124761 -0.79728 0.459766 0.391101 0.556353
337 0.597084 0.686733 0.414595 0.104521 -0.082361 0.566585 -0.819877 -0.124436 -0.79794 0.455389 0.394859 0.556244
338 0.592203 0.695888 0.406246 0.105878 -0.0925067 0.55954 -0.823624 -0.126277 -0.800461 0.450172 0.395736 0.557872
339 0.591305 0.699686 0.400996 0.107289 -0.0983174 0.556073 -0.825298 -0.127081 -0.800433 0.448577 0.3976 0.558778
340 0.593619 0.701617 0.394144 0.10918 -0.102082 0.551469 -0.827926 -0.129159 -0.798245 0.451238 0.398985 0.559166
341 0.590359 0.712667 0.378923 0.112161 -0.116646 0.539866 -0.83363 -0.129368 -0.798668 0.447941 0.401844 0.558706
342 0.587624 0.715667 0.377516 0.11302 -0.116229 0.536389 -0.835929 -0.129725 -0.800743 0.447334 0.398376 0.55943
343 0.588859 0.720546 0.366139 0.115977 -0.117182 0.524337 -0.843409 -0.133058 -0.799696 0.453744 0.393196 0.560936
344 0.589402 0.723459 0.35946 0.117312 -0.119213 0.517987 -0.847041 -0.133127 -0.798995 0.456395 0.391548 0.561915
345 0.602018 0.718061 0.349231 0.118654 -0.118278 0.512737 -0.850359 -0.134254 -0.789674 0.470626 0.393608 0.561799
346 0.605365 0.717954 0.34362 0.122648 -0.125315 0.512298 -0.849616 -0.135849 -0.786021 0.471267 0.400098 0.560892
347 0.605669 0.722035 0.334412 0.127189 -0.1319 0.505552 -0.852654 -0.139762 -0.784709 0.472317 0.401433 0.560376
348 0.589602 0.738847 0.326304 0.129528 -0.139408 0.491023 -0.85992 -0.140667 -0.795572 0.461521 0.392509 0.560908
349 0.583962 0.747212 0.317274 0.133844 -0.143546 0.479725 -0.865597 -0.143651 -0.798989 0.459932 0.387401 0.562161
350 0.581705 0.751798 0.310515 0.135138 -0.141567 0.469498 -0.871511 -0.14482 -0.800986 0.463003 0.379538 0.56223
351 0.561857 0.765339 0.313964 0.134713 -0.138242 0.461066 -0.876532 -0.14371 -0.815602 0.449083 0.364855 0.563648
352 0.556341 0.771802 0.307907 0.138769 -0.13712 0.450735 -0.882064 -0.148423 -0.819563 0.448508 0.356591 0.566852
353 0.554377 0.775565 0.301934 0.137881 -0.135875 0.442259 -0.886535 -0.148675 -0.821099 0.45045 0.350558 0.569074
354 0.538613 0.793594 0.283029 0.142741 -0.156888 0.424508 -0.891728 -0.151776 -0.827818 0.435892 0.353151 0.570362
355 0.532468 0.800645 0.274673 0.143699 -0.159856 0.413778 -0.896233 -0.150894 -0.831218 0.433307 0.348312 0.57199
356 0.530475 0.802367 0.273501 0.143767 -0.156939 0.410019 -0.898473 -0.152572 -0.833046 0.433695 0.343428 0.57541
357 0.538113 0.801813 0.259866 0.144987 -0.163604 0.401807 -0.900991 -0.153129 -0.826842 0.44232 0.347397 0.576345
358 0.542384 0.804716 0.241356 0.147837 -0.175954 0.389719 -0.903969 -0.154533 -0.821499 0.447831 0.35297 0.577348
359 0.545463 0.804533 0.234941 0.14841 -0.176017 0.384023 -0.906391 -0.154766 -0.819444 0.453049 0.351082 0.579247
360 0.551916 0.802723 0.225884 0.149627 -0.176037 0.376927 -0.909361 -0.155966 -0.815107 0.462127 0.349341 0.580283
361 0.560211 0.80027 0.213849 0.151767 -0.176272 0.367421 -0.913198 -0.156307 -0.809378 0.473888 0.346898 0.580946
362 0.562843 0.800033 0.207738 0.152305 -0.174258 0.36053 -0.916326 -0.156792 -0.807986 0.479547 0.342333 0.581403
363 0.559006 0.803763 0.203662 0.153546 -0.172454 0.352955 -0.91961 -0.158406 -0.811032 0.478945 0.335916 0.581641
364 0.556376 0.805276 0.204882 0.152774 -0.170428 0.35192 -0.920384 -0.156793 -0.813265 0.477162 0.333041 0.581448
365 0.55255 0.806818 0.209124 0.152799 -0.166601 0.352755 -0.920765 -0.157499 -0.816659 0.473929 0.329331 0.582336
366 0.547731 0.811194 0.204831 0.154572 -0.160213 0.341985 -0.925947 -0.159205 -0.821172 0.474353 0.317279 0.583139
367 0.54539 0.812011 0.207818 0.154494 -0.154631 0.341157 -0.927201 -0.159169 -0.823796 0.473551 0.311626 0.58366
368 0.546757 0.811202 0.207385 0.155264 -0.148802 0.337884 -0.92935 -0.161021 -0.823963 0.47727 0.305449 0.58499
369 0.547871 0.811574 0.20294 0.156315 -0.148164 0.332888 -0.931253 -0.161791 -0.823338 0.480138 0.302626 0.584494
370 0.543775 0.815172 0.199509 0.157795 -0.144395 0.325061 -0.934604 -0.163779 -0.826716 0.479406 0.294467 0.585299
371 0.534495 0.821114 0.200218 0.157875 -0.145661 0.322847 -0.935175 -0.164795 -0.832525 0.470682 0.292165 0.586255
372 0.536331 0.821068 0.195441 0.159112 -0.142987 0.316608 -0.937718 -0.16698 -0.831808 0.474981 0.287208 0.587641
373 0.539035 0.819884 0.192955 0.15925 -0.145531 0.316298 -0.937431 -0.166649 -0.829615 0.477227 0.289814 0.587633
374 0.538437 0.821198 0.188993 0.161291 -0.146064 0.311838 -0.938841 -0.169693 -0.82991 0.477902 0.287853 0.589598
375 0.540861 0.819746 0.188379 0.161473 -0.144873 0.311409 -0.939168 -0.171597 -0.828542 0.480668 0.287188 0.590341
