14 0.998898 -0.0198703 0.0425257 0.00251674 0.0175713 0.998399 0.0537676 0.0173172 -0.043526 -0.0529611 0.997648 0.0178367
15 0.998245 -0.0246872 0.0538365 0.00236068 0.0216289 0.998159 0.0566686 0.0206003 -0.0551363 -0.0554047 0.99694 0.0180055
16 0.997909 -0.0255805 0.0593564 0.00251923 0.0219832 0.997927 0.0604859 0.02221 -0.0607806 -0.0590546 0.996403 0.0193775
17 0.997479 -0.0286315 0.064933 0.00223971 0.0245221 0.997698 0.0632245 0.0250003 -0.0665937 -0.0614728 0.995885 0.0185839
18 0.997189 -0.0332096 0.0671691 0.0031363 0.0286096 0.997253 0.0683231 0.0275988 -0.0692536 -0.0662093 0.9954 0.0192173
19 0.99657 -0.0398018 0.0725592 0.00351964 0.0339939 0.996248 0.0795923 0.0310444 -0.0754548 -0.0768527 0.994183 0.0220828
20 0.99629 -0.0415116 0.0753886 0.00377685 0.0350426 0.995748 0.085192 0.0325212 -0.0786045 -0.0822341 0.993508 0.0239607
21 0.995772 -0.0465283 0.0791995 0.0048213 0.038877 0.994665 0.0955493 0.027955 -0.0832227 -0.0920663 0.992269 0.0301238
22 0.995403 -0.0487639 0.082428 0.00528014 0.0405934 0.994354 0.0980459 0.0288107 -0.0867437 -0.0942492 0.991762 0.0321725
23 0.994743 -0.0518628 0.0882988 0.0050754 0.0425156 0.993602 0.104632 0.0329311 -0.0931604 -0.100328 0.990583 0.0311304
24 0.994306 -0.0523838 0.0928029 0.00523401 0.0418889 0.992866 0.111632 0.0343378 -0.0979886 -0.107108 0.989407 0.0326447
25 0.993695 -0.0548227 0.0977945 0.0055343 0.0431952 0.992158 0.117286 0.0359844 -0.103458 -0.112322 0.988271 0.0343088
26 0.992425 -0.059234 0.107633 0.00605469 0.04489 0.99035 0.131117 0.0404566 -0.114361 -0.125292 0.985507 0.0365226
27 0.991416 -0.0636228 0.11422 0.00669526 0.0475252 0.989221 0.138503 0.0410539 -0.121801 -0.131885 0.983753 0.0395633
28 0.99054 -0.067853 0.119271 0.00736548 0.0502313 0.988157 0.144991 0.040254 -0.127697 -0.137628 0.982218 0.0421545
29 0.988308 -0.0762414 0.132042 0.00870629 0.0553975 0.986376 0.154896 0.0427842 -0.142053 -0.14577 0.979067 0.047481
30 0.987114 -0.077601 0.139942 0.00901651 0.0554033 0.986192 0.156066 0.0441706 -0.15012 -0.146301 0.977783 0.048791
31 0.985456 -0.0815922 0.149063 0.00889774 0.0576569 0.985695 0.158367 0.0473795 -0.159853 -0.147469 0.976063 0.0469829
32 0.981971 -0.0938389 0.164095 0.0104177 0.0661995 0.983824 0.166458 0.0500094 -0.177061 -0.152594 0.972299 0.0551951
33 0.979826 -0.0979407 0.17421 0.0108835 0.0687263 0.98365 0.166463 0.0514741 -0.187666 -0.151132 0.970536 0.0560337
34 0.974465 -0.108986 0.196318 0.0119625 0.0750174 0.982089 0.172843 0.0566626 -0.21164 -0.153702 0.965186 0.0595041
35 0.971322 -0.114899 0.208163 0.0122806 0.0792571 0.981879 0.172138 0.0589693 -0.224169 -0.150703 0.962828 0.0608005
36 0.965501 -0.126919 0.227375 0.0133448 0.0859518 0.97957 0.181811 0.0647972 -0.245805 -0.155995 0.956685 0.0639441
37 0.961685 -0.134291 0.239016 0.0136589 0.0910854 0.978799 0.183454 0.0666295 -0.258585 -0.154654 0.953528 0.0651812
38 0.958089 -0.140648 0.249567 0.0142765 0.0955872 0.978206 0.184325 0.0723898 -0.270053 -0.152744 0.950653 0.0611053
39 0.951262 -0.154126 0.267105 0.0156646 0.0994296 0.973181 0.207443 0.0751866 -0.291914 -0.170775 0.941075 0.0703053
40 0.947733 -0.160756 0.275609 0.0166287 0.104472 0.972532 0.208009 0.0780049 -0.301477 -0.168344 0.938495 0.0690222
41 0.938517 -0.179373 0.294978 0.017327 0.114867 0.967991 0.223157 0.081879 -0.325565 -0.175553 0.929079 0.0702022
42 0.934653 -0.18583 0.303134 0.0175831 0.11797 0.966334 0.228652 0.0828824 -0.335419 -0.17795 0.92511 0.0729619
43 0.926363 -0.202466 0.317582 0.0188728 0.128134 0.96234 0.239757 0.0893335 -0.354164 -0.181409 0.917419 0.0691307
44 0.922345 -0.212321 0.322798 0.018624 0.133462 0.959128 0.249521 0.0919875 -0.362584 -0.187063 0.912984 0.0703213
45 0.914861 -0.228994 0.332551 0.0202394 0.141071 0.952995 0.268141 0.0944563 -0.378322 -0.198398 0.904163 0.0729661
46 0.910616 -0.233848 0.340724 0.0204414 0.140384 0.950509 0.277172 0.0949497 -0.388678 -0.204565 0.898378 0.0765391
47 0.905973 -0.240029 0.348711 0.0205184 0.14265 0.948641 0.282367 0.0970681 -0.398578 -0.206073 0.893683 0.0753685
48 0.89798 -0.251333 0.361197 0.0204088 0.144949 0.943973 0.296487 0.0969884 -0.415477 -0.213885 0.8841 0.0826291
49 0.893768 -0.25713 0.367508 0.0209235 0.148539 0.94281 0.298404 0.0989305 -0.423219 -0.212115 0.880848 0.0782908
50 0.884826 -0.264307 0.3837 0.0213567 0.145855 0.939265 0.310656 0.100681 -0.442504 -0.218912 0.869636 0.0802222
51 0.879032 -0.27009 0.392879 0.0214885 0.147299 0.937594 0.314994 0.100744 -0.453437 -0.219019 0.863959 0.0832428
52 0.869639 -0.282149 0.405118 0.022586 0.154952 0.935121 0.318651 0.103314 -0.468741 -0.214338 0.856937 0.0830521
53 0.864294 -0.286005 0.413759 0.0242338 0.154718 0.933891 0.322351 0.10295 -0.4786 -0.21459 0.851407 0.0820178
54 0.852272 -0.298926 0.429273 0.0241548 0.161148 0.930761 0.328199 0.105399 -0.497658 -0.210539 0.841433 0.0822498
55 0.846314 -0.305069 0.436675 0.0244356 0.164169 0.929237 0.331009 0.106383 -0.506755 -0.208449 0.836509 0.0821228
56 0.835323 -0.318611 0.448021 0.0259666 0.171486 0.925286 0.338288 0.107395 -0.52233 -0.20575 0.82755 0.0817779
57 0.828981 -0.323742 0.45605 0.0264837 0.172328 0.923612 0.342408 0.107762 -0.532066 -0.20526 0.821447 0.0812258
58 0.816091 -0.335335 0.470687 0.0259462 0.174672 0.919475 0.352215 0.10883 -0.550895 -0.205224 0.808949 0.0807951
59 0.804873 -0.346752 0.481604 0.0283118 0.180354 0.916077 0.358156 0.109234 -0.565377 -0.201411 0.799864 0.0806527
60 0.798654 -0.350691 0.489048 0.0275394 0.180126 0.914703 0.361764 0.109974 -0.574201 -0.200834 0.7937 0.0796267
61 0.788485 -0.358279 0.499928 0.0305352 0.182495 0.912497 0.366121 0.110161 -0.587356 -0.197447 0.784874 0.080232
62 0.778384 -0.357168 0.516284 0.0312359 0.17424 0.912986 0.368913 0.110877 -0.603124 -0.197198 0.772887 0.0782061
63 0.773604 -0.35271 0.526433 0.0340798 0.165308 0.914335 0.369681 0.112042 -0.611727 -0.198963 0.76564 0.0795698
64 0.766052 -0.355712 0.535381 0.0342038 0.16547 0.913978 0.370492 0.112622 -0.621115 -0.195227 0.759014 0.0781306
65 0.758781 -0.363381 0.54056 0.0356383 0.17229 0.912327 0.371451 0.112768 -0.628146 -0.188717 0.754863 0.0774988
66 0.749792 -0.362208 0.553731 0.0377048 0.170553 0.914382 0.367176 0.113178 -0.639315 -0.180865 0.747371 0.0770782
67 0.744312 -0.363375 0.56032 0.0372086 0.171355 0.914838 0.365663 0.11291 -0.645475 -0.176153 0.743191 0.0767862
68 0.737473 -0.365562 0.567889 0.0402548 0.176416 0.915924 0.360501 0.113646 -0.651929 -0.165675 0.73996 0.0773311
69 0.729396 -0.365327 0.578375 0.0409272 0.179462 0.918038 0.353552 0.11343 -0.660132 -0.154083 0.735176 0.0768233
70 0.721018 -0.354348 0.595458 0.044617 0.176637 0.924953 0.336542 0.113231 -0.670024 -0.137473 0.729499 0.0769177
71 0.711902 -0.34529 0.611531 0.0426499 0.166772 0.928993 0.330394 0.111582 -0.68219 -0.133222 0.718936 0.0748115
72 0.707875 -0.343384 0.617252 0.0453515 0.169589 0.93094 0.323405 0.111282 -0.685677 -0.124251 0.717223 0.0757447
73 0.702182 -0.339031 0.626097 0.0450067 0.167865 0.933395 0.317168 0.110847 -0.691926 -0.11761 0.712325 0.0751736
74 0.701115 -0.33429 0.629832 0.0446606 0.169526 0.936115 0.30814 0.108774 -0.692603 -0.109268 0.712995 0.0742378
75 0.704308 -0.327502 0.629836 0.0496331 0.168238 0.938953 0.300106 0.107143 -0.689671 -0.105405 0.71641 0.0754764
76 0.707565 -0.301368 0.639163 0.0488364 0.159287 0.949241 0.271238 0.104732 -0.688462 -0.0901082 0.719654 0.0747337
77 0.712885 -0.281348 0.64237 0.050394 0.152789 0.956302 0.249284 0.104353 -0.684435 -0.0795634 0.72472 0.0756561
78 0.718079 -0.264347 0.643803 0.0522442 0.150507 0.96215 0.22719 0.103507 -0.679492 -0.0662435 0.730686 0.0776211
79 0.73448 -0.224672 0.64036 0.0545942 0.145188 0.973782 0.175126 0.0996955 -0.662917 -0.0356542 0.747843 0.077872
80 0.744336 -0.203289 0.636111 0.0487232 0.147569 0.979062 0.140215 0.0962118 -0.651297 -0.0104963 0.75875 0.0749935
81 0.759923 -0.177484 0.625313 0.0519022 0.150055 0.983917 0.0969101 0.0957666 -0.632456 0.0201872 0.774334 0.0771598
82 0.774062 -0.140488 0.617326 0.0503675 0.141698 0.988777 0.0473457 0.0941033 -0.61705 0.0508256 0.785281 0.0764345
83 0.791111 -0.113161 0.601114 0.0489207 0.136755 0.990584 0.00649923 0.093276 -0.596189 0.0770637 0.799137 0.0752754
84 0.805698 -0.0912096 0.585262 0.0474227 0.132406 0.990804 -0.0278648 0.0923046 -0.577338 0.0999427 0.810365 0.0750029
85 0.815446 -0.0677166 0.574858 0.0490648 0.123239 0.990674 -0.0581181 0.0923696 -0.565561 0.118237 0.816187 0.0760098
86 0.825632 -0.0471799 0.562233 0.0474113 0.112358 0.990287 -0.081896 0.0911988 -0.552908 0.130787 0.822914 0.0759968
87 0.83049 -0.0391119 0.555658 0.0474845 0.107836 0.98995 -0.0914913 0.0908039 -0.546495 0.135903 0.826362 0.0765151
88 0.838829 -0.0178658 0.544102 0.0516339 0.0941504 0.989162 -0.11267 0.091108 -0.536192 0.145738 0.831419 0.0800083
89 0.845404 -0.00159928 0.534125 0.0519995 0.0845861 0.987777 -0.130924 0.0905282 -0.527388 0.155863 0.835206 0.0809072
90 0.850962 0.0107117 0.525118 0.0518412 0.0730328 0.987666 -0.138498 0.0893575 -0.520125 0.156207 0.839684 0.0812465
91 0.854321 0.0224702 0.51926 0.0507219 0.0628462 0.987268 -0.146121 0.0887024 -0.515933 0.157468 0.842032 0.0814555
92 0.856606 0.0341562 0.514839 0.0544235 0.0516201 0.987127 -0.151377 0.0889881 -0.513382 0.156246 0.843816 0.0846903
93 0.856935 0.0430611 0.513623 0.0532526 0.0434477 0.986922 -0.15523 0.0884632 -0.51359 0.155338 0.843857 0.0845547
94 0.859798 0.047009 0.508467 0.0540902 0.0410117 0.98618 -0.160524 0.0880374 -0.508985 0.158871 0.845987 0.0855923
95 0.860236 0.0545039 0.506974 0.0561297 0.0327576 0.986309 -0.16162 0.0885273 -0.508842 0.155638 0.846674 0.086788
96 0.862158 0.0587663 0.50322 0.0569972 0.0293532 0.985788 -0.165411 0.0882474 -0.505788 0.157382 0.84818 0.0872577
97 0.862303 0.0612238 0.502678 0.0565921 0.0263381 0.985899 -0.165259 0.0883778 -0.505707 0.155743 0.848531 0.0873238
98 0.862338 0.0748129 0.500776 0.0600852 0.0166292 0.984306 -0.175685 0.0877966 -0.50606 0.159827 0.84756 0.0890886
99 0.862633 0.0833688 0.498912 0.063561 0.00905222 0.983622 -0.180016 0.0866967 -0.505749 0.159804 0.84775 0.091795
100 0.860367 0.0955286 0.500642 0.0629293 0.00321054 0.981243 -0.19275 0.0869131 -0.509665 0.167443 0.843922 0.091597
101 0.86292 0.104689 0.494378 0.0654489 -0.000863743 0.97861 -0.205721 0.0864301 -0.50534 0.177094 0.844553 0.0931966
102 0.861283 0.119914 0.493773 0.0652389 -0.00994114 0.975546 -0.219573 0.0864967 -0.508028 0.184205 0.841413 0.093056
103 0.863302 0.128597 0.48803 0.0657044 -0.0137187 0.972615 -0.232018 0.0860999 -0.504502 0.193606 0.841424 0.0938174
104 0.867789 0.131712 0.47916 0.0652789 -0.0152432 0.970836 -0.239259 0.0860012 -0.496699 0.200323 0.844489 0.0940185
105 0.873587 0.134371 0.46775 0.0619597 -0.0179071 0.969352 -0.245022 0.0864229 -0.486339 0.205672 0.84922 0.0926293
106 0.880796 0.134851 0.453887 0.0647954 -0.0228324 0.969569 -0.243753 0.0858573 -0.472945 0.204333 0.857071 0.0963595
107 0.886082 0.137059 0.442802 0.0642764 -0.0292997 0.969936 -0.241589 0.0855888 -0.462602 0.201094 0.863459 0.0969221
108 0.89451 0.13651 0.425696 0.0649856 -0.0309827 0.968878 -0.245591 0.0855282 -0.445974 0.206494 0.8709 0.0980349
109 0.898043 0.143786 0.415745 0.0659896 -0.0389152 0.967336 -0.250493 0.0856909 -0.438183 0.208775 0.874305 0.0980109
110 0.905372 0.148447 0.397825 0.0653427 -0.0439655 0.964636 -0.259894 0.0860215 -0.422337 0.217811 0.879881 0.0970016
111 0.910995 0.158353 0.380805 0.0680909 -0.0574039 0.963047 -0.263145 0.086355 -0.408403 0.217864 0.886421 0.100395
112 0.912712 0.16329 0.374557 0.0682668 -0.061861 0.961332 -0.268356 0.0862128 -0.403893 0.221761 0.88752 0.100554
113 0.919795 0.168889 0.354195 0.0688834 -0.0706363 0.959156 -0.273918 0.0862418 -0.38599 0.226929 0.894156 0.100132
114 0.926209 0.177684 0.332513 0.0691189 -0.082783 0.9563 -0.280424 0.0862151 -0.367809 0.232205 0.900443 0.100328
115 0.930239 0.190751 0.313478 0.0693497 -0.0982256 0.952538 -0.288137 0.0872731 -0.353562 0.237245 0.904825 0.0999325
116 0.932797 0.194924 0.303142 0.0686217 -0.10435 0.951164 -0.290515 0.0876284 -0.344966 0.239359 0.907582 0.0981116
117 0.93675 0.206075 0.282899 0.0700921 -0.119707 0.948182 -0.294313 0.0874074 -0.328891 0.241833 0.912879 0.100235
118 0.940795 0.215618 0.261559 0.0701184 -0.133591 0.94501 -0.298513 0.0876477 -0.311541 0.245898 0.917865 0.0990092
119 0.943758 0.222541 0.244532 0.0725255 -0.143589 0.942057 -0.303167 0.0887567 -0.29783 0.251004 0.921029 0.0984536
120 0.944494 0.234955 0.229623 0.0726565 -0.159226 0.938748 -0.305613 0.0890533 -0.287363 0.252088 0.924053 0.0977374
121 0.947931 0.241457 0.207669 0.0731725 -0.171464 0.936426 -0.306116 0.0893262 -0.26838 0.254569 0.929068 0.0970722
122 0.949086 0.246056 0.196704 0.0737299 -0.178937 0.934994 -0.306215 0.0892916 -0.259263 0.255427 0.931418 0.0979443
123 0.949255 0.257125 0.181113 0.0745514 -0.193486 0.931427 -0.308234 0.0893708 -0.247948 0.257549 0.933911 0.0983015
124 0.95206 0.265165 0.152541 0.0824079 -0.20798 0.926739 -0.312889 0.0910993 -0.224333 0.266164 0.93746 0.0985013
125 0.952253 0.270052 0.142429 0.0830344 -0.214585 0.923842 -0.316969 0.0910574 -0.21718 0.271271 0.93768 0.0991121
126 0.950222 0.284041 0.128057 0.0843409 -0.23061 0.917532 -0.323966 0.0914921 -0.209516 0.278308 0.937362 0.0988515
127 0.952029 0.285551 0.110003 0.0843019 -0.236743 0.915074 -0.326485 0.0917526 -0.193889 0.284781 0.938779 0.0974237
128 0.95265 0.292397 0.0834339 0.0912648 -0.250052 0.909471 -0.332171 0.0940188 -0.173006 0.29558 0.939522 0.0961342
129 0.952595 0.294019 0.0782076 0.0908122 -0.252191 0.906877 -0.337601 0.0948726 -0.170186 0.301873 0.938035 0.0952167
130 0.952409 0.298159 0.0633867 0.0908043 -0.26056 0.904236 -0.338329 0.0953807 -0.158192 0.305712 0.938891 0.0929851
131 0.952441 0.300807 0.0486903 0.0937964 -0.267531 0.901949 -0.338991 0.0943014 -0.145887 0.309843 0.939529 0.0949577
132 0.95143 0.304907 0.0425714 0.0940019 -0.273753 0.90115 -0.336136 0.0944879 -0.140854 0.308156 0.940851 0.0942673
133 0.951825 0.305275 0.0289331 0.0953138 -0.278683 0.900542 -0.333705 0.0944404 -0.127927 0.309565 0.942233 0.0951066
134 0.95173 0.306628 0.0137462 0.0993233 -0.284697 0.898626 -0.333795 0.0951802 -0.114703 0.313769 0.942546 0.0938754
135 0.949606 0.313391 0.0057978 0.100002 -0.294344 0.897943 -0.3272 0.0953107 -0.107748 0.309004 0.944937 0.0938911
136 0.948093 0.317972 0.00365311 0.100173 -0.299757 0.897499 -0.323483 0.0953801 -0.106137 0.305597 0.946227 0.0936052
137 0.948437 0.316915 -0.00571918 0.10084 -0.303192 0.901812 -0.307912 0.0951787 -0.0924241 0.293769 0.951398 0.0940822
138 0.947212 0.320416 -0.0110505 0.101373 -0.308855 0.902704 -0.299558 0.095233 -0.0860077 0.287158 0.954014 0.0950012
139 0.947788 0.318388 -0.0180926 0.102473 -0.309819 0.905867 -0.288818 0.0941002 -0.075567 0.279344 0.957213 0.0961709
140 0.947528 0.318755 -0.0241901 0.103533 -0.312609 0.908118 -0.278562 0.0937726 -0.0668257 0.271508 0.960114 0.0971682
141 0.950655 0.307319 -0.0425414 0.107045 -0.307494 0.915079 -0.260916 0.0919562 -0.0412555 0.261122 0.964424 0.0995011
142 0.949684 0.309999 -0.0447384 0.107187 -0.311039 0.916638 -0.251058 0.0921066 -0.0368188 0.252341 0.966938 0.09966
143 0.951204 0.304826 -0.0478772 0.107576 -0.307193 0.920904 -0.239933 0.0905704 -0.0290475 0.242933 0.969608 0.100546
144 0.95225 0.300822 -0.0522146 0.107751 -0.30439 0.922022 -0.239214 0.089887 -0.0238178 0.243685 0.969562 0.100942
145 0.952164 0.30057 -0.0551484 0.108104 -0.305025 0.923859 -0.231178 0.0894853 -0.018536 0.236941 0.971347 0.100692
146 0.955708 0.288571 -0.0578705 0.10812 -0.294121 0.929246 -0.223596 0.088311 -0.0107476 0.230714 0.972962 0.101149
147 0.956022 0.286234 -0.0639621 0.108435 -0.293281 0.930982 -0.217392 0.0880248 -0.00267755 0.226591 0.973986 0.101897
148 0.956817 0.283795 -0.062945 0.10856 -0.290692 0.93372 -0.208961 0.0873228 -0.00052928 0.218235 0.975896 0.101871
149 0.957954 0.279452 -0.0650478 0.108645 -0.286893 0.936137 -0.20332 0.0863374 0.00407545 0.213433 0.976949 0.102431
150 0.957316 0.281486 -0.0656575 0.108832 -0.28898 0.93681 -0.197172 0.0863094 0.00600735 0.20773 0.978168 0.102088
151 0.957431 0.281601 -0.0634567 0.109037 -0.28847 0.941416 -0.1747 0.0849231 0.0105434 0.185569 0.982575 0.102303
152 0.958544 0.277774 -0.0635269 0.109273 -0.284666 0.943376 -0.170316 0.0839705 0.0126204 0.181339 0.98334 0.103176
153 0.957581 0.281445 -0.0618682 0.109582 -0.287898 0.943614 -0.163425 0.0836178 0.0123845 0.174305 0.984614 0.103033
154 0.958634 0.278478 -0.0589083 0.109703 -0.284325 0.946582 -0.152123 0.0823201 0.0133989 0.162579 0.986605 0.103642
155 0.959258 0.278473 -0.0477149 0.105862 -0.282492 0.948158 -0.145587 0.0817013 0.00469929 0.153134 0.988194 0.107429
156 0.957992 0.283933 -0.0404131 0.106162 -0.286789 0.949317 -0.128645 0.0809399 0.00183832 0.13483 0.990867 0.108241
157 0.957442 0.28666 -0.0336373 0.106395 -0.288614 0.949783 -0.120887 0.0800056 -0.00270537 0.125451 0.992096 0.109275
158 0.958239 0.284713 -0.0267692 0.106327 -0.285856 0.951025 -0.117633 0.0794366 -0.00803332 0.120372 0.992696 0.109824
159 0.958225 0.285232 -0.0211681 0.106398 -0.285752 0.951523 -0.113795 0.078899 -0.0123161 0.11509 0.993279 0.111019
160 0.958241 0.285645 -0.0134746 0.106505 -0.285401 0.952345 -0.107636 0.0783577 -0.0179133 0.106987 0.994099 0.111652
161 0.957922 0.287013 -0.00297079 0.105979 -0.285655 0.952276 -0.107576 0.0784676 -0.0280468 0.103898 0.994192 0.112971
162 0.956969 0.290088 0.00767629 0.106011 -0.287661 0.951781 -0.1066 0.0780821 -0.0382294 0.0998043 0.994272 0.113024
163 0.956905 0.289805 0.0186014 0.104675 -0.286507 0.952588 -0.102422 0.0778392 -0.0474019 0.0926787 0.994567 0.112704
164 0.956732 0.288491 0.0379076 0.104569 -0.284074 0.954291 -0.0929032 0.0771338 -0.0629766 0.0781149 0.994953 0.115643
165 0.957124 0.286076 0.04555 0.104592 -0.281174 0.955288 -0.0914647 0.0767169 -0.0696792 0.0747356 0.994766 0.116363
166 0.957915 0.281755 0.0548978 0.104771 -0.276598 0.957132 -0.0859712 0.0764484 -0.0767673 0.0671684 0.994784 0.11769
167 0.957761 0.27935 0.0682425 0.104643 -0.273679 0.958327 -0.081905 0.0762616 -0.0882788 0.0597689 0.994301 0.119342
168 0.95616 0.280295 0.0848094 0.104907 -0.273853 0.958428 -0.0801271 0.0755749 -0.103743 0.053389 0.99317 0.12151
169 0.955269 0.278418 0.099721 0.105197 -0.271343 0.959246 -0.0788714 0.0752994 -0.117616 0.0482848 0.991885 0.119925
170 0.954954 0.274128 0.113651 0.105281 -0.266714 0.960752 -0.0762802 0.0749038 -0.130101 0.0425318 0.990588 0.120465
171 0.958874 0.253431 0.127799 0.105449 -0.245254 0.966446 -0.0763664 0.0741204 -0.142865 0.0418824 0.988856 0.124863
172 0.961633 0.242887 0.127542 0.105892 -0.234695 0.969095 -0.0759756 0.0736856 -0.142054 0.0431271 0.988919 0.124636
173 0.964361 0.229977 0.130835 0.105867 -0.22182 0.972273 -0.0740297 0.073262 -0.144233 0.0423696 0.988636 0.126523
174 0.970878 0.213074 0.109527 0.106433 -0.205128 0.975506 -0.0794396 0.0728279 -0.123771 0.0546592 0.990804 0.128135
175 0.974428 0.204514 0.0930852 0.106551 -0.197474 0.977078 -0.0795204 0.0726811 -0.107215 0.059105 0.992478 0.129225
176 0.977595 0.200781 0.0632082 0.106434 -0.195268 0.977156 -0.0838801 0.0725859 -0.0786058 0.0696582 0.994469 0.130803
177 0.979867 0.195508 0.0404734 0.106969 -0.191718 0.977968 -0.0825971 0.072107 -0.0557302 0.0731747 0.995761 0.130101
178 0.981546 0.189436 0.0260999 0.1073 -0.186828 0.979102 -0.0803435 0.0719586 -0.0407744 0.0739846 0.996425 0.131352
179 0.980444 0.196478 0.0111956 0.107447 -0.194897 0.977292 -0.0831648 0.0719231 -0.0272815 0.0793565 0.996473 0.132397
180 0.979716 0.20011 0.0106313 0.107569 -0.19851 0.976402 -0.0850477 0.0720381 -0.0273993 0.0812122 0.99632 0.133312
181 0.981168 0.193038 0.00671242 0.107873 -0.191703 0.977459 -0.0884563 0.0719598 -0.0236365 0.0855037 0.996057 0.133802
182 0.979595 0.200568 -0.0129185 0.108171 -0.200902 0.975334 -0.091439 0.0717312 -0.00573986 0.0921685 0.995727 0.135407
183 0.978991 0.202098 -0.0270705 0.10886 -0.203777 0.974394 -0.0950338 0.0715037 0.00717117 0.0985536 0.995106 0.133634
184 0.977162 0.208591 -0.0405418 0.108993 -0.211613 0.972592 -0.0963568 0.0714434 0.0193315 0.102735 0.994521 0.134324
185 0.976584 0.209334 -0.0496259 0.109124 -0.213436 0.97168 -0.101404 0.071396 0.0269933 0.109621 0.993607 0.135122
186 0.975272 0.212161 -0.0618991 0.109381 -0.217714 0.970455 -0.104005 0.0711074 0.0380044 0.11491 0.992649 0.135123
187 0.974645 0.212153 -0.071123 0.109552 -0.218659 0.97051 -0.101479 0.0708814 0.0474964 0.114458 0.992292 0.134927
188 0.974194 0.211554 -0.0786864 0.109637 -0.219047 0.970213 -0.103471 0.0710946 0.0544528 0.118037 0.991515 0.135808
189 0.971224 0.220867 -0.0891207 0.110428 -0.229267 0.96835 -0.0986654 0.0704007 0.0645081 0.116259 0.991122 0.134327
190 0.971007 0.222022 -0.0886091 0.110537 -0.230029 0.968673 -0.0935885 0.0703479 0.0650546 0.111258 0.99166 0.134513
191 0.970769 0.223334 -0.0879129 0.110559 -0.231391 0.968149 -0.0956312 0.0704884 0.0637551 0.113178 0.991527 0.134769
192 0.969617 0.228485 -0.0873926 0.110681 -0.236435 0.966982 -0.095097 0.0703213 0.0627789 0.11287 0.991624 0.134616
193 0.969239 0.230118 -0.087297 0.110723 -0.238012 0.966659 -0.0944484 0.0703662 0.0626522 0.112321 0.991695 0.134869
194 0.968476 0.23256 -0.0892721 0.110778 -0.240877 0.965631 -0.0976456 0.0703718 0.0634955 0.116071 0.991209 0.13483
195 0.9665 0.241315 -0.0874296 0.110798 -0.249307 0.963626 -0.096287 0.0702355 0.0610139 0.114858 0.991506 0.134873
196 0.965485 0.247484 -0.0811849 0.110777 -0.254865 0.961938 -0.098589 0.0703012 0.0536956 0.115877 0.991811 0.135036
197 0.965075 0.250422 -0.0769328 0.110833 -0.257504 0.960796 -0.10277 0.070218 0.0481808 0.118992 0.991726 0.135096
198 0.96442 0.253756 -0.0741748 0.110906 -0.26069 0.959461 -0.107121 0.0700905 0.0439853 0.122646 0.991475 0.135387
199 0.964594 0.254115 -0.0705974 0.110925 -0.260713 0.959163 -0.109703 0.070061 0.0398374 0.124224 0.991454 0.135629
200 0.964833 0.253923 -0.0679717 0.110933 -0.260508 0.958208 -0.118205 0.0701472 0.0351159 0.131756 0.99066 0.136045
201 0.96381 0.258725 -0.0642732 0.111034 -0.26483 0.956857 -0.11954 0.0698116 0.0305724 0.132235 0.990747 0.135874
202 0.964642 0.256442 -0.0608592 0.111091 -0.262115 0.957598 -0.119594 0.0697764 0.0276098 0.131317 0.990956 0.136398
203 0.964789 0.25644 -0.0584855 0.11106 -0.261961 0.956811 -0.126049 0.069902 0.0236355 0.136931 0.990299 0.137101
204 0.963509 0.262733 -0.0512072 0.111171 -0.26722 0.95527 -0.126697 0.0695951 0.0156291 0.135758 0.990619 0.1371
205 0.963866 0.262798 -0.0435778 0.111233 -0.266318 0.95434 -0.13531 0.0696048 0.00602879 0.142027 0.989844 0.138228
206 0.963084 0.265434 -0.0448734 0.111781 -0.269126 0.95327 -0.137283 0.0692854 0.00633683 0.144292 0.989515 0.136389
207 0.962878 0.266862 -0.0406402 0.111806 -0.269936 0.952524 -0.140825 0.0692049 0.00112993 0.146568 0.9892 0.136862
208 0.963435 0.265477 -0.0362716 0.111834 -0.267904 0.952106 -0.147381 0.0691947 -0.00459173 0.151709 0.988415 0.137436
209 0.96233 0.269937 -0.0324778 0.111871 -0.271688 0.950225 -0.152507 0.0690571 -0.010306 0.155586 0.987769 0.137862
210 0.959945 0.279825 -0.0142672 0.111952 -0.278389 0.946778 -0.161588 0.0689004 -0.0317086 0.159088 0.986755 0.139032
211 0.960293 0.278702 -0.0127516 0.112529 -0.276848 0.946253 -0.167215 0.0685697 -0.0345368 0.164105 0.985838 0.136239
212 0.961676 0.27411 -0.00660727 0.112621 -0.271096 0.946939 -0.172663 0.068449 -0.041072 0.167837 0.984959 0.137075
213 0.963624 0.26725 -0.00241683 0.112739 -0.263473 0.948409 -0.176358 0.0682735 -0.0448395 0.170579 0.984323 0.137808
214 0.9667 0.255896 -0.00269677 0.112883 -0.252342 0.951414 -0.176449 0.0681586 -0.0425868 0.171253 0.984306 0.138752
215 0.97079 0.239706 -0.0103692 0.112986 -0.23761 0.954511 -0.180138 0.0681615 -0.0332825 0.17734 0.983587 0.139975
216 0.972338 0.232758 -0.0195679 0.113097 -0.232321 0.955017 -0.18431 0.0679812 -0.0242121 0.183758 0.982673 0.140585
217 0.967468 0.252843 -0.00872784 0.113016 -0.250156 0.950893 -0.182274 0.0678258 -0.0377875 0.178528 0.983209 0.141553
218 0.964867 0.262651 0.00672941 0.113102 -0.256917 0.948543 -0.185093 0.0676915 -0.054998 0.176861 0.982698 0.141981
219 0.965492 0.259991 0.015141 0.113302 -0.252854 0.949737 -0.184565 0.0675002 -0.0623652 0.174367 0.982704 0.143194
220 0.967695 0.251864 0.0114485 0.113904 -0.245381 0.951276 -0.186711 0.0671269 -0.0579165 0.17787 0.982348 0.142925
221 0.968174 0.249953 0.0127768 0.113979 -0.24332 0.95198 -0.185823 0.0668744 -0.0586104 0.1768 0.9825 0.143358
222 0.969658 0.24382 0.0177487 0.114035 -0.236417 0.953737 -0.18572 0.0668391 -0.0622098 0.175889 0.982442 0.144024
223 0.970477 0.240107 0.022868 0.114118 -0.231676 0.954354 -0.188508 0.0666843 -0.0670862 0.177644 0.981805 0.144906
224 0.968549 0.247047 0.0296647 0.11411 -0.237698 0.9539 -0.183235 0.0666329 -0.0735648 0.170421 0.982621 0.145217
225 0.967928 0.248374 0.0377585 0.114101 -0.238032 0.954741 -0.178357 0.0666143 -0.0803487 0.163649 0.983241 0.145434
226 0.970633 0.237324 0.0393477 0.11406 -0.226632 0.95696 -0.18129 0.0668469 -0.0806788 0.167049 0.982642 0.145934
227 0.972411 0.231342 0.0299506 0.11408 -0.222388 0.958128 -0.18037 0.0668519 -0.0704237 0.168733 0.983143 0.146072
228 0.972141 0.232994 0.0255957 0.114026 -0.225127 0.958522 -0.174798 0.0667387 -0.0652608 0.164166 0.984272 0.14592
229 0.972782 0.230234 0.0262079 0.113984 -0.22245 0.959542 -0.172614 0.0668192 -0.0648892 0.162086 0.984641 0.145824
230 0.973876 0.225594 0.0259323 0.113934 -0.218264 0.961457 -0.167216 0.0669153 -0.0626555 0.157187 0.985579 0.14557
231 0.974467 0.222904 0.0269982 0.113957 -0.215797 0.962972 -0.161604 0.0668467 -0.0620206 0.151651 0.986486 0.145092
232 0.975056 0.219793 0.0309381 0.113943 -0.212466 0.964567 -0.156423 0.0669754 -0.0642227 0.145948 0.987205 0.145156
233 0.974658 0.221135 0.0337773 0.113921 -0.213232 0.964047 -0.158575 0.0670989 -0.0676294 0.147354 0.986769 0.144989
234 0.974594 0.22074 0.037962 0.11399 -0.212508 0.964845 -0.154645 0.0669947 -0.0707636 0.142648 0.987241 0.144406
235 0.975364 0.216798 0.0407885 0.114033 -0.208746 0.96683 -0.147188 0.0670809 -0.0713456 0.135047 0.988267 0.144367
236 0.976487 0.210703 0.0455883 0.114065 -0.202214 0.968536 -0.145079 0.0672735 -0.0747224 0.132449 0.988369 0.144107
237 0.974908 0.215999 0.0538427 0.114188 -0.20688 0.968425 -0.139116 0.0671392 -0.0821917 0.124487 0.988811 0.143385
238 0.973986 0.217904 0.0622096 0.114702 -0.208524 0.969286 -0.130396 0.0668681 -0.0887127 0.114032 0.989508 0.142057
239 0.974036 0.214367 0.0728096 0.114791 -0.204392 0.970955 -0.12438 0.0669109 -0.0973578 0.106269 0.98956 0.141776
240 0.974305 0.208974 0.0840191 0.114872 -0.198526 0.972983 -0.117867 0.0670405 -0.10638 0.0981581 0.989469 0.141686
241 0.9732 0.209259 0.0953495 0.114943 -0.198747 0.973972 -0.108987 0.0671522 -0.115674 0.0871156 0.98946 0.14169
242 0.970378 0.213945 0.112222 0.115451 -0.202855 0.973831 -0.102479 0.0668969 -0.13121 0.0766788 0.988385 0.141352
243 0.968098 0.200799 0.149888 0.115662 -0.188493 0.977721 -0.0923734 0.0672993 -0.165097 0.0611736 0.984378 0.141094
244 0.969652 0.189089 0.154983 0.115877 -0.177334 0.980335 -0.0865749 0.0674083 -0.168306 0.0564637 0.984116 0.141011
245 0.969578 0.184442 0.160933 0.115953 -0.173704 0.981661 -0.078542 0.0675105 -0.172468 0.0481979 0.983835 0.140904
246 0.968111 0.18098 0.173224 0.116374 -0.171396 0.98279 -0.0688954 0.0675124 -0.182712 0.0370084 0.98247 0.140849
247 0.966255 0.177894 0.186293 0.116537 -0.169996 0.983756 -0.0576752 0.0676069 -0.193527 0.0240598 0.9808 0.140754
248 0.961575 0.179559 0.207684 0.11678 -0.172038 0.983616 -0.0538762 0.067717 -0.213955 0.0160764 0.976711 0.140922
249 0.959983 0.17465 0.21893 0.116897 -0.168397 0.984596 -0.04705 0.0679047 -0.223775 0.00829999 0.974606 0.1406
250 0.958747 0.173178 0.225418 0.117085 -0.169147 0.984887 -0.0372305 0.0679151 -0.228459 -0.00243403 0.973551 0.140647
251 0.954617 0.169844 0.244661 0.117662 -0.167677 0.985391 -0.0298172 0.0679582 -0.246151 -0.01256 0.96915 0.14086
252 0.952479 0.168253 0.25392 0.117787 -0.168645 0.985466 -0.0203868 0.0680806 -0.253659 -0.0234043 0.96701 0.140888
253 0.95155 0.162323 0.261159 0.118 -0.164669 0.986263 -0.0130276 0.0679734 -0.259686 -0.0306084 0.965208 0.141434
254 0.946956 0.161325 0.277938 0.118141 -0.167439 0.985881 -0.00176069 0.0680969 -0.274297 -0.0448704 0.960598 0.141485
255 0.943353 0.161643 0.289753 0.118243 -0.169991 0.985439 0.00369916 0.0681094 -0.284936 -0.052745 0.957094 0.141771
256 0.940442 0.160575 0.29964 0.118677 -0.171242 0.985183 0.0095043 0.0680129 -0.293674 -0.0602494 0.954005 0.142314
257 0.934506 0.157232 0.319338 0.118802 -0.170253 0.985314 0.0130862 0.0679959 -0.312591 -0.0665973 0.94755 0.142842
258 0.932263 0.154448 0.327157 0.118865 -0.169851 0.985289 0.0188574 0.0680821 -0.319432 -0.0731478 0.944782 0.142953
259 0.929778 0.15 0.336174 0.119041 -0.167721 0.985539 0.024133 0.0678166 -0.327693 -0.0788219 0.941491 0.144001
260 0.928789 0.149631 0.339059 0.119053 -0.167123 0.985672 0.0228119 0.0677623 -0.330787 -0.077852 0.940489 0.144376
261 0.924122 0.147988 0.352277 0.119008 -0.166569 0.985765 0.0228469 0.0677402 -0.343881 -0.0797917 0.935617 0.145574
262 0.925377 0.142668 0.351174 0.119619 -0.159827 0.986938 0.0202041 0.0674336 -0.343705 -0.0748234 0.936092 0.146087
263 0.924867 0.131499 0.356833 0.119583 -0.145 0.989368 0.0112226 0.0673545 -0.351563 -0.0621201 0.934101 0.146741
264 0.926624 0.121864 0.355693 0.119789 -0.13328 0.991049 0.007668 0.0668685 -0.351575 -0.0545121 0.934571 0.148182
265 0.925937 0.121483 0.357608 0.119606 -0.125567 0.992014 -0.011872 0.0670073 -0.356194 -0.0339109 0.933796 0.148533
266 0.918141 0.112819 0.379855 0.11933 -0.117232 0.993037 -0.0115789 0.0666154 -0.378516 -0.0339 0.924974 0.15059
267 0.916502 0.108329 0.385082 0.11998 -0.108944 0.993841 -0.0202927 0.0663159 -0.384909 -0.0233543 0.922659 0.149761
268 0.917483 0.0876057 0.388009 0.11989 -0.0887283 0.995942 -0.0150604 0.0662419 -0.387754 -0.0206097 0.921533 0.150335
269 0.916424 0.0800399 0.392124 0.119797 -0.0800614 0.996656 -0.0163267 0.0660935 -0.39212 -0.0164318 0.919767 0.150831
270 0.913126 0.0750204 0.400715 0.119714 -0.0754934 0.997039 -0.014632 0.0660669 -0.400627 -0.0168906 0.916086 0.150781
271 0.90842 0.0590971 0.413861 0.119635 -0.0610803 0.998097 -0.00845221 0.0659717 -0.413573 -0.0176006 0.910301 0.151682
272 0.906536 0.0508124 0.419058 0.119579 -0.0535011 0.998554 -0.00534095 0.0658658 -0.418724 -0.0175783 0.907944 0.151767
273 0.899164 0.032732 0.436387 0.119546 -0.0372334 0.999305 0.00176369 0.0657596 -0.436026 -0.017834 0.899758 0.152844
274 0.897891 0.0228845 0.439622 0.120143 -0.0267059 0.99964 0.00250833 0.065591 -0.439406 -0.0139927 0.898179 0.152915
275 0.888837 0.00962429 0.458122 0.120552 -0.016341 0.999809 0.0107003 0.0653831 -0.457932 -0.016997 0.888825 0.153575
276 0.881372 0.00648044 0.472379 0.120431 -0.01274 0.999868 0.0100535 0.0653682 -0.472252 -0.014879 0.881338 0.153952
277 0.877231 0.00361602 0.480054 0.120029 -0.00948165 0.999907 0.00979455 0.0654372 -0.479974 -0.0131438 0.877184 0.153544
278 0.870642 -0.00833208 0.491846 0.120185 0.0030817 0.999929 0.0114842 0.0654447 -0.491907 -0.00848287 0.870607 0.153806
279 0.866812 -0.0103538 0.498528 0.119986 0.00354927 0.999887 0.0145951 0.0654024 -0.498623 -0.0108818 0.866751 0.153773
280 0.865171 -0.013881 0.501285 0.120778 0.00672118 0.999848 0.0160865 0.065043 -0.501432 -0.0105483 0.865133 0.154801
281 0.861945 -0.00963016 0.50691 0.120457 0.000560934 0.999837 0.0180408 0.0651681 -0.507002 -0.0152659 0.86181 0.154304
282 0.861824 -0.00624822 0.507169 0.120326 -0.00467076 0.999784 0.0202541 0.0651221 -0.507186 -0.0198243 0.861609 0.154452
283 0.862763 -0.00202457 0.505605 0.120169 -0.0102246 0.999718 0.0214504 0.0651168 -0.505505 -0.0236762 0.862498 0.154451
284 0.866539 0.00184183 0.499106 0.119983 -0.0158724 0.999589 0.0238687 0.065055 -0.498857 -0.0286051 0.866212 0.15479
285 0.870396 0.00741729 0.492297 0.120132 -0.0200408 0.999592 0.0203722 0.0649756 -0.491944 -0.0275978 0.870189 0.154963
286 0.872924 0.00969049 0.487759 0.119744 -0.0224549 0.999541 0.0203284 0.0650462 -0.487339 -0.0286978 0.872741 0.154755
287 0.876119 0.00993432 0.481992 0.119922 -0.0196709 0.999692 0.0151514 0.0649267 -0.481693 -0.0227556 0.876045 0.155008
288 0.877218 0.0114477 0.479956 0.120242 -0.0179401 0.999799 0.00894236 0.0650502 -0.479757 -0.0164548 0.877247 0.154858
289 0.876191 0.00979802 0.481865 0.120353 -0.0172628 0.99979 0.0110602 0.0650721 -0.481656 -0.0180092 0.876176 0.154763
290 0.87408 0.00770594 0.485721 0.12043 -0.0142593 0.99985 0.00979774 0.065167 -0.485572 -0.01549 0.874059 0.154283
291 0.870166 0.0055058 0.492727 0.120184 -0.01305 0.999844 0.0118741 0.0652865 -0.492585 -0.0167626 0.870103 0.15399
292 0.861244 -0.00316628 0.508182 0.12042 -0.0058525 0.999852 0.0161482 0.0651631 -0.508158 -0.0168817 0.861098 0.154496
293 0.856301 -0.0091106 0.516397 0.120639 -0.0004228 0.999832 0.0183407 0.0652013 -0.516478 -0.0159235 0.856153 0.153971
294 0.849146 -0.0115251 0.528032 0.120576 -0.000554256 0.999742 0.0227122 0.0651805 -0.528158 -0.0195786 0.848921 0.154208
295 0.831894 -0.0150534 0.55473 0.120629 0.00348839 0.999754 0.0218985 0.0651441 -0.554923 -0.0162821 0.831742 0.155207
296 0.822249 -0.022249 0.568692 0.120612 0.00926009 0.999626 0.0257196 0.0650952 -0.569052 -0.0158818 0.822148 0.155246
297 0.806477 -0.0414909 0.589808 0.121165 0.0296029 0.999117 0.0298066 0.0648892 -0.590524 -0.00657831 0.806993 0.156333
298 0.79666 -0.0484321 0.602485 0.121193 0.0361568 0.998818 0.0324824 0.064898 -0.603346 -0.00409343 0.797469 0.156303
299 0.769109 -0.0696423 0.635313 0.121538 0.0571012 0.997558 0.0402245 0.064856 -0.636562 0.00534011 0.771207 0.156838
300 0.758445 -0.0865487 0.645965 0.121927 0.0730654 0.996187 0.0476847 0.0646947 -0.647629 0.0110315 0.761876 0.157491
301 0.750528 -0.105167 0.652416 0.122013 0.0927211 0.994248 0.0536045 0.0646525 -0.654301 0.0202611 0.755963 0.157763
302 0.73203 -0.132751 0.668213 0.122153 0.122769 0.990479 0.0622803 0.0646146 -0.670119 0.0364447 0.741358 0.158088
303 0.72065 -0.142794 0.678435 0.122442 0.131468 0.988951 0.0685025 0.064645 -0.68072 0.0398259 0.73146 0.158193
304 0.71086 -0.150102 0.687129 0.12299 0.139251 0.987659 0.0716924 0.0646492 -0.68941 0.0447199 0.722989 0.158812
305 0.703321 -0.153556 0.694089 0.123328 0.145959 0.986782 0.0704088 0.0645535 -0.695726 0.0517887 0.716438 0.15903
306 0.692702 -0.159989 0.703255 0.123018 0.151424 0.985614 0.0750737 0.0645936 -0.705149 0.0544859 0.706962 0.158632
307 0.677405 -0.158741 0.718279 0.123479 0.153306 0.985463 0.0732078 0.0645544 -0.719458 0.0605249 0.691893 0.159459
308 0.672734 -0.156209 0.723206 0.123089 0.151722 0.985812 0.0717977 0.064592 -0.724161 0.0614253 0.68689 0.158849
309 0.665551 -0.151561 0.730802 0.122434 0.140308 0.987114 0.0769369 0.0644641 -0.733046 0.0513321 0.67824 0.15885
310 0.660809 -0.145021 0.73641 0.123482 0.133055 0.98825 0.0752203 0.0644624 -0.738666 0.048277 0.672341 0.159624
311 0.655611 -0.141015 0.741815 0.122336 0.126186 0.989053 0.0764911 0.0643859 -0.744481 0.043458 0.666228 0.159372
312 0.656312 -0.138256 0.741714 0.122937 0.124242 0.989451 0.0744975 0.0643859 -0.74419 0.0432585 0.666566 0.159721
313 0.6537 -0.135697 0.744488 0.12242 0.122873 0.98977 0.0725154 0.0643751 -0.746711 0.0440739 0.663686 0.159344
314 0.649883 -0.129346 0.748947 0.122319 0.115524 0.990773 0.0708671 0.0643215 -0.751203 0.0404663 0.658829 0.159672
315 0.650142 -0.126562 0.749198 0.12196 0.116582 0.99097 0.0662363 0.0643614 -0.750815 0.0442798 0.659026 0.159391
316 0.650283 -0.122392 0.749768 0.121484 0.115663 0.991382 0.0615169 0.0642982 -0.750836 0.046717 0.658835 0.159369
317 0.649707 -0.118822 0.750841 0.121026 0.114397 0.991743 0.057957 0.0642726 -0.751528 0.0482393 0.657935 0.159124
318 0.648432 -0.116884 0.752246 0.120517 0.113541 0.991939 0.0562557 0.0642232 -0.752757 0.0489329 0.656477 0.159049
319 0.644926 -0.117805 0.75511 0.119213 0.117791 0.991564 0.0540915 0.0640195 -0.755113 0.0540604 0.653362 0.159248
320 0.645695 -0.119008 0.754265 0.11926 0.119455 0.991361 0.0541565 0.0640014 -0.754194 0.055132 0.654333 0.15924
321 0.641956 -0.117767 0.757643 0.118144 0.121197 0.991297 0.0513956 0.0638869 -0.757102 0.0588303 0.650642 0.158918
322 0.641475 -0.121216 0.757507 0.118024 0.124564 0.990792 0.0530621 0.0638871 -0.756963 0.0603203 0.650667 0.159004
323 0.641022 -0.130043 0.756425 0.116966 0.134035 0.989364 0.0565033 0.0637354 -0.755728 0.0651675 0.651635 0.15885
324 0.634049 -0.132752 0.761813 0.116463 0.133799 0.989129 0.061004 0.0634555 -0.761629 0.0632503 0.644919 0.159479
325 0.634542 -0.128241 0.762175 0.116773 0.131323 0.989689 0.0571891 0.0635372 -0.76165 0.0638025 0.64484 0.159255
326 0.623737 -0.124599 0.771639 0.115527 0.124841 0.99042 0.0590139 0.0633354 -0.7716 0.059523 0.633317 0.159429
327 0.624689 -0.12458 0.770872 0.115135 0.126376 0.990307 0.0576319 0.0632897 -0.77058 0.0614175 0.634377 0.15939
328 0.627235 -0.120758 0.769411 0.114282 0.119639 0.99112 0.0580232 0.0631777 -0.769586 0.0556574 0.636113 0.159059
329 0.62626 -0.118884 0.770497 0.114034 0.112292 0.991755 0.0617526 0.0631333 -0.771485 0.0478471 0.634446 0.158983
330 0.625339 -0.114567 0.771898 0.113581 0.103476 0.992603 0.0634953 0.0631082 -0.773462 0.0401666 0.632568 0.159034
331 0.62376 -0.113909 0.773271 0.113172 0.0973298 0.992943 0.0677574 0.0630254 -0.775533 0.032998 0.630444 0.159112
332 0.622451 -0.113343 0.774408 0.113469 0.0948917 0.993088 0.069078 0.0630593 -0.776885 0.0304872 0.628904 0.159367
333 0.62376 -0.112829 0.77343 0.113437 0.0960369 0.993092 0.0674206 0.0630951 -0.775694 0.0322235 0.630286 0.159156
334 0.619978 -0.11268 0.776486 0.112699 0.0922392 0.993239 0.0704867 0.0629234 -0.779179 0.0279223 0.62618 0.159043
335 0.598147 -0.112602 0.793436 0.111292 0.0849476 0.99341 0.0769421 0.0625612 -0.796871 0.0213777 0.603771 0.160064
336 0.592705 -0.117541 0.796797 0.110325 0.0923828 0.992686 0.0777177 0.0624044 -0.800104 0.0275466 0.599228 0.160466
337 0.593986 -0.117657 0.795825 0.110562 0.0932486 0.992649 0.0771574 0.0624042 -0.799053 0.0283792 0.600591 0.160517
338 0.587079 -0.121379 0.800378 0.109944 0.092342 0.992283 0.0827486 0.062279 -0.804246 0.0253285 0.593757 0.160682
339 0.586112 -0.122006 0.800992 0.109834 0.0958582 0.992096 0.0809719 0.0623217 -0.80454 0.0293231 0.593174 0.160967
340 0.582278 -0.128396 0.802787 0.108627 0.0980156 0.991334 0.0874597 0.0620767 -0.80706 0.0277598 0.589817 0.161607
341 0.55447 -0.138515 0.820596 0.105052 0.101443 0.989947 0.0985562 0.0614832 -0.825998 0.0285976 0.562947 0.16369
342 0.564698 -0.146683 0.812158 0.105712 0.107971 0.988751 0.103504 0.061495 -0.818205 0.0292413 0.574183 0.163545
343 0.560753 -0.155784 0.813196 0.104531 0.114202 0.987306 0.110388 0.0613472 -0.820069 0.0309683 0.571425 0.163953
344 0.557596 -0.165919 0.813362 0.104012 0.124036 0.985474 0.115996 0.061183 -0.820794 0.0362079 0.570076 0.164643
345 0.551866 -0.176228 0.8151 0.102136 0.136295 0.983334 0.120322 0.0609813 -0.822719 0.044692 0.566688 0.165373
346 0.553587 -0.183821 0.812251 0.101842 0.145033 0.981711 0.123325 0.0609054 -0.820065 0.049532 0.570123 0.165209
347 0.545952 -0.191229 0.815701 0.101098 0.149164 0.980234 0.129965 0.0607073 -0.824431 0.0507185 0.563685 0.165223
348 0.527972 -0.205601 0.823999 0.10013 0.158595 0.977054 0.142172 0.0606394 -0.834322 0.0556188 0.548464 0.166062
349 0.528674 -0.212912 0.821689 0.100355 0.168793 0.975068 0.144053 0.0607056 -0.831873 0.0625377 0.551431 0.166025
350 0.523191 -0.217539 0.823983 0.0992611 0.170942 0.97401 0.148607 0.0603513 -0.834895 0.0631033 0.546779 0.166199
351 0.518217 -0.221263 0.826132 0.0983679 0.172604 0.973136 0.152364 0.060362 -0.837651 0.0636361 0.542486 0.166221
352 0.509386 -0.225521 0.830461 0.0979787 0.174036 0.972105 0.157237 0.0603175 -0.842756 0.0644356 0.534426 0.166286
353 0.500934 -0.229043 0.834628 0.0976688 0.176812 0.971091 0.160372 0.0602867 -0.847232 0.0672362 0.52695 0.166493
