20 0.997916 -0.0116217 -0.0634719 0.0315806 0.0102265 0.9997 -0.0222623 3.04325e-05 0.0637116 0.0215668 0.997735 0.0118024
21 0.99823 -0.00655995 -0.059114 0.0331482 0.00527546 0.999747 -0.021859 -0.00304266 0.0592424 0.0215085 0.998012 0.0121181
22 0.997887 -0.0145268 -0.0633335 0.0339579 0.0128231 0.999547 -0.0272242 -0.000738533 0.0637003 0.0263546 0.997621 0.0148379
23 0.997393 -0.0172996 -0.0700564 0.0378651 0.0156255 0.999581 -0.0243745 -0.00354515 0.0704487 0.0232162 0.997245 0.014753
24 0.997307 -0.0206325 -0.070381 0.0391436 0.01898 0.99953 -0.024067 -0.00411084 0.0708445 0.0226663 0.99723 0.0189732
25 0.997536 -0.0182931 -0.0677325 0.038742 0.0166224 0.999546 -0.0251482 -0.00373741 0.0681618 0.0239604 0.997387 0.0229328
26 0.997475 -0.0159996 -0.0691935 0.0394758 0.014057 0.999496 -0.0284716 -0.0055028 0.0696142 0.0274271 0.997197 0.0256941
27 0.997827 -0.00965409 -0.0651707 0.0406385 0.00797528 0.999631 -0.0259715 -0.00812839 0.0653973 0.0253954 0.997536 0.0311683
28 0.997974 -0.00657404 -0.0632846 0.0397375 0.00490116 0.999635 -0.0265533 -0.0110716 0.0634361 0.0261893 0.997642 0.0363324
29 0.998111 -0.009522 -0.0606894 0.0395821 0.00796323 0.999633 -0.0258748 -0.0127078 0.0609136 0.0253426 0.997821 0.0420412
30 0.997964 -0.00728179 -0.0633616 0.0417039 0.00568625 0.999663 -0.0253255 -0.0169073 0.0635247 0.0249136 0.997669 0.044937
31 0.998369 -0.00470892 -0.0568945 0.0417233 0.00311334 0.9996 -0.0281007 -0.0203879 0.0570041 0.0278778 0.997985 0.0513025
32 0.998743 -0.00421075 -0.0499535 0.0379192 0.00252433 0.999426 -0.0337749 -0.0196451 0.0500671 0.0336063 0.99818 0.0577519
33 0.998705 -0.0032103 -0.0507687 0.0393696 0.00154911 0.999463 -0.0327264 -0.023566 0.0508465 0.0326054 0.998174 0.0601291
34 0.998883 -0.0066391 -0.0467849 0.0387003 0.00491295 0.999306 -0.0369143 -0.0259475 0.0469975 0.0366432 0.998223 0.0647531
35 0.998982 -0.00876936 -0.0442545 0.0384634 0.00701499 0.999189 -0.0396436 -0.0271358 0.0445663 0.0392928 0.998233 0.0688816
36 0.999034 -0.0100446 -0.0427739 0.0389822 0.00826844 0.999104 -0.0415003 -0.028913 0.0431524 0.0411065 0.998222 0.0741268
37 0.999018 -0.00638389 -0.0438394 0.0378423 0.00459643 0.999159 -0.0407534 -0.0323838 0.0440627 0.0405118 0.998207 0.077887
38 0.999074 -0.00723251 -0.0424237 0.0375289 0.00538926 0.999043 -0.0434033 -0.0339099 0.0426971 0.0431344 0.998156 0.0815115
39 0.999067 -0.0056574 -0.0428128 0.0361953 0.00383573 0.999089 -0.0425128 -0.0361479 0.0430143 0.0423089 0.998178 0.0855278
40 0.999289 -0.00648119 -0.0371519 0.0358704 0.00486449 0.999044 -0.0434423 -0.0409117 0.037398 0.0432306 0.998365 0.0878776
41 0.999413 -0.00980757 -0.0328243 0.0350107 0.00835894 0.998997 -0.0439826 -0.0409751 0.0332228 0.0436824 0.998493 0.0931824
42 0.999544 -0.0105304 -0.0283081 0.0345317 0.00931801 0.999048 -0.0426235 -0.0418679 0.02873 0.0423403 0.99869 0.0975011
43 0.999686 -0.00596609 -0.0243393 0.0350033 0.00499612 0.999198 -0.0397203 -0.0432429 0.0245567 0.0395862 0.998914 0.100326
44 0.999704 -0.00420114 -0.0239722 0.0353804 0.00325688 0.999222 -0.0392938 -0.0442376 0.0241186 0.0392041 0.99894 0.10389
45 0.99968 -0.00311295 -0.025117 0.035217 0.00206933 0.999138 -0.0414697 -0.0447494 0.0252244 0.0414044 0.998824 0.108265
46 0.999707 -0.00282768 -0.0240315 0.0378193 0.00187128 0.999209 -0.0397277 -0.0466986 0.0241248 0.0396711 0.998922 0.113272
47 0.999548 -0.00432926 -0.0297424 0.04127 0.00308634 0.999125 -0.041709 -0.0480847 0.029897 0.0415983 0.998687 0.116314
48 0.999417 -0.00569691 -0.0336556 0.0439216 0.0042727 0.999098 -0.0422386 -0.0482652 0.0338659 0.0420702 0.998541 0.1211
49 0.999164 -0.00633595 -0.0403897 0.0474451 0.00462877 0.999098 -0.0422218 -0.0492195 0.0406208 0.0419996 0.998292 0.125957
50 0.999101 -0.00523617 -0.0420604 0.0515331 0.00335514 0.998996 -0.0446689 -0.0506468 0.0422521 0.0444876 0.998116 0.13058
51 0.998905 -0.002443 -0.0467162 0.0569279 0.000360768 0.999008 -0.0445285 -0.0518851 0.0467786 0.0444629 0.997915 0.13539
52 0.998544 -0.0022964 -0.0538878 0.0626922 0.000215677 0.999255 -0.0385862 -0.0528633 0.0539363 0.0385184 0.997801 0.141315
53 0.998328 -0.00169918 -0.0577714 0.0679063 -0.000101392 0.999515 -0.0311499 -0.0543572 0.0577963 0.0311037 0.997844 0.147404
54 0.998102 -0.00271873 -0.0615305 0.0742264 0.000732109 0.999478 -0.0322863 -0.054609 0.0615861 0.0321799 0.997583 0.152812
55 0.997385 0.00271081 -0.0722229 0.0826182 -0.00510057 0.999445 -0.0329248 -0.0560293 0.0720936 0.0332071 0.996845 0.160505
56 0.996544 0.00390883 -0.0829789 0.0899064 -0.0070283 0.999278 -0.0373349 -0.0575155 0.0827731 0.037789 0.995852 0.164085
57 0.995935 0.00267719 -0.0900315 0.0949449 -0.00613848 0.999252 -0.0381905 -0.0587563 0.0898619 0.0385879 0.995206 0.169716
58 0.995407 -0.0012145 -0.0957216 0.101076 -0.00219454 0.999367 -0.0355008 -0.0607293 0.0957041 0.0355478 0.994775 0.173874
59 0.994341 -0.00637191 -0.10604 0.107682 0.00247116 0.999317 -0.0368764 -0.0616345 0.106203 0.0364057 0.993678 0.178069
60 0.993574 -0.00969101 -0.112767 0.114134 0.00544001 0.999265 -0.0379442 -0.0622764 0.113052 0.0370869 0.992897 0.181881
61 0.992372 -0.0118393 -0.122706 0.120305 0.00700387 0.999185 -0.0397636 -0.0613113 0.123076 0.0386009 0.991646 0.186195
62 0.991241 -0.0119207 -0.131523 0.125945 0.00655175 0.99913 -0.0411789 -0.0617231 0.1319 0.0399565 0.990457 0.188989
63 0.989535 -0.0118137 -0.14381 0.132474 0.00566123 0.999054 -0.0431164 -0.0621497 0.144183 0.041851 0.988666 0.190953
64 0.989032 -0.00988514 -0.147369 0.135993 0.00329589 0.998987 -0.0448899 -0.0616164 0.147663 0.0439119 0.988062 0.194554
65 0.988243 -0.0104032 -0.152538 0.141884 0.00365049 0.999004 -0.0444823 -0.061187 0.152849 0.0434025 0.987296 0.196904
66 0.987209 -0.00937486 -0.159155 0.147025 0.00187696 0.998884 -0.0471958 -0.0615086 0.15942 0.0462934 0.986125 0.19815
67 0.986323 -0.00650888 -0.164696 0.149843 -0.0014274 0.998845 -0.0480232 -0.0608173 0.164819 0.0476014 0.985175 0.202278
68 0.985581 -0.00591697 -0.169098 0.153385 -0.00300259 0.998619 -0.0524434 -0.0609989 0.169175 0.052195 0.984203 0.203233
69 0.984813 -0.00911391 -0.173378 0.156845 0.000378761 0.998732 -0.0503486 -0.0617551 0.173617 0.0495183 0.983568 0.204873
70 0.983875 -0.0107237 -0.178534 0.159247 0.00167807 0.99871 -0.0507403 -0.0620361 0.178848 0.0496225 0.982625 0.206758
71 0.984798 -0.0148457 -0.17307 0.160695 0.00580416 0.998597 -0.0526318 -0.0627399 0.173609 0.0508271 0.983502 0.208234
72 0.984871 -0.018937 -0.172253 0.163461 0.0103462 0.998664 -0.0506352 -0.0620151 0.172981 0.048087 0.983751 0.211456
73 0.984084 -0.0197838 -0.176597 0.165675 0.0116021 0.998816 -0.047243 -0.0628786 0.177322 0.0444422 0.983149 0.212819
74 0.984984 -0.0171106 -0.171797 0.165965 0.00950149 0.998941 -0.0450162 -0.0636293 0.172386 0.0427079 0.984103 0.215651
75 0.98621 -0.0141757 -0.164893 0.166742 0.00649796 0.998873 -0.0470088 -0.0639709 0.165373 0.0452891 0.985191 0.218543
76 0.987392 -0.0135257 -0.157713 0.167412 0.00611099 0.998857 -0.0474044 -0.0648162 0.158174 0.0458429 0.986346 0.222108
77 0.988924 -0.0105206 -0.148047 0.169334 0.00377868 0.998946 -0.0457466 -0.0655752 0.148372 0.0446805 0.987922 0.223745
78 0.989741 -0.00210361 -0.142858 0.172927 -0.0023324 0.99952 -0.0308774 -0.0678838 0.142854 0.0308938 0.989261 0.22707
79 0.990656 0.0134048 -0.135725 0.169745 -0.0160711 0.999698 -0.0185683 -0.067162 0.135435 0.0205761 0.990572 0.23584
80 0.991859 0.0183822 -0.126003 0.16987 -0.0206802 0.999642 -0.0169531 -0.0705132 0.125647 0.0194209 0.991885 0.239072
81 0.992156 0.0163707 -0.123927 0.170795 -0.0190253 0.999614 -0.0202678 -0.070964 0.123548 0.0224665 0.992084 0.245133
82 0.991943 0.0215405 -0.124841 0.171226 -0.024449 0.999463 -0.0218127 -0.0751062 0.124304 0.0246891 0.991937 0.24842
83 0.992731 0.0312892 -0.116214 0.170411 -0.0339983 0.999193 -0.0214018 -0.0771672 0.115451 0.0251974 0.992994 0.253851
84 0.992316 0.0383639 -0.117634 0.171078 -0.0406909 0.99902 -0.0174434 -0.0820448 0.11685 0.022096 0.992904 0.258038
85 0.991792 0.0467349 -0.119013 0.171485 -0.0484855 0.998754 -0.0118551 -0.0859624 0.118311 0.0175282 0.992822 0.26173
86 0.991468 0.0543695 -0.118473 0.171074 -0.0549155 0.99849 -0.0013465 -0.0900943 0.118221 0.00784101 0.992956 0.265449
87 0.991078 0.063781 -0.117033 0.170512 -0.063356 0.997964 0.007352 -0.0907238 0.117263 0.000128335 0.993101 0.271748
88 0.991021 0.072995 -0.112018 0.168282 -0.0719276 0.997318 0.0135465 -0.0941942 0.112707 -0.00536764 0.993614 0.275513
89 0.992232 0.0773134 -0.0974632 0.168628 -0.0754774 0.996896 0.0223912 -0.100146 0.0988918 -0.0148609 0.994987 0.279257
90 0.992999 0.0783261 -0.0884243 0.169581 -0.0759971 0.996674 0.0294108 -0.101274 0.0904339 -0.0224849 0.995649 0.283945
91 0.993152 0.0802897 -0.0848648 0.169826 -0.0774597 0.99634 0.036135 -0.105724 0.0874555 -0.0293139 0.995737 0.286078
92 0.993471 0.082983 -0.0782911 0.169842 -0.080041 0.995989 0.0400008 -0.105761 0.0812964 -0.0334731 0.996128 0.290251
93 0.993187 0.0854566 -0.0792263 0.170236 -0.0821822 0.995658 0.0437135 -0.107807 0.082618 -0.0369047 0.995898 0.290827
94 0.992236 0.101322 -0.072126 0.17016 -0.0971249 0.993492 0.0595006 -0.11146 0.0776853 -0.0520334 0.995619 0.292161
95 0.991278 0.110384 -0.0719984 0.170819 -0.104743 0.991442 0.0779211 -0.115758 0.0799835 -0.0697001 0.994356 0.294664
96 0.990028 0.119424 -0.0747095 0.169344 -0.112818 0.989786 0.087157 -0.115172 0.0843551 -0.0778593 0.993389 0.298652
97 0.990146 0.120321 -0.071652 0.167757 -0.113482 0.989188 0.0928961 -0.114329 0.0820546 -0.0838494 0.993094 0.302563
98 0.990178 0.118686 -0.0738979 0.168387 -0.111543 0.989278 0.0942694 -0.115776 0.0842941 -0.0851007 0.9928 0.303224
99 0.990185 0.115684 -0.0784271 0.169037 -0.107635 0.989141 0.100076 -0.116592 0.0891526 -0.0906525 0.991884 0.305693
100 0.990325 0.114751 -0.0780314 0.17008 -0.105922 0.988363 0.109176 -0.120769 0.0896514 -0.0998542 0.990955 0.306522
101 0.990533 0.110992 -0.0807761 0.171434 -0.101162 0.987964 0.117022 -0.121494 0.0927924 -0.107743 0.989839 0.309058
102 0.99005 0.113729 -0.0828624 0.172205 -0.103006 0.986939 0.123857 -0.125435 0.0958664 -0.11409 0.988834 0.312664
103 0.989721 0.119049 -0.0792394 0.173304 -0.107875 0.985248 0.13285 -0.128816 0.0938861 -0.122936 0.987964 0.314095
104 0.989488 0.118609 -0.0827384 0.17465 -0.10706 0.985414 0.132277 -0.128215 0.0972209 -0.122028 0.987754 0.315851
105 0.987883 0.127038 -0.0891503 0.176708 -0.113472 0.983119 0.143533 -0.133643 0.10588 -0.131678 0.985622 0.316955
106 0.987819 0.127978 -0.0885163 0.178011 -0.113364 0.981543 0.154019 -0.135643 0.106594 -0.142108 0.984095 0.320223
107 0.988275 0.126903 -0.0849042 0.179288 -0.112498 0.981163 0.157045 -0.139173 0.103234 -0.145652 0.983935 0.322823
108 0.98879 0.121553 -0.0867095 0.183148 -0.107138 0.982091 0.15498 -0.141841 0.103995 -0.143953 0.984105 0.324846
109 0.988343 0.124682 -0.0873607 0.184873 -0.110016 0.98157 0.156257 -0.144078 0.105233 -0.144825 0.983845 0.325402
110 0.987322 0.13058 -0.0902486 0.188052 -0.115842 0.981453 0.152743 -0.145264 0.10852 -0.140351 0.984137 0.327947
111 0.98541 0.141063 -0.0952295 0.19188 -0.125712 0.980433 0.151483 -0.149443 0.114735 -0.137301 0.983862 0.329067
112 0.982537 0.154275 -0.10402 0.197397 -0.137443 0.978598 0.153151 -0.151518 0.125421 -0.13618 0.982713 0.331064
113 0.978187 0.173487 -0.114244 0.200443 -0.154187 0.974946 0.160335 -0.154601 0.139197 -0.139223 0.980429 0.333108
114 0.975535 0.183457 -0.121142 0.200818 -0.162447 0.972812 0.165068 -0.158938 0.148131 -0.141351 0.978814 0.336958
115 0.975941 0.189325 -0.108147 0.201235 -0.169917 0.971225 0.166885 -0.1614 0.13663 -0.144493 0.980027 0.341653
116 0.977812 0.182691 -0.102503 0.202489 -0.164843 0.972983 0.161653 -0.162714 0.129266 -0.141169 0.98151 0.343822
117 0.979453 0.16988 -0.108685 0.210667 -0.15285 0.976883 0.149452 -0.166492 0.131561 -0.129769 0.982777 0.342945
118 0.980308 0.16287 -0.111666 0.21375 -0.145665 0.978206 0.147969 -0.169619 0.133332 -0.12879 0.982668 0.345323
119 0.982102 0.152027 -0.11119 0.218888 -0.13599 0.980789 0.139858 -0.171164 0.130316 -0.122234 0.983909 0.3462
120 0.980953 0.147139 -0.126811 0.225152 -0.129887 0.982295 0.135003 -0.174332 0.14443 -0.115961 0.982697 0.345425
121 0.982153 0.146192 -0.118338 0.224444 -0.129581 0.98197 0.137637 -0.177093 0.136325 -0.119846 0.983388 0.347877
122 0.983336 0.139023 -0.117142 0.229536 -0.122814 0.983097 0.13578 -0.180496 0.134038 -0.119131 0.983789 0.347376
123 0.981985 0.144548 -0.121701 0.234202 -0.126834 0.981633 0.142512 -0.182552 0.140066 -0.124508 0.982283 0.347545
124 0.978753 0.157059 -0.131816 0.236447 -0.136312 0.978637 0.15391 -0.186923 0.153173 -0.132672 0.979253 0.348333
125 0.975972 0.167484 -0.139385 0.238776 -0.144382 0.976171 0.162 -0.187479 0.163196 -0.137983 0.976897 0.350026
126 0.972317 0.179554 -0.149533 0.236414 -0.15228 0.972299 0.177328 -0.192543 0.177231 -0.149648 0.972725 0.352332
127 0.972639 0.183679 -0.142248 0.236087 -0.156929 0.970937 0.180708 -0.193611 0.171306 -0.153441 0.973196 0.354568
128 0.972155 0.186342 -0.142099 0.237593 -0.158213 0.969225 0.188604 -0.195756 0.172871 -0.160871 0.971718 0.356218
129 0.971615 0.192329 -0.137743 0.236211 -0.164018 0.967267 0.193627 -0.19751 0.170474 -0.165539 0.971357 0.358858
130 0.971724 0.19313 -0.13584 0.234899 -0.164265 0.966208 0.198642 -0.199585 0.169614 -0.170711 0.970613 0.36185
131 0.97242 0.193129 -0.130771 0.233683 -0.165154 0.966059 0.19863 -0.201393 0.164694 -0.171554 0.971311 0.36471
132 0.972197 0.193762 -0.13149 0.234006 -0.165106 0.965399 0.201855 -0.204178 0.166052 -0.174533 0.970549 0.366339
133 0.97072 0.19735 -0.136948 0.23308 -0.166631 0.963861 0.20786 -0.207688 0.17302 -0.178954 0.968524 0.368808
134 0.970607 0.197883 -0.136982 0.231437 -0.166749 0.96335 0.210123 -0.208772 0.173542 -0.181105 0.968031 0.371225
135 0.969838 0.200228 -0.139003 0.231202 -0.168034 0.962319 0.213789 -0.212054 0.176572 -0.183984 0.96694 0.373738
136 0.968037 0.205657 -0.14356 0.227678 -0.172284 0.961232 0.215292 -0.216145 0.182271 -0.183678 0.96594 0.377633
137 0.968335 0.20722 -0.13924 0.227253 -0.173823 0.959941 0.219768 -0.219026 0.179203 -0.188606 0.965564 0.380709
138 0.966311 0.208808 -0.150472 0.226698 -0.17258 0.959406 0.223062 -0.223884 0.190941 -0.189579 0.963121 0.382835
139 0.967507 0.210068 -0.140716 0.21979 -0.174581 0.957595 0.229203 -0.227538 0.182897 -0.197189 0.963154 0.387385
140 0.972654 0.19934 -0.119193 0.219679 -0.169522 0.960116 0.222351 -0.231492 0.158763 -0.196065 0.967653 0.389215
141 0.974651 0.193845 -0.11171 0.217078 -0.164751 0.959661 0.227833 -0.23513 0.151368 -0.203653 0.967271 0.392113
142 0.980238 0.176605 -0.0891292 0.213378 -0.152925 0.962306 0.224901 -0.238274 0.125488 -0.206827 0.970297 0.395947
143 0.982621 0.163748 -0.0874163 0.217515 -0.14031 0.963557 0.227752 -0.24156 0.121525 -0.211529 0.969787 0.39668
144 0.983772 0.16023 -0.0807449 0.213108 -0.137718 0.962772 0.232603 -0.244921 0.115009 -0.217708 0.969214 0.400839
145 0.985066 0.154313 -0.0763736 0.212751 -0.132913 0.963489 0.232427 -0.246528 0.109452 -0.218805 0.969611 0.402026
146 0.985848 0.149915 -0.0750238 0.213961 -0.128147 0.962453 0.239297 -0.250348 0.108081 -0.226297 0.968044 0.403397
147 0.985972 0.148113 -0.0769547 0.211881 -0.124667 0.960052 0.250517 -0.256592 0.110985 -0.237409 0.965049 0.406471
148 0.98812 0.139131 -0.0652796 0.210068 -0.118441 0.96008 0.253413 -0.260117 0.0979313 -0.242671 0.965153 0.40889
149 0.988075 0.13595 -0.0722803 0.213304 -0.11324 0.959723 0.257115 -0.262626 0.104324 -0.245864 0.963674 0.408717
150 0.987677 0.139225 -0.0714827 0.210685 -0.115906 0.957624 0.263671 -0.265348 0.105163 -0.252136 0.961961 0.410667
151 0.987514 0.139566 -0.0730627 0.212515 -0.115476 0.956781 0.266898 -0.267218 0.107155 -0.255129 0.960951 0.410948
152 0.984133 0.153446 -0.089086 0.213357 -0.122631 0.951095 0.283514 -0.270531 0.128233 -0.268091 0.954821 0.41209
153 0.982596 0.164264 -0.0867343 0.210874 -0.132079 0.946145 0.295576 -0.274284 0.130616 -0.278976 0.951374 0.415083
154 0.980652 0.172397 -0.0927422 0.214316 -0.136469 0.941708 0.30751 -0.276408 0.14035 -0.288903 0.947015 0.414307
155 0.978217 0.185414 -0.0933447 0.209743 -0.146694 0.935606 0.321127 -0.276242 0.146875 -0.300439 0.942425 0.419659
156 0.975392 0.196528 -0.0999369 0.214964 -0.153102 0.929911 0.334404 -0.279276 0.158652 -0.310874 0.937116 0.418899
157 0.967361 0.220711 -0.124493 0.215266 -0.163029 0.91819 0.361037 -0.281325 0.193993 -0.328957 0.924204 0.423947
158 0.959762 0.245958 -0.135508 0.214478 -0.177627 0.905476 0.385437 -0.283051 0.217501 -0.345857 0.91273 0.426093
159 0.953404 0.262653 -0.148443 0.214532 -0.183915 0.89601 0.404154 -0.284107 0.239158 -0.358021 0.902565 0.430258
160 0.9458 0.2833 -0.158756 0.214273 -0.193168 0.883747 0.426237 -0.285274 0.261054 -0.372469 0.890572 0.434462
161 0.944035 0.289826 -0.15748 0.211929 -0.197939 0.879688 0.4324 -0.285706 0.263854 -0.377029 0.887823 0.437151
162 0.94389 0.292754 -0.152863 0.213143 -0.201122 0.876662 0.437052 -0.286806 0.261958 -0.381785 0.886351 0.441052
163 0.94298 0.293601 -0.1568 0.216403 -0.200153 0.876582 0.437655 -0.28856 0.265944 -0.381316 0.885365 0.443041
164 0.938224 0.3014 -0.169983 0.21916 -0.201402 0.875108 0.440026 -0.290594 0.281377 -0.378608 0.88175 0.445452
165 0.93509 0.308942 -0.173669 0.220279 -0.206257 0.872873 0.442211 -0.291867 0.288208 -0.377686 0.879937 0.449111
166 0.935511 0.310484 -0.168582 0.222144 -0.210877 0.873563 0.438655 -0.294168 0.283462 -0.374816 0.882702 0.450547
167 0.938203 0.306473 -0.16078 0.223752 -0.212552 0.876878 0.43117 -0.296747 0.273126 -0.37035 0.88783 0.4532
168 0.941818 0.297061 -0.157266 0.228655 -0.208226 0.882938 0.420788 -0.298444 0.263856 -0.363559 0.893423 0.454289
169 0.941734 0.296145 -0.159487 0.231933 -0.207624 0.884846 0.41706 -0.2991 0.264632 -0.359646 0.894777 0.454717
170 0.938674 0.300865 -0.168439 0.235885 -0.208397 0.884211 0.418022 -0.299904 0.274703 -0.357284 0.892685 0.457415
171 0.938031 0.302173 -0.169676 0.237808 -0.208987 0.883803 0.418589 -0.301049 0.276446 -0.35719 0.892184 0.460658
172 0.939792 0.299142 -0.165243 0.242075 -0.207242 0.883329 0.420452 -0.302198 0.271738 -0.360892 0.892141 0.463552
173 0.936919 0.299859 -0.179629 0.247795 -0.20081 0.882367 0.425563 -0.305487 0.286107 -0.362647 0.886921 0.466371
174 0.937644 0.298943 -0.177361 0.249025 -0.200719 0.882234 0.425882 -0.306719 0.283788 -0.363726 0.887225 0.469774
175 0.939294 0.294721 -0.175688 0.252975 -0.198087 0.883884 0.423688 -0.307881 0.280158 -0.363166 0.888607 0.472498
176 0.940516 0.290222 -0.176638 0.256619 -0.194796 0.886602 0.419514 -0.309711 0.27836 -0.360151 0.890397 0.474183
177 0.940056 0.290927 -0.177923 0.258569 -0.195558 0.887316 0.417645 -0.309829 0.279378 -0.357815 0.89102 0.477558
178 0.939968 0.29092 -0.1784 0.260392 -0.195421 0.887422 0.417485 -0.311075 0.27977 -0.357559 0.890999 0.481074
179 0.936298 0.29539 -0.189974 0.266307 -0.194097 0.886023 0.421059 -0.311314 0.292698 -0.357363 0.886916 0.480907
180 0.933725 0.30709 -0.183991 0.260843 -0.207237 0.882753 0.421663 -0.309395 0.291907 -0.355587 0.88789 0.484755
181 0.940493 0.297325 -0.164531 0.26037 -0.212049 0.891849 0.399551 -0.309687 0.265533 -0.340886 0.901825 0.484446
182 0.944848 0.292843 -0.146648 0.265175 -0.214029 0.891029 0.400324 -0.309695 0.2479 -0.346858 0.904563 0.485729
183 0.941739 0.297169 -0.157537 0.266276 -0.211644 0.887594 0.409125 -0.309134 0.261409 -0.351948 0.898776 0.488513
184 0.941634 0.302375 -0.147971 0.26474 -0.218176 0.882902 0.415793 -0.309449 0.256369 -0.359241 0.897341 0.489891
185 0.942602 0.29752 -0.151605 0.265429 -0.212941 0.885297 0.413406 -0.309856 0.257212 -0.357394 0.897837 0.492207
186 0.940093 0.300368 -0.161256 0.267357 -0.210677 0.88373 0.417896 -0.310069 0.26803 -0.358888 0.894069 0.493374
187 0.93925 0.305782 -0.155904 0.264264 -0.217184 0.8812 0.419903 -0.310557 0.265782 -0.360534 0.894078 0.494363
188 0.94132 0.300953 -0.152786 0.2657 -0.214885 0.883466 0.416309 -0.311294 0.26027 -0.359049 0.896294 0.495434
189 0.939862 0.302993 -0.157656 0.266539 -0.214754 0.883151 0.417043 -0.31131 0.265595 -0.358105 0.895109 0.497114
190 0.939762 0.303417 -0.157436 0.266504 -0.215584 0.883505 0.415864 -0.312377 0.265276 -0.356872 0.895696 0.497252
191 0.938982 0.303449 -0.161961 0.267277 -0.212672 0.882254 0.419998 -0.312456 0.270339 -0.359926 0.892956 0.499645
192 0.939244 0.303393 -0.160543 0.265545 -0.213323 0.882359 0.419448 -0.313286 0.268914 -0.359716 0.89347 0.500775
193 0.94157 0.297751 -0.157448 0.267864 -0.21032 0.884877 0.415641 -0.314027 0.26308 -0.358241 0.895797 0.50174
194 0.941419 0.295613 -0.162305 0.267788 -0.20677 0.886164 0.41468 -0.315467 0.266413 -0.356828 0.895376 0.503114
195 0.942577 0.297339 -0.152113 0.26837 -0.210873 0.883001 0.419334 -0.316877 0.259 -0.363178 0.894997 0.503853
196 0.942297 0.298419 -0.15173 0.268254 -0.211579 0.88209 0.420893 -0.317679 0.259442 -0.364503 0.89433 0.505238
197 0.94092 0.304944 -0.147234 0.26693 -0.2174 0.877345 0.427789 -0.319167 0.259627 -0.370507 0.891806 0.507881
198 0.941443 0.304468 -0.144857 0.266666 -0.217521 0.876711 0.429025 -0.319243 0.257622 -0.372393 0.891602 0.508989
199 0.941414 0.30448 -0.145023 0.266825 -0.217677 0.877027 0.428299 -0.320269 0.257597 -0.371638 0.891924 0.510191
200 0.941304 0.306703 -0.140994 0.266373 -0.220537 0.874986 0.431002 -0.320879 0.255557 -0.374609 0.891268 0.511987
201 0.941529 0.30692 -0.139009 0.267376 -0.22116 0.874216 0.432244 -0.322197 0.254189 -0.376227 0.890978 0.512972
202 0.940056 0.308727 -0.14485 0.268206 -0.219088 0.872254 0.437234 -0.323645 0.261332 -0.37929 0.887606 0.514698
203 0.941181 0.304378 -0.146741 0.267123 -0.214046 0.873069 0.438103 -0.325203 0.261464 -0.380925 0.886867 0.517423
204 0.944905 0.295706 -0.140404 0.272516 -0.207473 0.872762 0.441862 -0.328791 0.253201 -0.388388 0.886027 0.516716
205 0.948927 0.287121 -0.130763 0.270309 -0.20152 0.870508 0.449005 -0.329894 0.242749 -0.399722 0.883909 0.521681
206 0.951167 0.28226 -0.124939 0.272292 -0.198399 0.869118 0.453069 -0.331707 0.23647 -0.406157 0.882677 0.523756
207 0.951708 0.278524 -0.12914 0.273681 -0.192548 0.869144 0.455538 -0.3333 0.23912 -0.408673 0.8808 0.525434
208 0.95269 0.275573 -0.128225 0.27421 -0.189374 0.86815 0.458753 -0.334594 0.237738 -0.412766 0.879264 0.527874
209 0.953523 0.273746 -0.125929 0.275995 -0.187849 0.866809 0.461904 -0.336524 0.2356 -0.41678 0.877945 0.52951
210 0.953762 0.271971 -0.127942 0.276204 -0.184629 0.866042 0.464633 -0.337762 0.23717 -0.419528 0.876212 0.531737
211 0.954237 0.270085 -0.128398 0.276898 -0.182 0.86517 0.467287 -0.339304 0.237294 -0.422533 0.874733 0.533594
212 0.954408 0.269681 -0.127974 0.276447 -0.181969 0.865476 0.466732 -0.340001 0.236627 -0.422165 0.875091 0.535639
213 0.953405 0.26931 -0.135981 0.277966 -0.177918 0.865909 0.46749 -0.341582 0.243647 -0.421514 0.873477 0.536139
214 0.952174 0.270415 -0.14227 0.27856 -0.176161 0.866257 0.46751 -0.343347 0.249664 -0.420088 0.872464 0.537124
215 0.952977 0.267733 -0.141965 0.27791 -0.174505 0.867822 0.465223 -0.344939 0.247756 -0.418574 0.873735 0.538541
216 0.954615 0.263421 -0.138997 0.279002 -0.172216 0.868933 0.464001 -0.346959 0.243007 -0.419005 0.874861 0.539056
217 0.954319 0.260953 -0.145527 0.280727 -0.168192 0.871735 0.460207 -0.348542 0.246953 -0.414708 0.875804 0.539127
218 0.954401 0.26047 -0.145855 0.281066 -0.166737 0.870378 0.463293 -0.350832 0.247623 -0.417848 0.87412 0.540685
219 0.955548 0.254449 -0.148944 0.283047 -0.160849 0.873268 0.459926 -0.353028 0.247095 -0.415523 0.875377 0.541035
220 0.958241 0.248674 -0.141189 0.281807 -0.158986 0.873685 0.459781 -0.354073 0.23769 -0.418134 0.876736 0.542874
221 0.959003 0.245484 -0.141599 0.285473 -0.156455 0.875222 0.457722 -0.356257 0.236294 -0.416803 0.877748 0.541323
222 0.960146 0.24381 -0.136664 0.283555 -0.15751 0.875912 0.456035 -0.356774 0.230892 -0.416334 0.879406 0.54327
223 0.962093 0.240354 -0.128869 0.283111 -0.157228 0.874929 0.458016 -0.35779 0.222837 -0.420393 0.879553 0.544375
224 0.962856 0.238523 -0.126552 0.28378 -0.156249 0.874428 0.459306 -0.35897 0.220216 -0.422472 0.879217 0.544175
225 0.962975 0.239243 -0.124263 0.283497 -0.158231 0.874768 0.457978 -0.360459 0.21827 -0.421359 0.880236 0.544645
226 0.963372 0.235689 -0.127927 0.282905 -0.153914 0.876598 0.455946 -0.361501 0.219602 -0.419556 0.880765 0.545462
227 0.964164 0.235181 -0.122789 0.282738 -0.155193 0.875331 0.457943 -0.362453 0.21518 -0.422476 0.880461 0.546298
228 0.964298 0.232732 -0.126352 0.282931 -0.151752 0.876646 0.456578 -0.362929 0.217026 -0.421103 0.880666 0.547204
229 0.964385 0.231325 -0.128255 0.284177 -0.150163 0.878005 0.454487 -0.363447 0.217743 -0.419041 0.881472 0.548772
230 0.962498 0.237444 -0.131214 0.285629 -0.152451 0.873483 0.462371 -0.363992 0.224401 -0.425027 0.876924 0.549906
231 0.960568 0.243643 -0.133969 0.286056 -0.156558 0.872125 0.46356 -0.363938 0.229781 -0.424307 0.875879 0.551824
232 0.957156 0.253773 -0.13947 0.287514 -0.162889 0.870064 0.465248 -0.364108 0.239415 -0.422597 0.874124 0.554263
233 0.955236 0.256469 -0.147468 0.289743 -0.161959 0.870481 0.464792 -0.364255 0.247573 -0.420103 0.873053 0.556195
234 0.953216 0.263006 -0.149019 0.293262 -0.167624 0.870118 0.463462 -0.363823 0.251558 -0.416801 0.873496 0.556918
235 0.950094 0.273798 -0.149521 0.297536 -0.177752 0.868993 0.461795 -0.363629 0.256371 -0.412171 0.874293 0.558561
236 0.947959 0.278787 -0.153791 0.299495 -0.181781 0.870457 0.457449 -0.363929 0.261399 -0.405687 0.875836 0.560301
237 0.94704 0.280954 -0.155501 0.304538 -0.184048 0.871728 0.45411 -0.364301 0.263138 -0.401441 0.877271 0.559905
238 0.945607 0.283235 -0.160015 0.3064 -0.185038 0.872859 0.451529 -0.3644 0.267559 -0.39736 0.877791 0.561444
239 0.94384 0.285653 -0.166037 0.311599 -0.18648 0.875395 0.445992 -0.363919 0.272747 -0.389983 0.879501 0.562445
240 0.941135 0.289287 -0.174866 0.314831 -0.186912 0.876384 0.443863 -0.363326 0.281653 -0.385051 0.878867 0.562723
241 0.940844 0.288555 -0.177619 0.319626 -0.18655 0.878715 0.439384 -0.363087 0.282862 -0.380257 0.880564 0.563765
242 0.937572 0.293292 -0.186917 0.321997 -0.187266 0.878606 0.439298 -0.362468 0.293069 -0.37687 0.87868 0.564372
243 0.935831 0.296708 -0.190224 0.324493 -0.189086 0.878134 0.439463 -0.363995 0.297434 -0.375294 0.877888 0.565682
244 0.933719 0.299931 -0.195477 0.327718 -0.191001 0.879152 0.436589 -0.363472 0.3028 -0.370315 0.878168 0.56662
245 0.931122 0.303856 -0.2017 0.330011 -0.193466 0.880339 0.433098 -0.362766 0.309164 -0.364245 0.878489 0.566931
246 0.928246 0.308316 -0.208087 0.331829 -0.195775 0.880626 0.431475 -0.362851 0.316277 -0.359777 0.877798 0.567507
247 0.926491 0.315054 -0.205804 0.334451 -0.202675 0.878549 0.432521 -0.362777 0.317077 -0.359015 0.877821 0.567955
248 0.922761 0.320837 -0.213486 0.335559 -0.205376 0.878161 0.432035 -0.362183 0.326088 -0.35482 0.876224 0.568771
249 0.922041 0.321407 -0.215725 0.339003 -0.205451 0.878661 0.430981 -0.36177 0.328069 -0.353062 0.876195 0.570213
250 0.9191 0.327972 -0.218379 0.340163 -0.207737 0.874281 0.438723 -0.362009 0.334813 -0.357865 0.871684 0.572491
251 0.91868 0.332343 -0.213484 0.341511 -0.212978 0.87193 0.440883 -0.362046 0.332668 -0.359563 0.871806 0.573655
252 0.915957 0.338536 -0.215445 0.342578 -0.218206 0.870782 0.440595 -0.361214 0.336763 -0.356555 0.87147 0.574563
253 0.916874 0.342771 -0.204573 0.343188 -0.225483 0.867624 0.443155 -0.360975 0.329393 -0.360189 0.872791 0.575958
254 0.915451 0.345293 -0.206695 0.343083 -0.226408 0.866531 0.444819 -0.359513 0.3327 -0.360412 0.871443 0.576065
255 0.91309 0.352548 -0.204884 0.343324 -0.233183 0.863657 0.446903 -0.361007 0.334504 -0.360287 0.870804 0.577756
256 0.913072 0.352292 -0.205401 0.342581 -0.233369 0.864454 0.445262 -0.361074 0.334422 -0.358622 0.871523 0.577957
257 0.913467 0.352835 -0.202694 0.34172 -0.233875 0.862877 0.448046 -0.362309 0.332987 -0.361871 0.870729 0.578761
258 0.916195 0.350048 -0.195072 0.34068 -0.231697 0.859902 0.454846 -0.363334 0.326961 -0.37153 0.868943 0.581001
259 0.919913 0.343124 -0.189803 0.340142 -0.226544 0.860145 0.456978 -0.36402 0.320058 -0.377382 0.868991 0.582991
260 0.922386 0.3408 -0.181824 0.33967 -0.227172 0.859318 0.458219 -0.364388 0.312406 -0.381349 0.870043 0.584076
261 0.925674 0.336548 -0.172808 0.338208 -0.226832 0.859294 0.458433 -0.36655 0.302778 -0.385161 0.871767 0.586671
262 0.927243 0.334635 -0.168047 0.336664 -0.227207 0.859499 0.457862 -0.367374 0.297653 -0.386368 0.872996 0.586587
263 0.927884 0.332306 -0.169129 0.335716 -0.224208 0.859669 0.45902 -0.368595 0.29793 -0.387997 0.872179 0.589045
264 0.928199 0.335248 -0.161418 0.334702 -0.228829 0.856404 0.462829 -0.369561 0.293402 -0.39266 0.871627 0.589976
265 0.927977 0.335737 -0.161675 0.333131 -0.228449 0.855342 0.464974 -0.370459 0.294397 -0.394551 0.870437 0.592363
266 0.926351 0.336407 -0.169424 0.332751 -0.225584 0.855714 0.465687 -0.371431 0.301639 -0.39317 0.86858 0.594397
267 0.9257 0.33775 -0.170306 0.332235 -0.225091 0.853711 0.469587 -0.372356 0.303995 -0.396362 0.866305 0.596205
268 0.926286 0.335845 -0.170887 0.332219 -0.223404 0.854646 0.468691 -0.373012 0.303455 -0.395965 0.866675 0.597226
269 0.926351 0.335445 -0.171322 0.33224 -0.222968 0.854944 0.468355 -0.373686 0.303578 -0.395662 0.866771 0.598636
270 0.926224 0.334938 -0.17299 0.332093 -0.222753 0.856485 0.465634 -0.374888 0.304121 -0.392747 0.867905 0.599759
271 0.926855 0.331387 -0.176415 0.332824 -0.219309 0.859335 0.462004 -0.375449 0.304702 -0.389521 0.869155 0.60035
272 0.925063 0.334519 -0.179874 0.332731 -0.221316 0.859629 0.460496 -0.376226 0.30867 -0.386179 0.869246 0.600666
273 0.923332 0.335423 -0.186946 0.332848 -0.221397 0.862778 0.45453 -0.377142 0.313753 -0.378293 0.870892 0.600851
274 0.921692 0.338433 -0.189595 0.332374 -0.223366 0.862601 0.453903 -0.377947 0.31716 -0.37601 0.870647 0.601685
275 0.920856 0.33957 -0.191615 0.33228 -0.223724 0.862665 0.453603 -0.378337 0.31933 -0.374834 0.870361 0.602392
276 0.920629 0.339948 -0.192036 0.331595 -0.223702 0.862376 0.454163 -0.378845 0.319999 -0.375157 0.869976 0.603646
277 0.920669 0.33987 -0.191981 0.330811 -0.223019 0.861646 0.455883 -0.378735 0.320361 -0.376902 0.869088 0.604553
278 0.921783 0.338978 -0.188176 0.330498 -0.223503 0.861189 0.456508 -0.379677 0.316801 -0.378744 0.869592 0.605303
279 0.92297 0.336774 -0.186304 0.330136 -0.222413 0.861775 0.455935 -0.380037 0.314099 -0.379378 0.870296 0.606354
280 0.923546 0.336161 -0.184552 0.329991 -0.22275 0.861976 0.455389 -0.38012 0.312163 -0.379464 0.870954 0.606954
281 0.923642 0.33635 -0.183723 0.329614 -0.222633 0.861073 0.457151 -0.379893 0.311962 -0.381341 0.870206 0.607644
282 0.9244 0.337148 -0.17837 0.329259 -0.224097 0.858482 0.461291 -0.380628 0.308651 -0.386445 0.869134 0.608863
283 0.925758 0.336963 -0.171548 0.329333 -0.226073 0.856925 0.463217 -0.380321 0.303091 -0.390044 0.869483 0.608771
284 0.9264 0.332756 -0.176228 0.329372 -0.219017 0.85689 0.466659 -0.379354 0.306292 -0.393716 0.866702 0.609976
285 0.923932 0.338172 -0.178855 0.329426 -0.220979 0.853416 0.472069 -0.378 0.312278 -0.396637 0.863227 0.609929
286 0.91984 0.342697 -0.190927 0.329354 -0.215115 0.847623 0.485036 -0.377334 0.328055 -0.405085 0.853397 0.612099
287 0.920215 0.341864 -0.190614 0.329533 -0.212806 0.845697 0.489397 -0.376457 0.328509 -0.409787 0.850974 0.613189
288 0.9195 0.343932 -0.190342 0.32941 -0.213467 0.843492 0.492903 -0.375227 0.330077 -0.412593 0.849009 0.612748
289 0.918905 0.346366 -0.188797 0.329017 -0.214658 0.840578 0.497343 -0.374344 0.330961 -0.416485 0.846762 0.613654
290 0.91845 0.349689 -0.184846 0.328953 -0.21968 0.839597 0.496808 -0.372641 0.328924 -0.415686 0.847947 0.611658
291 0.912412 0.359062 -0.196416 0.328252 -0.220914 0.83607 0.502179 -0.370626 0.344531 -0.414803 0.842162 0.610829
292 0.91184 0.362227 -0.193235 0.327731 -0.223819 0.833184 0.505677 -0.369377 0.34417 -0.417847 0.840804 0.610562
293 0.910087 0.363351 -0.199295 0.327847 -0.22292 0.834623 0.503698 -0.366718 0.349355 -0.413982 0.840577 0.608759
294 0.905346 0.370564 -0.207439 0.327795 -0.223473 0.831076 0.509287 -0.36465 0.36112 -0.414724 0.835222 0.607592
295 0.901469 0.378051 -0.210786 0.32846 -0.226838 0.827375 0.513805 -0.362374 0.368643 -0.415365 0.831609 0.605508
296 0.901506 0.378238 -0.210294 0.32596 -0.22513 0.824882 0.518542 -0.36048 0.3696 -0.420125 0.828789 0.60537
297 0.90329 0.375488 -0.207546 0.32597 -0.222169 0.823227 0.522435 -0.358366 0.367025 -0.4258 0.827035 0.603569
298 0.905421 0.369581 -0.208858 0.323671 -0.21496 0.823404 0.525165 -0.357051 0.366066 -0.4306 0.824972 0.601843
299 0.909848 0.365174 -0.197037 0.322245 -0.217136 0.823663 0.523861 -0.35645 0.353593 -0.433851 0.828701 0.599052
300 0.913694 0.359028 -0.190426 0.319691 -0.215781 0.825639 0.521305 -0.35549 0.344386 -0.435223 0.831853 0.595709
301 0.916594 0.358701 -0.176602 0.316039 -0.221566 0.823387 0.522439 -0.354968 0.332811 -0.439735 0.834188 0.592706
302 0.920983 0.35009 -0.17096 0.311844 -0.217305 0.825801 0.520414 -0.353305 0.32337 -0.442142 0.836625 0.588683
303 0.923672 0.344819 -0.167122 0.307007 -0.213917 0.825875 0.521699 -0.352119 0.317914 -0.446129 0.8366 0.586244
304 0.926834 0.335573 -0.168436 0.304497 -0.20634 0.83 0.518193 -0.351737 0.313693 -0.445524 0.838514 0.581487
305 0.928705 0.329937 -0.169261 0.297673 -0.199779 0.82972 0.521204 -0.350214 0.312404 -0.45023 0.836479 0.579798
306 0.932928 0.322671 -0.159775 0.290059 -0.19784 0.830132 0.521288 -0.349559 0.300839 -0.454714 0.83829 0.57573
307 0.935524 0.314039 -0.161786 0.287111 -0.191323 0.835403 0.515264 -0.349183 0.296969 -0.451089 0.841622 0.570916
308 0.936565 0.313215 -0.157298 0.281494 -0.192282 0.834377 0.516568 -0.348551 0.293042 -0.453554 0.841674 0.567916
309 0.939679 0.305049 -0.154755 0.280828 -0.186747 0.836559 0.515067 -0.349001 0.286583 -0.455097 0.843064 0.562417
310 0.941156 0.300472 -0.154731 0.276915 -0.181821 0.836068 0.517622 -0.348503 0.284896 -0.459029 0.841502 0.559311
311 0.944621 0.295502 -0.142721 0.270493 -0.181645 0.833037 0.522546 -0.346864 0.273306 -0.467683 0.840581 0.556911
312 0.947044 0.290499 -0.136815 0.267815 -0.179178 0.831662 0.525579 -0.345236 0.266464 -0.473232 0.839671 0.553064
313 0.948972 0.287453 -0.129703 0.263466 -0.179081 0.829736 0.528647 -0.343652 0.25958 -0.478444 0.838874 0.550456
314 0.950281 0.285959 -0.123259 0.258489 -0.180695 0.828763 0.529624 -0.341365 0.253604 -0.48102 0.839229 0.548172
315 0.951876 0.283052 -0.117533 0.254308 -0.180335 0.827339 0.531967 -0.339318 0.247814 -0.485171 0.838568 0.545588
316 0.952655 0.279128 -0.120569 0.252564 -0.176464 0.830487 0.528348 -0.338709 0.247607 -0.482057 0.840424 0.541345
317 0.953824 0.275572 -0.1195 0.248123 -0.174555 0.832317 0.526098 -0.336573 0.244439 -0.480946 0.841986 0.539631
318 0.954091 0.274065 -0.120828 0.247544 -0.173278 0.834103 0.523686 -0.335955 0.244307 -0.478707 0.843299 0.537722
319 0.953411 0.275432 -0.123063 0.247244 -0.172989 0.833359 0.524964 -0.3354 0.247148 -0.479218 0.842181 0.53393
320 0.95282 0.276429 -0.125383 0.2468 -0.172304 0.832643 0.526324 -0.334141 0.24989 -0.479888 0.840989 0.530462
321 0.953559 0.279687 -0.111802 0.242256 -0.17998 0.826708 0.533067 -0.331393 0.24152 -0.488189 0.838653 0.530687
322 0.952879 0.282327 -0.110963 0.242224 -0.182492 0.82571 0.53376 -0.33088 0.242318 -0.488359 0.838324 0.528203
323 0.952273 0.284155 -0.111503 0.23986 -0.185018 0.827844 0.529568 -0.329044 0.242787 -0.483663 0.840907 0.526291
324 0.951828 0.286288 -0.109826 0.240414 -0.18804 0.827894 0.528424 -0.329275 0.242206 -0.482317 0.841847 0.52355
325 0.951714 0.288428 -0.105116 0.238624 -0.194329 0.831112 0.521046 -0.327268 0.237647 -0.47546 0.847031 0.521035
326 0.949533 0.293369 -0.111 0.23926 -0.197842 0.834762 0.51384 -0.326013 0.243403 -0.465948 0.850675 0.516497
327 0.948179 0.297909 -0.110483 0.23947 -0.20409 0.837538 0.50683 -0.324758 0.243523 -0.458018 0.854936 0.511996
328 0.947281 0.298077 -0.117513 0.24036 -0.203646 0.843277 0.497405 -0.321931 0.247361 -0.447252 0.859522 0.507866
329 0.946641 0.297457 -0.124055 0.241275 -0.200739 0.845324 0.495107 -0.319643 0.25214 -0.443786 0.85993 0.504146
330 0.946191 0.295591 -0.131714 0.247401 -0.195394 0.846293 0.495591 -0.318844 0.257961 -0.443187 0.858511 0.497138
331 0.946705 0.293795 -0.13204 0.245959 -0.192981 0.845564 0.497776 -0.315344 0.257893 -0.445765 0.857196 0.495851
332 0.947028 0.292385 -0.132853 0.247574 -0.190782 0.844963 0.499639 -0.314095 0.258343 -0.447826 0.855985 0.493597
333 0.946584 0.290258 -0.140464 0.247245 -0.184478 0.844734 0.502386 -0.309514 0.264476 -0.449638 0.853158 0.492571
334 0.943729 0.295737 -0.148036 0.248787 -0.185052 0.84319 0.504764 -0.306802 0.2741 -0.448966 0.850469 0.488928
335 0.940688 0.299858 -0.158714 0.248953 -0.182575 0.841708 0.508128 -0.303958 0.285957 -0.449012 0.846532 0.486657
336 0.941255 0.301289 -0.152527 0.247974 -0.184277 0.836747 0.515652 -0.302412 0.282986 -0.457253 0.843113 0.483012
337 0.944583 0.293908 -0.146223 0.249637 -0.180989 0.837883 0.514971 -0.299639 0.273872 -0.459968 0.844644 0.479564
338 0.946682 0.287086 -0.1462 0.251689 -0.174519 0.838425 0.51632 -0.299017 0.270806 -0.463276 0.843824 0.474081
339 0.949316 0.279145 -0.144491 0.251465 -0.169417 0.841605 0.512834 -0.297639 0.264759 -0.462363 0.846241 0.470702
340 0.95061 0.276688 -0.140658 0.249786 -0.169055 0.841594 0.512972 -0.295755 0.26031 -0.463857 0.846803 0.467822
341 0.951384 0.274362 -0.139981 0.25144 -0.16886 0.844689 0.507925 -0.296247 0.257595 -0.459594 0.849952 0.461374
342 0.952171 0.270523 -0.142082 0.250704 -0.166456 0.849143 0.501248 -0.295493 0.256247 -0.453623 0.853559 0.457456
343 0.953369 0.266946 -0.140809 0.249487 -0.164965 0.851602 0.497554 -0.295264 0.252733 -0.451124 0.855928 0.45378
344 0.953191 0.269125 -0.137838 0.253355 -0.169399 0.852902 0.493824 -0.297218 0.250462 -0.447359 0.858568 0.445697
345 0.953549 0.268866 -0.135849 0.251366 -0.170679 0.853814 0.491803 -0.296525 0.248219 -0.445772 0.860044 0.443678
346 0.952383 0.274916 -0.131866 0.251158 -0.178247 0.852881 0.490736 -0.296669 0.247377 -0.443864 0.861272 0.441801
347 0.949035 0.284232 -0.136177 0.251159 -0.186349 0.854507 0.484862 -0.296908 0.254178 -0.434775 0.863924 0.436873
348 0.947068 0.290552 -0.136537 0.250679 -0.192673 0.854618 0.482188 -0.297452 0.256788 -0.430358 0.865362 0.435909
349 0.941301 0.303651 -0.147473 0.254569 -0.199157 0.852285 0.483681 -0.29799 0.272559 -0.425919 0.862731 0.431573
350 0.93545 0.315564 -0.159227 0.261671 -0.200016 0.844015 0.497627 -0.301015 0.291423 -0.433658 0.852651 0.423703
351 0.938385 0.31799 -0.135336 0.250948 -0.206875 0.830556 0.517087 -0.300059 0.276833 -0.457229 0.845166 0.429735
352 0.938169 0.31579 -0.141829 0.259172 -0.202041 0.832167 0.516408 -0.298544 0.281102 -0.455822 0.844516 0.425933
353 0.933929 0.326893 -0.144629 0.253091 -0.207299 0.824915 0.525873 -0.299085 0.291211 -0.461147 0.838177 0.430558
354 0.931032 0.322324 -0.171131 0.256936 -0.190797 0.829665 0.524644 -0.2987 0.311087 -0.45581 0.833944 0.428084
355 0.92179 0.33735 -0.191045 0.254421 -0.195733 0.83032 0.521782 -0.29738 0.334652 -0.443579 0.831412 0.431873
356 0.913779 0.347708 -0.210016 0.252169 -0.193678 0.827396 0.527167 -0.297158 0.357067 -0.441039 0.8234 0.433416
357 0.904206 0.357034 -0.234389 0.254025 -0.19499 0.833358 0.517197 -0.297886 0.379987 -0.421949 0.823145 0.431355
358 0.899114 0.367802 -0.23731 0.253123 -0.207476 0.83549 0.508832 -0.299234 0.385419 -0.408262 0.827511 0.431467
359 0.898822 0.365579 -0.241806 0.262596 -0.210682 0.844107 0.493049 -0.30159 0.384359 -0.392219 0.835723 0.424432
360 0.89432 0.374424 -0.244947 0.263058 -0.21925 0.843954 0.489562 -0.30051 0.390027 -0.38412 0.836857 0.427255
361 0.886541 0.378737 -0.265712 0.270156 -0.219462 0.849862 0.479135 -0.301282 0.407284 -0.366459 0.836557 0.42257
362 0.885418 0.378434 -0.269855 0.272272 -0.22191 0.854331 0.469973 -0.301881 0.408399 -0.356239 0.840419 0.421038
