31 0.999593 -0.0120045 -0.025867 0.0323331 0.0116689 0.999846 -0.0130847 -0.000635569 0.0260201 0.0127776 0.99958 0.0181597
32 0.999645 -0.0135156 -0.0229531 0.0367182 0.0132793 0.999858 -0.010417 -0.00191723 0.0230906 0.0101086 0.999682 0.02206
33 0.999681 -0.0147249 -0.0205255 0.0382414 0.0144929 0.99983 -0.0114052 -0.00401868 0.0206899 0.0111041 0.999724 0.0247534
34 0.999701 -0.0146984 -0.0195231 0.0416112 0.0144517 0.999815 -0.0127161 -0.00385964 0.0197064 0.0124302 0.999729 0.0244221
35 0.999799 -0.0131298 -0.0151286 0.0426548 0.0129452 0.999841 -0.0122364 -0.00613348 0.0152868 0.0120381 0.999811 0.0288291
36 0.999855 -0.0103707 -0.0134793 0.0463943 0.0101964 0.999864 -0.0129345 -0.00686705 0.0136117 0.0127952 0.999825 0.0266099
37 0.999948 -0.00544106 -0.00865844 0.0492721 0.00532868 0.999902 -0.0129493 -0.00838606 0.00872805 0.0129025 0.999879 0.0329352
38 0.999972 -0.00293474 -0.00692654 0.0525615 0.00284185 0.999906 -0.0133829 -0.0104053 0.00696516 0.0133628 0.999886 0.0334082
39 0.999973 -0.00259609 -0.00694514 0.0573431 0.00249102 0.999883 -0.0150943 -0.00914314 0.00698351 0.0150766 0.999862 0.0317446
40 0.999998 -0.00177161 -0.00131588 0.0559212 0.00176232 0.999974 -0.00702837 -0.0189417 0.0013283 0.00702604 0.999974 0.0389553
41 0.999957 -0.00652186 -0.00662224 0.0629157 0.00643056 0.999885 -0.0137153 -0.0233361 0.00671093 0.0136721 0.999884 0.0419294
42 0.999939 -0.00755089 -0.00810891 0.06677 0.00741304 0.99983 -0.0168974 -0.0251172 0.00823512 0.0168362 0.999824 0.043992
43 0.999906 -0.0106577 -0.00864944 0.0703686 0.0104788 0.999736 -0.0204665 -0.0255478 0.00886528 0.020374 0.999753 0.0465173
44 0.999825 -0.0186685 -0.000878437 0.0785725 0.0186462 0.999611 -0.0207599 -0.0321883 0.00126565 0.0207399 0.999784 0.0505124
45 0.999682 -0.0250081 0.00335408 0.0811355 0.0250769 0.999436 -0.0223371 -0.0338233 -0.00279358 0.0224141 0.999745 0.0495881
46 0.99958 -0.028558 0.00483537 0.0845334 0.028653 0.999372 -0.0208684 -0.0366911 -0.00423637 0.0209982 0.999771 0.0519969
47 0.999437 -0.032168 0.00958349 0.0863311 0.0323575 0.99927 -0.0203168 -0.0404794 -0.00892295 0.0206154 0.999748 0.0567918
48 0.999179 -0.0385125 0.0125667 0.0898145 0.0387928 0.998985 -0.0228811 -0.0429676 -0.0116728 0.0233498 0.999659 0.0579719
49 0.998649 -0.0489565 0.0174279 0.0975437 0.0494222 0.998403 -0.0273719 -0.0475282 -0.0160601 0.0281962 0.999473 0.0588023
50 0.99842 -0.0537975 0.0162225 0.101817 0.0542759 0.998055 -0.0306588 -0.0479529 -0.0145416 0.0314909 0.999398 0.0577607
51 0.998106 -0.0560237 0.0253936 0.0978956 0.0567591 0.99796 -0.0292276 -0.0545466 -0.0237044 0.0306136 0.99925 0.0669875
52 0.997903 -0.0592846 0.0259822 0.103173 0.0601071 0.997675 -0.0321079 -0.0560076 -0.0240183 0.0336023 0.999147 0.0632917
53 0.997656 -0.0638363 0.0246506 0.107696 0.0646462 0.997343 -0.0335867 -0.0555891 -0.0224411 0.0351015 0.999132 0.0615219
54 0.997103 -0.0712261 0.0266826 0.108072 0.0721027 0.996835 -0.033473 -0.0584594 -0.024214 0.0352999 0.999083 0.0660659
55 0.99662 -0.0783396 0.0247423 0.121439 0.0792773 0.996069 -0.0395142 -0.0508319 -0.0215496 0.0413422 0.998913 0.0616263
56 0.995756 -0.084572 0.0362981 0.11803 0.0855752 0.995965 -0.0270361 -0.0600292 -0.0338651 0.0300276 0.998975 0.0678576
57 0.994997 -0.0916577 0.039741 0.121792 0.0926013 0.995447 -0.0225873 -0.064288 -0.0374898 0.0261544 0.998955 0.0679868
58 0.994243 -0.0954417 0.0486954 0.118568 0.0965115 0.995129 -0.0201065 -0.0645481 -0.0465392 0.0246904 0.998611 0.0682978
59 0.993635 -0.100982 0.0499248 0.120862 0.101921 0.994654 -0.0166239 -0.0656755 -0.0479791 0.0216064 0.998615 0.0704239
60 0.993008 -0.106252 0.0514316 0.121571 0.1071 0.99415 -0.0140118 -0.0681975 -0.0496419 0.0194221 0.998578 0.0739707
61 0.992618 -0.109179 0.0528122 0.123357 0.110033 0.993836 -0.0135428 -0.0697434 -0.0510081 0.019254 0.998513 0.0765085
62 0.991745 -0.114659 0.0573945 0.12803 0.1154 0.993271 -0.00974194 -0.0712336 -0.0558913 0.0162848 0.998304 0.0790302
63 0.991458 -0.117112 0.0574135 0.13083 0.117693 0.993026 -0.00684022 -0.0751022 -0.056212 0.013539 0.998327 0.0775199
64 0.991599 -0.117386 0.0543303 0.133292 0.117871 0.993012 -0.00578765 -0.0757836 -0.0532713 0.012143 0.998506 0.0769622
65 0.991941 -0.114667 0.0538947 0.133296 0.115022 0.993357 -0.00351093 -0.0779864 -0.0531341 0.00968169 0.99854 0.0805331
66 0.992043 -0.112513 0.0564955 0.131301 0.112851 0.993608 -0.00281487 -0.0813727 -0.0558177 0.00916804 0.998399 0.0857841
67 0.992401 -0.111384 0.0522937 0.134416 0.111774 0.993723 -0.00459296 -0.0840578 -0.0514539 0.0104032 0.998621 0.0833635
68 0.993223 -0.106546 0.0464353 0.138971 0.106849 0.994267 -0.00409179 -0.0850315 -0.0457332 0.00902564 0.998913 0.0858781
69 0.994177 -0.0994491 0.0414971 0.139729 0.0998713 0.994966 -0.00822472 -0.0899782 -0.0404703 0.0123212 0.999105 0.0903158
70 0.994694 -0.0962338 0.0363616 0.142224 0.0967704 0.995218 -0.0132934 -0.089139 -0.0349085 0.0167416 0.99925 0.0914548
71 0.995295 -0.0904962 0.0346151 0.142222 0.0911012 0.995708 -0.0163157 -0.0911043 -0.03299 0.0193924 0.999268 0.0950621
72 0.995913 -0.0855404 0.0289712 0.145688 0.0862212 0.996008 -0.0231269 -0.0911606 -0.0268773 0.0255303 0.999313 0.0938721
73 0.99641 -0.0810503 0.0244567 0.149393 0.0817477 0.996231 -0.0290076 -0.0887099 -0.0220135 0.0309027 0.99928 0.0949654
74 0.996949 -0.0735863 0.0260317 0.149941 0.0743723 0.99676 -0.0306367 -0.0919466 -0.0236929 0.0324793 0.999192 0.0978345
75 0.997633 -0.0663439 0.0180956 0.156761 0.0671224 0.996661 -0.0464845 -0.0902343 -0.0149512 0.047589 0.998755 0.098149
76 0.998083 -0.0604554 0.0132493 0.164395 0.0610532 0.996848 -0.0506698 -0.090561 -0.0101443 0.0513816 0.998628 0.0955559
77 0.99826 -0.0583758 0.00830522 0.170269 0.0587461 0.99675 -0.0551206 -0.0895991 -0.00506052 0.0555126 0.998445 0.0932344
78 0.998433 -0.0550846 0.00982171 0.170913 0.0555756 0.996658 -0.0598762 -0.089527 -0.00649062 0.0603282 0.998157 0.0983344
79 0.998735 -0.0496846 0.00773152 0.178092 0.0500831 0.996626 -0.0650313 -0.0874532 -0.00447437 0.0653363 0.997853 0.0956938
80 0.998904 -0.0463992 0.0062311 0.184802 0.0467128 0.996662 -0.0669535 -0.086611 -0.0031037 0.0671712 0.997737 0.0932622
81 0.999121 -0.0418856 0.00168825 0.196333 0.0418958 0.996391 -0.0738251 -0.0817946 0.00141005 0.073831 0.99727 0.0916466
82 0.999278 -0.0379974 0.00058665 0.200944 0.0379351 0.996486 -0.0746772 -0.0809558 0.00225295 0.0746455 0.997208 0.0926184
83 0.999359 -0.0357836 -0.00139278 0.206061 0.0355714 0.996418 -0.0767162 -0.0801947 0.00413298 0.0766175 0.997052 0.0923681
84 0.999398 -0.03465 -0.00185518 0.211449 0.0343997 0.996357 -0.0780294 -0.0784449 0.00455214 0.0779186 0.996949 0.0931296
85 0.99943 -0.0337577 -7.80974e-05 0.215389 0.0336482 0.996369 -0.078212 -0.0790854 0.00271807 0.0781648 0.996937 0.094321
86 0.999493 -0.0318226 0.00054673 0.227314 0.0317567 0.995985 -0.0837005 -0.0723977 0.00211903 0.0836754 0.996491 0.0917585
87 0.999477 -0.0323456 0.000582623 0.233725 0.0322794 0.995912 -0.0843585 -0.0701185 0.00214838 0.0843332 0.996435 0.0907625
88 0.999475 -0.0323953 0.000236039 0.239205 0.032304 0.996057 -0.0826217 -0.0703231 0.00244145 0.082586 0.996581 0.091401
89 0.999495 -0.0316195 -0.00303086 0.246712 0.0312618 0.996098 -0.0825285 -0.0683597 0.00562854 0.0823921 0.996584 0.0895352
90 0.999439 -0.0334559 0.00142863 0.251826 0.0334614 0.996138 -0.0811716 -0.0648682 0.00129256 0.0811739 0.996699 0.0909071
91 0.99949 -0.0318041 0.00299814 0.258292 0.0319414 0.996392 -0.0786263 -0.0628357 -0.000486682 0.078682 0.9969 0.0903592
92 0.999434 -0.0334012 0.00399005 0.262163 0.0336097 0.996445 -0.0772512 -0.0625713 -0.00139558 0.0773415 0.997004 0.0918269
93 0.999388 -0.0349657 0.000416663 0.268638 0.0348902 0.996294 -0.0786173 -0.0605571 0.00233379 0.0785838 0.996905 0.0903215
94 0.999482 -0.032152 -0.0013029 0.276807 0.0319554 0.9965 -0.0772431 -0.0570017 0.00378186 0.0771615 0.997011 0.0916264
95 0.999533 -0.0304782 0.00203465 0.278409 0.0305455 0.996896 -0.0725669 -0.0602177 0.000183376 0.0725952 0.997361 0.0901858
96 0.999552 -0.0299365 -0.000395805 0.285188 0.0298283 0.996902 -0.0727731 -0.0577706 0.00257315 0.0727287 0.997348 0.087692
97 0.999567 -0.0293925 -0.00133635 0.288411 0.0292201 0.996977 -0.07199 -0.0565606 0.00344827 0.0719198 0.997404 0.0895099
98 0.999618 -0.027496 -0.00286441 0.297032 0.0272321 0.997232 -0.0691933 -0.0534739 0.00475902 0.0690888 0.997599 0.0899075
99 0.99959 -0.0285014 -0.00255941 0.299578 0.0282673 0.997371 -0.0667287 -0.0547841 0.00445455 0.066629 0.997768 0.091605
100 0.999552 -0.0292685 -0.00622342 0.305919 0.0287902 0.997368 -0.0665463 -0.0525412 0.00815475 0.0663374 0.997764 0.0902331
101 0.999588 -0.0281759 -0.00556191 0.306817 0.0277981 0.997862 -0.059149 -0.0575476 0.00721659 0.05897 0.998234 0.0934254
102 0.999507 -0.0308962 -0.00560814 0.306875 0.0305037 0.997725 -0.0601217 -0.0590938 0.00745291 0.059921 0.998175 0.0972857
103 0.999447 -0.0322696 -0.00803506 0.313108 0.0317005 0.99751 -0.0630024 -0.056427 0.0100481 0.0627129 0.997981 0.0958847
104 0.999326 -0.0359013 -0.00768317 0.318224 0.0353413 0.997349 -0.0636049 -0.057105 0.00994631 0.0632905 0.997946 0.0985517
105 0.999279 -0.0369181 -0.00881738 0.322476 0.0362775 0.997276 -0.0642186 -0.0558249 0.0111642 0.0638525 0.997897 0.0981221
106 0.999305 -0.0362861 -0.00849323 0.325152 0.0356807 0.997376 -0.0629843 -0.0562868 0.0107564 0.0626375 0.997978 0.0992321
107 0.99925 -0.0377759 -0.00847727 0.327 0.0371763 0.997366 -0.0622823 -0.0561706 0.0108077 0.0619205 0.998023 0.100563
108 0.999124 -0.0417822 -0.00246118 0.32795 0.0415516 0.997237 -0.0615767 -0.0586524 0.00502719 0.0614205 0.998099 0.106685
109 0.998955 -0.0457068 -0.000756441 0.330344 0.0455695 0.996993 -0.0626797 -0.0588135 0.00361905 0.0625797 0.998033 0.107066
110 0.998693 -0.0510855 0.00134906 0.330959 0.051071 0.996775 -0.061895 -0.0605421 0.00181723 0.0618831 0.998082 0.106616
111 0.99816 -0.0597695 0.0101679 0.332591 0.0602675 0.996435 -0.0590302 -0.0607482 -0.00660343 0.0595344 0.998204 0.111488
112 0.997738 -0.0656581 0.0144331 0.334845 0.0663839 0.996139 -0.057445 -0.0598767 -0.0106056 0.0582731 0.998244 0.112188
113 0.99734 -0.0698221 0.0209215 0.335981 0.0708706 0.995997 -0.0544641 -0.0586548 -0.0170349 0.055802 0.998297 0.113832
114 0.996031 -0.0843267 0.0284665 0.338072 0.0856059 0.995211 -0.0471885 -0.0570795 -0.0243509 0.0494381 0.99848 0.116799
115 0.99495 -0.0938055 0.0357163 0.33615 0.0952024 0.994668 -0.0396551 -0.057897 -0.031806 0.0428551 0.998575 0.119007
116 0.994166 -0.0964614 0.0482512 0.337488 0.0979416 0.99476 -0.0293125 -0.0614654 -0.0451709 0.0338673 0.998405 0.12758
117 0.992796 -0.100331 0.0654961 0.336835 0.102198 0.99443 -0.0257911 -0.0628408 -0.0625436 0.0322989 0.997519 0.132955
118 0.989872 -0.115817 0.0821015 0.341845 0.118073 0.992735 -0.0231523 -0.062928 -0.0788236 0.0326117 0.996355 0.130534
119 0.989553 -0.118522 0.0820832 0.344269 0.120936 0.992344 -0.0250705 -0.0625113 -0.0784833 0.0347354 0.99631 0.130254
120 0.989276 -0.122043 0.0802395 0.342053 0.124856 0.99169 -0.031007 -0.0621705 -0.0757885 0.0406929 0.996293 0.13265
121 0.989112 -0.124844 0.0779172 0.346784 0.127744 0.991245 -0.0334026 -0.0593711 -0.0730649 0.0429924 0.9964 0.12816
122 0.987945 -0.125706 0.0903493 0.342848 0.128478 0.991384 -0.0255288 -0.0600418 -0.0863617 0.036829 0.995583 0.126988
123 0.987075 -0.132345 0.0903716 0.33864 0.134409 0.990778 -0.017116 -0.0660501 -0.087273 0.0290415 0.995761 0.122784
124 0.987777 -0.128767 0.087842 0.340475 0.130765 0.991261 -0.0173666 -0.0603743 -0.0848381 0.028641 0.995983 0.127341
125 0.988687 -0.124601 0.0834963 0.345864 0.126589 0.991775 -0.0189234 -0.0592969 -0.0804517 0.029279 0.996328 0.132447
126 0.989491 -0.122011 0.0775889 0.351171 0.124212 0.991961 -0.0241846 -0.056639 -0.0740143 0.033568 0.996692 0.127551
127 0.990486 -0.116265 0.0736218 0.352313 0.118499 0.992595 -0.0267203 -0.0541086 -0.0699699 0.0351902 0.996928 0.12233
128 0.990562 -0.117389 0.0707514 0.344448 0.119431 0.992519 -0.0253347 -0.0586552 -0.0672481 0.0335455 0.997172 0.122065
129 0.991849 -0.111914 0.0609099 0.349145 0.113769 0.993116 -0.0278895 -0.0556291 -0.0573693 0.0345919 0.997754 0.118881
130 0.993098 -0.101467 0.0588264 0.344249 0.103407 0.994158 -0.0309183 -0.056523 -0.0553456 0.036788 0.997789 0.117928
131 0.994698 -0.0901303 0.0495284 0.35607 0.0919486 0.995122 -0.0357461 -0.046141 -0.046065 0.0401107 0.998133 0.111466
132 0.994935 -0.0812574 0.0591751 0.338615 0.0828778 0.996234 -0.0254609 -0.0573502 -0.0568834 0.0302363 0.997923 0.111586
133 0.99593 -0.0741926 0.0511776 0.340379 0.0758906 0.9966 -0.0320729 -0.0525082 -0.0486241 0.0358263 0.998174 0.11188
134 0.997823 -0.0481815 0.0450263 0.343039 0.0499569 0.997983 -0.0391725 -0.0422599 -0.043048 0.0413367 0.998217 0.0985785
135 0.998254 -0.0411596 0.0423687 0.334324 0.0426631 0.998469 -0.0352165 -0.0473995 -0.0408543 0.0369626 0.998481 0.099432
136 0.999919 -0.0119385 0.00441921 0.355269 0.0121561 0.998519 -0.0530269 -0.0184721 -0.00377961 0.0530763 0.998583 0.087801
137 0.999994 0.00217033 -0.00276932 0.35202 -0.00231264 0.99862 -0.0524626 -0.0180836 0.00265163 0.0524687 0.998619 0.0926862
138 0.999906 0.00983804 -0.00957626 0.351653 -0.0103651 0.998341 -0.0566423 -0.0153299 0.00900312 0.0567362 0.998349 0.0914489
139 0.999272 0.0304817 -0.0229558 0.351447 -0.0318078 0.997703 -0.0598086 -0.00133777 0.02108 0.0604952 0.997946 0.07999
140 0.99866 0.0374859 -0.0356683 0.34722 -0.0395702 0.997435 -0.0596445 0.00379581 0.033341 0.060976 0.997582 0.07699
141 0.997409 0.0397128 -0.0599803 0.355457 -0.0431645 0.997418 -0.0573932 0.00200401 0.0575462 0.0598335 0.996548 0.075698
142 0.995137 0.0603103 -0.0778777 0.356925 -0.0644756 0.996557 -0.0521262 0.00272442 0.0744658 0.056894 0.995599 0.0754399
143 0.994595 0.0603757 -0.0844672 0.354106 -0.0655188 0.996076 -0.0595009 0.00585845 0.0805433 0.0647135 0.994648 0.0735348
144 0.992591 0.0658601 -0.102103 0.359171 -0.0723967 0.995466 -0.0616903 0.0121894 0.0975774 0.0686252 0.992859 0.0675357
145 0.991697 0.0748559 -0.104565 0.360807 -0.0814966 0.994821 -0.0607446 0.00999878 0.099476 0.0687619 0.992661 0.0699806
146 0.991153 0.0759087 -0.108873 0.363568 -0.0835983 0.994184 -0.0678909 0.0124132 0.103086 0.0763918 0.991735 0.0643579
147 0.989681 0.0854534 -0.115017 0.362569 -0.0939088 0.993102 -0.0702137 0.0163194 0.108224 0.0802903 0.990879 0.0582644
148 0.988596 0.0862351 -0.123458 0.365057 -0.0958149 0.992654 -0.0738765 0.0167824 0.116181 0.0848631 0.989596 0.0577537
149 0.987462 0.0899069 -0.12975 0.368121 -0.100413 0.991975 -0.0768261 0.0191666 0.121801 0.0888914 0.988566 0.0542253
150 0.986065 0.100444 -0.132619 0.363755 -0.111579 0.990581 -0.079372 0.0160611 0.123397 0.0930634 0.987984 0.058714
151 0.985289 0.101854 -0.137228 0.368282 -0.114446 0.989594 -0.0872116 0.0192742 0.126917 0.101634 0.986693 0.0542783
152 0.984841 0.116578 -0.128447 0.367526 -0.128519 0.987709 -0.0889557 0.0206313 0.116498 0.104115 0.987719 0.0529701
153 0.98424 0.116535 -0.13301 0.372297 -0.129668 0.987021 -0.0947416 0.024421 0.120243 0.110496 0.986576 0.0490506
154 0.983909 0.118421 -0.133788 0.374089 -0.131863 0.986558 -0.0965151 0.0284934 0.12056 0.112604 0.986299 0.0457189
155 0.982966 0.126162 -0.133646 0.377299 -0.139395 0.985693 -0.094757 0.0274043 0.119779 0.111773 0.986489 0.0490883
156 0.982541 0.12598 -0.136904 0.382181 -0.139953 0.985325 -0.0977162 0.0310206 0.122584 0.11517 0.985753 0.0453682
157 0.982021 0.140171 -0.126437 0.379419 -0.152308 0.984039 -0.0920277 0.0292719 0.111519 0.109631 0.987697 0.0501159
158 0.981466 0.143642 -0.126855 0.381881 -0.155965 0.983356 -0.0932016 0.0297266 0.111356 0.111259 0.987533 0.0489906
159 0.980233 0.154296 -0.12384 0.382162 -0.166231 0.981729 -0.092608 0.0293078 0.107288 0.111363 0.987971 0.0513583
160 0.980516 0.157058 -0.117989 0.378408 -0.16855 0.981136 -0.0946707 0.0272099 0.100895 0.112713 0.988492 0.0551092
161 0.981427 0.150895 -0.118457 0.385884 -0.163196 0.981298 -0.102083 0.0282415 0.100838 0.119518 0.987698 0.0519008
162 0.98191 0.148525 -0.117445 0.387362 -0.160886 0.981492 -0.103868 0.027869 0.099844 0.120884 0.987633 0.0518105
163 0.982786 0.148906 -0.109357 0.389335 -0.160358 0.981492 -0.104683 0.0243808 0.091745 0.120417 0.988475 0.0551526
164 0.983355 0.15079 -0.101364 0.390346 -0.161333 0.981255 -0.105409 0.0235172 0.0835691 0.120008 0.989249 0.0565769
165 0.984671 0.149418 -0.0899842 0.397275 -0.158468 0.981912 -0.103614 0.0285 0.0728748 0.116285 0.990539 0.051578
166 0.984376 0.1503 -0.0917267 0.400252 -0.159462 0.981877 -0.102419 0.0272971 0.0746707 0.115446 0.990503 0.0554803
167 0.984206 0.15422 -0.0869241 0.400475 -0.16275 0.981432 -0.101507 0.0250833 0.0696557 0.114051 0.99103 0.0599658
168 0.98422 0.157466 -0.0807203 0.399581 -0.165349 0.980881 -0.102625 0.0235809 0.063017 0.114353 0.991439 0.0620937
169 0.984053 0.158877 -0.07999 0.401845 -0.166869 0.980286 -0.105798 0.024239 0.0616042 0.117459 0.991165 0.0606006
170 0.983098 0.164213 -0.0809518 0.40293 -0.172411 0.979129 -0.107617 0.0244027 0.0615902 0.119755 0.990891 0.0612734
171 0.982243 0.169177 -0.0810998 0.403313 -0.177431 0.978129 -0.108547 0.0229019 0.0609624 0.121009 0.990778 0.0612652
172 0.98008 0.183016 -0.0771205 0.402258 -0.190777 0.97551 -0.10947 0.022739 0.055197 0.122002 0.990994 0.0611998
173 0.979284 0.186577 -0.0786896 0.401084 -0.194771 0.974198 -0.11403 0.0224506 0.0553839 0.126994 0.990356 0.0603244
174 0.975992 0.200053 -0.0861269 0.406156 -0.209414 0.97061 -0.118582 0.0264277 0.0598729 0.133772 0.989202 0.0553664
175 0.974699 0.204244 -0.0908054 0.404517 -0.214388 0.96919 -0.121281 0.0279307 0.0632368 0.13768 0.988456 0.0536909
176 0.96999 0.213846 -0.115708 0.407545 -0.227597 0.966001 -0.122645 0.0316889 0.0855471 0.1453 0.985682 0.050362
177 0.967257 0.222938 -0.121294 0.405477 -0.237284 0.963937 -0.120504 0.0297596 0.0900547 0.145339 0.985275 0.0526512
178 0.962101 0.234541 -0.139114 0.410061 -0.251836 0.959875 -0.123362 0.0348241 0.104599 0.153721 0.982563 0.0476384
179 0.958209 0.243852 -0.149572 0.402766 -0.263101 0.956489 -0.126119 0.0332062 0.11231 0.160201 0.980674 0.049811
180 0.956423 0.247031 -0.155662 0.408168 -0.267989 0.954321 -0.132109 0.0362614 0.115916 0.168068 0.978936 0.046612
181 0.952922 0.251051 -0.170037 0.419984 -0.275702 0.950804 -0.141279 0.0546413 0.126204 0.181508 0.975258 0.034078
182 0.949881 0.253301 -0.183206 0.424399 -0.279986 0.950007 -0.138182 0.0604547 0.139046 0.182551 0.973315 0.0294292
183 0.943621 0.271292 -0.189686 0.422914 -0.296802 0.947128 -0.121887 0.0585497 0.14659 0.171314 0.97425 0.0292478
184 0.939552 0.273417 -0.206119 0.428514 -0.302034 0.945363 -0.122736 0.065346 0.161299 0.177572 0.970799 0.0214394
185 0.936567 0.27285 -0.219989 0.437884 -0.30422 0.944541 -0.123663 0.0688636 0.174047 0.182744 0.967632 0.0173616
186 0.933595 0.274922 -0.229821 0.437344 -0.308351 0.9431 -0.124426 0.0714815 0.182537 0.187029 0.965246 0.0108082
187 0.931783 0.278965 -0.232292 0.439952 -0.312974 0.941539 -0.124704 0.0745088 0.183924 0.188898 0.964619 0.00676685
188 0.928137 0.281882 -0.243115 0.44501 -0.318714 0.939197 -0.127792 0.0811698 0.192311 0.196092 0.961543 -0.00321311
189 0.925428 0.288694 -0.245438 0.447074 -0.325791 0.936968 -0.1263 0.0845271 0.193505 0.196842 0.96115 -0.00732251
190 0.922372 0.291124 -0.253922 0.448716 -0.330741 0.934767 -0.129699 0.0892452 0.199599 0.203613 0.95849 -0.0139855
191 0.919123 0.291607 -0.264912 0.455148 -0.334287 0.93308 -0.132716 0.0993109 0.208484 0.210539 0.955096 -0.0232739
192 0.917728 0.292452 -0.268789 0.453576 -0.336081 0.932394 -0.133007 0.0966358 0.21172 0.212399 0.953971 -0.0241233
193 0.915972 0.295709 -0.271204 0.459073 -0.341659 0.929226 -0.140742 0.105247 0.210391 0.221575 0.952176 -0.034183
194 0.914177 0.293382 -0.279655 0.462558 -0.342153 0.928478 -0.14443 0.110459 0.217281 0.227719 0.949175 -0.0395138
195 0.907262 0.304117 -0.290497 0.463389 -0.355247 0.923879 -0.142291 0.112271 0.225111 0.232294 0.946237 -0.0437531
196 0.905123 0.302916 -0.298318 0.46508 -0.35699 0.922573 -0.146346 0.115189 0.23089 0.238958 0.94318 -0.0469832
197 0.900852 0.310194 -0.303718 0.468512 -0.366147 0.918766 -0.147665 0.120938 0.233241 0.24423 0.941249 -0.0525772
198 0.899451 0.309037 -0.309005 0.470497 -0.366671 0.918368 -0.148839 0.123907 0.237784 0.247177 0.939342 -0.0553927
199 0.895206 0.316216 -0.314028 0.472299 -0.374012 0.916242 -0.143579 0.126018 0.242324 0.245983 0.938494 -0.0589655
200 0.892615 0.31552 -0.322002 0.47699 -0.376462 0.914638 -0.147357 0.132056 0.248021 0.252755 0.935201 -0.0649903
201 0.890524 0.318846 -0.324507 0.477973 -0.380095 0.913418 -0.145587 0.134426 0.249991 0.252993 0.934612 -0.0667087
202 0.888202 0.317276 -0.332316 0.479593 -0.380914 0.912934 -0.146475 0.137644 0.256909 0.256683 0.931725 -0.0700114
203 0.886977 0.320769 -0.332232 0.479585 -0.384077 0.911843 -0.145008 0.139156 0.25643 0.256221 0.931984 -0.0716384
204 0.885263 0.320322 -0.3372 0.481271 -0.385337 0.911135 -0.146111 0.143174 0.260432 0.259282 0.930026 -0.0736561
205 0.889485 0.322991 -0.323253 0.472612 -0.384924 0.910826 -0.149096 0.139698 0.24627 0.257047 0.934494 -0.0732947
206 0.892797 0.312506 -0.324428 0.477786 -0.37713 0.912421 -0.158936 0.14351 0.246347 0.26425 0.932462 -0.0751361
207 0.896062 0.304373 -0.323157 0.480321 -0.370136 0.914151 -0.165311 0.144823 0.245098 0.26774 0.931795 -0.0784762
208 0.899267 0.29296 -0.324797 0.483916 -0.361177 0.916194 -0.173605 0.147082 0.246718 0.273427 0.929714 -0.0787754
209 0.900451 0.289003 -0.325062 0.483628 -0.357919 0.916975 -0.176213 0.146663 0.247147 0.275017 0.929131 -0.0788889
210 0.90628 0.282697 -0.314228 0.477138 -0.349451 0.919351 -0.180768 0.142407 0.237783 0.273633 0.931978 -0.0763749
211 0.913175 0.282783 -0.293505 0.480136 -0.343997 0.920978 -0.182936 0.146322 0.218581 0.268018 0.93829 -0.0770317
212 0.914823 0.278542 -0.292425 0.48548 -0.339273 0.922845 -0.18235 0.149414 0.21907 0.26603 0.938742 -0.0776977
213 0.918066 0.282581 -0.278034 0.478468 -0.336808 0.925897 -0.171098 0.14389 0.209082 0.250724 0.94521 -0.0718122
214 0.924698 0.268303 -0.270088 0.482086 -0.321026 0.930881 -0.174367 0.146508 0.204637 0.247942 0.946915 -0.0705214
215 0.926618 0.262248 -0.269453 0.48452 -0.314862 0.932898 -0.174822 0.149889 0.205525 0.246834 0.947012 -0.0677537
216 0.930976 0.254663 -0.261591 0.482616 -0.304332 0.937132 -0.170776 0.146364 0.201655 0.238599 0.94995 -0.063301
217 0.933855 0.252712 -0.253082 0.482431 -0.299561 0.939265 -0.167465 0.146772 0.195391 0.232201 0.952841 -0.0636021
218 0.934879 0.248563 -0.253413 0.482677 -0.29543 0.940605 -0.167282 0.14719 0.196781 0.231254 0.952785 -0.064403
219 0.932947 0.254664 -0.254473 0.485234 -0.300654 0.939942 -0.161607 0.149457 0.198034 0.227279 0.953481 -0.066304
220 0.931197 0.256301 -0.259195 0.487035 -0.302885 0.939673 -0.15898 0.150365 0.202812 0.226548 0.952651 -0.0681543
221 0.925585 0.268415 -0.266918 0.485081 -0.31608 0.93602 -0.154791 0.149704 0.208292 0.227639 0.951207 -0.0708368
222 0.920909 0.269732 -0.281374 0.488352 -0.322211 0.933025 -0.160142 0.157868 0.219334 0.238138 0.946141 -0.0759387
223 0.913541 0.280595 -0.294466 0.490096 -0.335306 0.929322 -0.154696 0.161913 0.230246 0.240057 0.943058 -0.0814748
224 0.909768 0.28827 -0.298702 0.49288 -0.343424 0.926886 -0.151465 0.165899 0.233199 0.24038 0.94225 -0.0852568
225 0.903861 0.299547 -0.305461 0.493424 -0.355805 0.922781 -0.147914 0.170967 0.237566 0.242378 0.940646 -0.0904244
226 0.899844 0.309775 -0.307114 0.493141 -0.366758 0.918435 -0.148208 0.174723 0.236153 0.246001 0.940061 -0.0971231
227 0.897783 0.314324 -0.308524 0.493665 -0.373309 0.914781 -0.154326 0.183329 0.233723 0.253726 0.938614 -0.0989185
228 0.893019 0.322435 -0.31393 0.496216 -0.384315 0.909365 -0.159239 0.191859 0.234133 0.262852 0.935997 -0.107469
229 0.888112 0.333026 -0.316783 0.498441 -0.396315 0.903922 -0.160811 0.201369 0.232793 0.268364 0.934766 -0.114603
230 0.880349 0.348122 -0.322174 0.500182 -0.41161 0.898226 -0.154167 0.205984 0.235716 0.268331 0.934043 -0.12102
231 0.878477 0.351979 -0.323094 0.499593 -0.415659 0.896466 -0.153544 0.207375 0.235598 0.269182 0.933828 -0.122386
232 0.875809 0.356659 -0.325197 0.500785 -0.421776 0.893111 -0.156393 0.212923 0.234658 0.274131 0.932624 -0.12855
233 0.870993 0.358491 -0.33594 0.505727 -0.427104 0.890443 -0.157138 0.217549 0.242803 0.280348 0.928683 -0.134686
234 0.86705 0.362795 -0.341475 0.504326 -0.435573 0.884708 -0.166033 0.225372 0.24187 0.292697 0.92511 -0.137786
235 0.862401 0.364059 -0.351748 0.507622 -0.441579 0.880767 -0.171051 0.227886 0.247535 0.302839 0.920334 -0.14321
236 0.860211 0.359868 -0.361292 0.509779 -0.442497 0.878904 -0.178115 0.232597 0.253443 0.313087 0.915283 -0.148898
237 0.856662 0.363676 -0.365882 0.511232 -0.449008 0.874857 -0.181707 0.235966 0.254011 0.319946 0.91275 -0.153934
238 0.855092 0.364223 -0.368997 0.513601 -0.452214 0.872049 -0.18717 0.237094 0.253612 0.326913 0.910389 -0.157808
239 0.856702 0.362174 -0.367276 0.513501 -0.452223 0.869861 -0.197069 0.241608 0.248106 0.33492 0.908995 -0.161145
240 0.85784 0.358532 -0.368191 0.512738 -0.45079 0.868983 -0.2041 0.243734 0.246776 0.341062 0.907071 -0.163219
241 0.862982 0.352125 -0.362312 0.515318 -0.445451 0.868669 -0.216764 0.24456 0.238401 0.348455 0.906501 -0.169045
242 0.870685 0.346203 -0.349358 0.517532 -0.43843 0.86823 -0.232286 0.246518 0.222905 0.355417 0.90774 -0.172523
243 0.878832 0.338156 -0.336608 0.517238 -0.429936 0.86717 -0.25134 0.248964 0.206904 0.365606 0.907482 -0.175133
244 0.88472 0.327795 -0.331392 0.515756 -0.421273 0.866589 -0.267492 0.251438 0.199499 0.376263 0.90478 -0.175415
245 0.886087 0.327279 -0.328236 0.512375 -0.421499 0.863542 -0.276829 0.253741 0.192845 0.383645 0.903121 -0.173752
246 0.8893 0.325076 -0.321669 0.511895 -0.417279 0.864614 -0.279857 0.252277 0.187145 0.383102 0.904549 -0.173529
247 0.89057 0.324114 -0.319115 0.51131 -0.416084 0.863931 -0.283721 0.25169 0.183735 0.385452 0.90425 -0.171915
248 0.894131 0.317794 -0.315495 0.51177 -0.410672 0.862826 -0.294754 0.250629 0.178546 0.393114 0.901988 -0.170873
249 0.900108 0.307673 -0.308451 0.509587 -0.400729 0.86249 -0.309075 0.251025 0.170942 0.401806 0.899628 -0.169101
250 0.902798 0.301557 -0.306624 0.508199 -0.395312 0.862655 -0.315524 0.249631 0.169362 0.406067 0.898012 -0.168645
251 0.904236 0.296722 -0.307106 0.507841 -0.392103 0.861778 -0.32186 0.247873 0.169154 0.411454 0.895596 -0.165545
252 0.905755 0.298144 -0.301194 0.504887 -0.391517 0.860727 -0.325365 0.247069 0.16224 0.412624 0.896337 -0.163595
253 0.903601 0.302289 -0.303523 0.502104 -0.395897 0.859923 -0.322176 0.246554 0.163616 0.411282 0.896703 -0.162458
254 0.902392 0.303355 -0.306046 0.500183 -0.397663 0.859822 -0.320266 0.246837 0.165991 0.410709 0.896529 -0.159123
255 0.898672 0.309204 -0.311097 0.496392 -0.404044 0.859592 -0.312808 0.242764 0.170695 0.406809 0.897424 -0.151874
256 0.896351 0.313264 -0.31372 0.491738 -0.408486 0.858594 -0.309766 0.24405 0.17232 0.40581 0.897566 -0.144617
257 0.894107 0.316167 -0.317194 0.489786 -0.412079 0.858162 -0.306185 0.245564 0.175398 0.404471 0.897574 -0.135511
258 0.892542 0.318404 -0.319356 0.488193 -0.414151 0.858978 -0.301058 0.240433 0.178461 0.400968 0.898541 -0.128047
259 0.893701 0.318441 -0.316059 0.487003 -0.412927 0.859293 -0.301841 0.237698 0.175469 0.400265 0.899444 -0.124102
260 0.894332 0.31115 -0.321491 0.484507 -0.408432 0.86111 -0.302776 0.23623 0.18263 0.402089 0.897201 -0.119289
261 0.893265 0.318836 -0.316892 0.479856 -0.412878 0.860708 -0.297847 0.232259 0.177788 0.396894 0.900481 -0.1107
262 0.890361 0.322109 -0.321718 0.480818 -0.416667 0.861293 -0.290798 0.225489 0.183425 0.392965 0.901074 -0.105977
263 0.889409 0.324992 -0.321452 0.479418 -0.418688 0.861399 -0.287561 0.223042 0.183444 0.390348 0.902207 -0.102034
264 0.889519 0.324739 -0.321404 0.474036 -0.418287 0.861817 -0.286893 0.217514 0.183826 0.389636 0.902437 -0.0913358
265 0.8898 0.325115 -0.320242 0.476245 -0.417849 0.862547 -0.285331 0.211298 0.183459 0.387701 0.903344 -0.0863488
266 0.887848 0.328601 -0.322097 0.472079 -0.421547 0.861484 -0.283098 0.209243 0.184455 0.387127 0.903387 -0.0786095
267 0.886679 0.325742 -0.328166 0.472214 -0.420508 0.863216 -0.279341 0.207175 0.192285 0.385682 0.902372 -0.0763055
268 0.880924 0.331195 -0.338058 0.469526 -0.428327 0.861747 -0.271898 0.199043 0.20127 0.384321 0.900993 -0.0649656
269 0.879827 0.329758 -0.342292 0.469861 -0.428588 0.861763 -0.271434 0.196268 0.205467 0.385517 0.899533 -0.0623232
270 0.875482 0.32704 -0.355776 0.467207 -0.43144 0.86061 -0.270574 0.190026 0.217695 0.390379 0.894546 -0.053336
271 0.87621 0.322727 -0.357914 0.467765 -0.429577 0.859655 -0.276507 0.181521 0.218447 0.39603 0.891875 -0.0454404
272 0.876858 0.320324 -0.358485 0.465313 -0.428027 0.859695 -0.278778 0.177288 0.218889 0.39789 0.890938 -0.0420257
273 0.874793 0.315894 -0.367354 0.463014 -0.427061 0.860837 -0.276729 0.176255 0.228815 0.398963 0.88796 -0.0381593
274 0.870777 0.314386 -0.378033 0.462816 -0.429346 0.860881 -0.273032 0.170527 0.239604 0.400056 0.884616 -0.0320096
275 0.866036 0.32352 -0.381203 0.460822 -0.438425 0.857894 -0.267958 0.159098 0.240342 0.39919 0.884807 -0.0185876
276 0.865226 0.324514 -0.382197 0.45791 -0.441069 0.855123 -0.272439 0.156255 0.238415 0.404296 0.883008 -0.0121939
277 0.864011 0.327455 -0.382437 0.456794 -0.443673 0.85426 -0.270912 0.156684 0.237989 0.403748 0.883374 -0.0113331
278 0.85619 0.329863 -0.397655 0.453954 -0.449739 0.854672 -0.259365 0.150824 0.254309 0.400907 0.880114 -0.00205149
279 0.85355 0.337997 -0.396497 0.450049 -0.455095 0.854172 -0.251552 0.14309 0.253653 0.395157 0.8829 0.0049153
280 0.855079 0.333956 -0.396627 0.44856 -0.451492 0.855692 -0.252876 0.142065 0.254941 0.395303 0.882463 0.00873311
281 0.855153 0.32893 -0.400649 0.446046 -0.44782 0.85806 -0.251375 0.135755 0.261096 0.394383 0.881074 0.0174877
282 0.856558 0.325134 -0.400744 0.444601 -0.443969 0.860141 -0.251094 0.133904 0.263057 0.392995 0.881111 0.0215111
283 0.854252 0.321487 -0.408533 0.442902 -0.443475 0.860716 -0.249994 0.126228 0.271261 0.394732 0.877841 0.0314358
284 0.85458 0.322897 -0.406731 0.443827 -0.443741 0.860901 -0.248885 0.11981 0.269791 0.393176 0.878991 0.0356274
285 0.857088 0.31999 -0.403742 0.442145 -0.441834 0.859594 -0.256672 0.12262 0.264921 0.398377 0.87813 0.0364769
286 0.854325 0.310118 -0.41708 0.439905 -0.438672 0.860623 -0.25864 0.12053 0.27874 0.403924 0.871292 0.0407978
287 0.852051 0.31155 -0.42065 0.440554 -0.440939 0.860251 -0.256011 0.116223 0.282104 0.403616 0.870351 0.0442446
288 0.851147 0.304108 -0.427864 0.436092 -0.438828 0.85951 -0.262054 0.115146 0.288061 0.410804 0.865021 0.0501489
289 0.851338 0.305112 -0.426767 0.434813 -0.43776 0.861467 -0.257374 0.107189 0.289117 0.405933 0.866966 0.0519188
290 0.852596 0.303379 -0.42549 0.433947 -0.43674 0.860772 -0.2614 0.105753 0.286947 0.408697 0.866388 0.0549492
291 0.854738 0.300715 -0.423075 0.432207 -0.434934 0.859789 -0.267574 0.10452 0.283292 0.412715 0.865686 0.0565606
292 0.854225 0.299472 -0.424989 0.432635 -0.435172 0.859129 -0.2693 0.102933 0.284473 0.414986 0.864212 0.0585517
293 0.855085 0.293912 -0.427135 0.431272 -0.432077 0.859304 -0.273691 0.102947 0.286598 0.418585 0.861771 0.0595878
294 0.856464 0.293782 -0.424454 0.430319 -0.431324 0.859019 -0.275764 0.100819 0.2836 0.41926 0.862434 0.0612761
295 0.857156 0.289474 -0.426015 0.430664 -0.428365 0.859915 -0.277579 0.101998 0.285985 0.420419 0.861081 0.0606998
296 0.853804 0.294028 -0.429611 0.430748 -0.433464 0.858549 -0.273865 0.100307 0.288318 0.420048 0.860483 0.0617914
297 0.852175 0.298307 -0.429896 0.430476 -0.437772 0.856488 -0.273467 0.0987511 0.286623 0.421238 0.860468 0.0637177
298 0.85153 0.300317 -0.429775 0.429287 -0.440091 0.854953 -0.274546 0.0998812 0.284987 0.422924 0.860185 0.0631502
299 0.849755 0.296758 -0.435718 0.430088 -0.439252 0.855583 -0.273927 0.0981786 0.291503 0.424161 0.857388 0.0646671
300 0.849565 0.301449 -0.432861 0.429173 -0.442822 0.853478 -0.274745 0.0963642 0.286616 0.425094 0.858573 0.0661548
301 0.853128 0.299128 -0.427427 0.42941 -0.439836 0.853008 -0.280931 0.0971958 0.280565 0.427668 0.859293 0.0658189
302 0.853598 0.287454 -0.434443 0.431863 -0.435515 0.851375 -0.292383 0.0971956 0.285827 0.438784 0.851922 0.0643601
303 0.851917 0.284429 -0.439701 0.43266 -0.43567 0.850832 -0.293728 0.0954104 0.290567 0.441796 0.848756 0.0651622
304 0.852351 0.276645 -0.443809 0.431836 -0.432477 0.850011 -0.300741 0.0945419 0.294044 0.448274 0.844149 0.0680509
305 0.86004 0.27553 -0.429436 0.425788 -0.430244 0.84405 -0.320109 0.0930607 0.274266 0.460068 0.844461 0.0737809
306 0.86464 0.270644 -0.423261 0.425292 -0.424793 0.84366 -0.328311 0.0925391 0.268233 0.463669 0.84443 0.0747658
307 0.866566 0.265385 -0.422651 0.424617 -0.420421 0.844519 -0.331714 0.0882342 0.268905 0.465143 0.843405 0.080084
308 0.867674 0.266436 -0.419707 0.42414 -0.420333 0.843979 -0.333197 0.0867535 0.265448 0.465523 0.84429 0.0824334
309 0.864114 0.264272 -0.428331 0.423638 -0.423031 0.842451 -0.333647 0.0854532 0.272675 0.469506 0.839769 0.0873686
310 0.860366 0.270924 -0.431707 0.423525 -0.430229 0.840179 -0.330154 0.0817144 0.273265 0.469786 0.839421 0.0914096
311 0.858094 0.274512 -0.433957 0.422695 -0.435345 0.83708 -0.331319 0.0809493 0.272305 0.473223 0.8378 0.0949171
312 0.856372 0.277155 -0.435674 0.421986 -0.437817 0.837064 -0.328085 0.0804171 0.273757 0.471708 0.838182 0.0966479
313 0.854098 0.280229 -0.438166 0.422156 -0.440406 0.837825 -0.322634 0.0788122 0.276695 0.468531 0.838998 0.0993918
314 0.847835 0.288369 -0.444993 0.421943 -0.44871 0.837334 -0.3123 0.0728563 0.28255 0.464451 0.839315 0.107738
315 0.844713 0.296242 -0.445758 0.422038 -0.455469 0.83527 -0.308011 0.0713642 0.281083 0.46321 0.840493 0.111234
316 0.840194 0.309247 -0.445467 0.422703 -0.466149 0.831602 -0.301898 0.0681174 0.27709 0.461307 0.842863 0.115816
317 0.840826 0.30918 -0.444319 0.422097 -0.465317 0.832229 -0.301455 0.0686424 0.276571 0.46022 0.843626 0.118446
318 0.839361 0.307608 -0.448164 0.42252 -0.463544 0.835673 -0.294581 0.0654368 0.283903 0.455003 0.844021 0.12299
319 0.839199 0.308652 -0.447748 0.424602 -0.461861 0.839178 -0.287169 0.0593708 0.287105 0.447789 0.846791 0.128837
320 0.839517 0.312947 -0.444157 0.424558 -0.462488 0.840627 -0.28187 0.0578836 0.285159 0.442052 0.850455 0.132267
321 0.841223 0.31731 -0.437788 0.422399 -0.459859 0.845747 -0.270633 0.0520425 0.284383 0.428984 0.857379 0.140106
322 0.841728 0.328808 -0.428228 0.424908 -0.463975 0.84612 -0.262313 0.0483903 0.276082 0.419483 0.864762 0.143106
323 0.845937 0.329941 -0.418963 0.424024 -0.460244 0.848548 -0.261041 0.048987 0.269382 0.413649 0.869671 0.14585
324 0.849824 0.334222 -0.407548 0.426121 -0.456807 0.852771 -0.253198 0.0450616 0.262921 0.401344 0.87738 0.151203
325 0.850585 0.336186 -0.404331 0.427365 -0.456215 0.85417 -0.249523 0.0412896 0.261481 0.396702 0.879917 0.155386
326 0.853689 0.334169 -0.399432 0.425991 -0.453416 0.854215 -0.254421 0.0403185 0.256181 0.398305 0.880752 0.158971
327 0.857737 0.333289 -0.391414 0.425896 -0.450517 0.854063 -0.26002 0.0383994 0.247631 0.399367 0.882714 0.160578
328 0.86633 0.329993 -0.374937 0.426277 -0.443562 0.853399 -0.273793 0.0366104 0.229621 0.403502 0.885697 0.164368
329 0.870308 0.328168 -0.367245 0.425129 -0.440126 0.852867 -0.280906 0.0351058 0.221027 0.406109 0.886692 0.166009
330 0.873883 0.327597 -0.359177 0.425673 -0.437382 0.852325 -0.286772 0.0341162 0.21219 0.407703 0.888118 0.166697
331 0.875485 0.321996 -0.360338 0.427367 -0.433696 0.85244 -0.291983 0.0306361 0.21315 0.411904 0.885947 0.167895
332 0.876837 0.325147 -0.35417 0.428399 -0.433715 0.852824 -0.290832 0.0266956 0.207481 0.408621 0.888808 0.169337
333 0.879711 0.322182 -0.349725 0.428576 -0.429947 0.853094 -0.295596 0.0262963 0.203113 0.410402 0.888997 0.170859
334 0.883879 0.322797 -0.338469 0.425409 -0.425938 0.854485 -0.297377 0.0233792 0.193224 0.407011 0.892752 0.174768
335 0.888424 0.318827 -0.33023 0.424119 -0.419489 0.856017 -0.3021 0.022515 0.186365 0.406921 0.89425 0.177213
336 0.892943 0.315945 -0.320673 0.421946 -0.413355 0.857583 -0.306085 0.0210947 0.178298 0.405868 0.896371 0.179676
337 0.903767 0.306581 -0.298687 0.418899 -0.395828 0.864173 -0.310684 0.0186521 0.162868 0.399015 0.902364 0.18538
338 0.90728 0.300496 -0.294186 0.419871 -0.387581 0.868962 -0.307712 0.0126456 0.16317 0.393202 0.904858 0.187924
339 0.912862 0.296437 -0.280728 0.416498 -0.378103 0.873237 -0.3074 0.0101623 0.154018 0.386758 0.909229 0.191849
340 0.92689 0.27618 -0.254163 0.414245 -0.349642 0.881569 -0.317153 0.00670934 0.136471 0.382832 0.913682 0.198006
341 0.93203 0.266601 -0.245445 0.414975 -0.337124 0.88633 -0.317437 0.00574538 0.132917 0.378607 0.915964 0.198482
342 0.934969 0.252643 -0.249007 0.41569 -0.324765 0.892014 -0.314386 0.00481029 0.14269 0.37481 0.916055 0.200512
343 0.941571 0.241427 -0.234857 0.409825 -0.308752 0.897329 -0.315394 -0.000546594 0.134599 0.369478 0.919439 0.209182
344 0.946768 0.229553 -0.225689 0.409906 -0.294651 0.900316 -0.320331 -0.00515062 0.129659 0.369778 0.920029 0.211685
345 0.950431 0.222855 -0.216836 0.409264 -0.285427 0.901935 -0.324107 -0.0066987 0.123343 0.369932 0.920835 0.211704
346 0.955869 0.210713 -0.204731 0.407867 -0.269701 0.905711 -0.32703 -0.00815831 0.116518 0.367814 0.922571 0.215172
347 0.957463 0.210376 -0.1975 0.40585 -0.266596 0.906824 -0.326491 -0.0106066 0.110412 0.365256 0.924336 0.217155
348 0.959307 0.210424 -0.188285 0.405064 -0.263338 0.907357 -0.327653 -0.0113739 0.101895 0.363902 0.925847 0.21875
349 0.962813 0.201661 -0.17979 0.403482 -0.252422 0.908673 -0.332562 -0.0132234 0.096305 0.365577 0.925785 0.221514
350 0.964344 0.20199 -0.170997 0.401706 -0.249586 0.909009 -0.33378 -0.0147954 0.0880178 0.364558 0.927012 0.223312
351 0.965775 0.19905 -0.166304 0.401768 -0.245258 0.909462 -0.335748 -0.0185597 0.0844169 0.365044 0.927155 0.224718
352 0.968208 0.194199 -0.157673 0.398978 -0.238008 0.909154 -0.341747 -0.0207038 0.0769824 0.368409 0.926471 0.226723
353 0.969602 0.189886 -0.154321 0.398535 -0.233155 0.908319 -0.347268 -0.0216516 0.0742318 0.372692 0.924981 0.227856
354 0.971537 0.187745 -0.144456 0.396059 -0.227942 0.906911 -0.354336 -0.0232035 0.0644836 0.377178 0.923893 0.228718
355 0.97223 0.183963 -0.144659 0.396454 -0.224702 0.906544 -0.357334 -0.0231886 0.0654033 0.379916 0.922706 0.228446
356 0.971962 0.185975 -0.143884 0.393999 -0.226298 0.906045 -0.357591 -0.0248356 0.0638629 0.380125 0.922728 0.230009
357 0.972835 0.189258 -0.133319 0.391604 -0.225582 0.904373 -0.362247 -0.0266132 0.0520121 0.382481 0.922498 0.231893
358 0.973394 0.18755 -0.13164 0.391361 -0.223421 0.904373 -0.363582 -0.0269818 0.0508619 0.38332 0.922214 0.231814
359 0.973266 0.189277 -0.130109 0.38893 -0.224489 0.903698 -0.364601 -0.0291368 0.048569 0.384062 0.922029 0.234195
360 0.974043 0.187938 -0.126172 0.385289 -0.221698 0.90461 -0.364049 -0.0325041 0.0457175 0.382571 0.922794 0.234977
361 0.974788 0.184181 -0.125961 0.382917 -0.218067 0.905966 -0.362867 -0.0350541 0.047283 0.381186 0.923288 0.238235
362 0.975683 0.182433 -0.121495 0.381031 -0.214876 0.905498 -0.365926 -0.0362542 0.0432565 0.383134 0.922679 0.239708
363 0.977951 0.174296 -0.115033 0.380777 -0.205063 0.90568 -0.37107 -0.0373216 0.0395072 0.386477 0.921452 0.240545
364 0.97873 0.170673 -0.113839 0.379769 -0.201295 0.906035 -0.372265 -0.0385615 0.0396064 0.387262 0.921119 0.24214
365 0.980071 0.168656 -0.104958 0.377561 -0.196199 0.904547 -0.378552 -0.040893 0.0310948 0.3916 0.91961 0.244979
366 0.980968 0.165973 -0.100768 0.377272 -0.192158 0.904315 -0.381168 -0.0415816 0.027862 0.393277 0.918998 0.245852
367 0.981794 0.160803 -0.101113 0.377269 -0.187678 0.903293 -0.385797 -0.0437949 0.0292974 0.39775 0.917026 0.248115
368 0.982392 0.159852 -0.0967079 0.375639 -0.185174 0.901846 -0.390364 -0.0456487 0.0248151 0.401398 0.915568 0.25023
