12 0.999812 0.0172224 -0.00886602 -0.0203965 -0.0169982 0.999549 0.0247751 0.00484945 0.0092887 -0.0246198 0.999654 -0.0102363
13 0.999841 0.0152709 -0.00925212 -0.0230202 -0.0150016 0.999481 0.028507 0.00398158 0.00968264 -0.0283636 0.999551 -0.0112131
14 0.999813 0.0169555 -0.00926943 -0.0246309 -0.0166756 0.999426 0.0294816 0.00459962 0.00976398 -0.0293215 0.999522 -0.0116978
15 0.999833 0.0174567 -0.00536211 -0.0269513 -0.0172805 0.99936 0.0313165 0.00439914 0.00590536 -0.0312186 0.999495 -0.0125656
16 0.999882 0.0151149 -0.00275142 -0.0306486 -0.0150171 0.999354 0.0326425 0.00256627 0.00324303 -0.0325973 0.999463 -0.0145799
17 0.999881 0.0153936 -0.00137484 -0.0340397 -0.0153427 0.999385 0.031519 0.00275172 0.00185919 -0.0314942 0.999502 -0.0158545
18 0.999886 0.0148543 0.00252026 -0.0378715 -0.014928 0.999367 0.0322846 0.00457715 -0.0020391 -0.0323186 0.999476 -0.0188622
19 0.999923 0.0112941 0.00508045 -0.0415857 -0.0114652 0.999322 0.0350004 0.00312357 -0.00468171 -0.035056 0.999374 -0.020371
20 0.999911 0.0115982 0.00652915 -0.0451634 -0.0118145 0.999348 0.0341256 0.00278714 -0.00612909 -0.0341997 0.999396 -0.0204506
21 0.999725 0.0127951 0.0196505 -0.0518592 -0.0134638 0.999321 0.0342834 0.00313234 -0.0191985 -0.0345386 0.999219 -0.011712
22 0.999672 0.0101993 0.0234775 -0.0564329 -0.0110459 0.999283 0.0362135 0.0017856 -0.0230913 -0.0364609 0.999068 -0.0110458
23 0.999588 0.00935464 0.0271438 -0.0609248 -0.0102791 0.999365 0.0341215 0.00110185 -0.0268073 -0.0343864 0.999049 -0.0107207
24 0.999471 0.00462639 0.0321937 -0.068219 -0.00561532 0.999513 0.030696 -5.54182e-05 -0.032036 -0.0308605 0.99901 -0.0111937
25 0.999423 0.000998387 0.0339634 -0.0740547 -0.00195983 0.999598 0.0282866 -0.00114286 -0.0339215 -0.0283368 0.999023 -0.0111989
26 0.998732 0.00227386 0.0502948 -0.0844062 -0.00351306 0.999692 0.0245641 0.0014564 -0.0502234 -0.0247096 0.998432 -0.00226125
27 0.998379 -0.00102034 0.0569097 -0.0911517 -0.000411564 0.999684 0.0251436 0.00180917 -0.0569174 -0.0251263 0.998063 -0.00195675
28 0.998021 -0.0067468 0.0625261 -0.098347 0.00493479 0.999565 0.0290893 -0.00184838 -0.0626952 -0.0287232 0.997619 -0.000748798
29 0.997758 -0.00759732 0.0664983 -0.103767 0.00570777 0.999576 0.028559 -0.00357778 -0.0666871 -0.0281154 0.997378 6.09131e-05
30 0.996785 -0.0079015 0.0797332 -0.114012 0.00600669 0.999694 0.0239764 -0.00276581 -0.0798983 -0.0234203 0.996528 0.00463976
31 0.996153 -0.0133332 0.0866137 -0.122685 0.0116149 0.999726 0.0203127 -0.0029393 -0.0868608 -0.0192286 0.996035 0.00442455
32 0.995822 -0.0176787 0.0895876 -0.12736 0.0158606 0.999654 0.020966 -0.00394992 -0.0899273 -0.0194575 0.995758 0.00532481
33 0.994395 -0.0226932 0.103264 -0.137918 0.0205797 0.999557 0.0214863 -0.00661897 -0.103706 -0.0192407 0.994422 0.00722025
34 0.99341 -0.0278904 0.111165 -0.147585 0.026012 0.999494 0.0183129 -0.00779216 -0.11162 -0.0153006 0.993633 0.00786963
35 0.993094 -0.03023 0.113357 -0.152817 0.0283002 0.999427 0.0185946 -0.0105394 -0.113854 -0.0152582 0.99338 0.00938668
36 0.99244 -0.0263591 0.119864 -0.159061 0.024842 0.999591 0.0141341 -0.0114842 -0.120188 -0.0110496 0.99269 0.0114759
37 0.991468 -0.0218169 0.128513 -0.166124 0.0205809 0.999728 0.0109383 -0.00732506 -0.128717 -0.00820003 0.991648 0.0118225
38 0.991473 -0.0218233 0.128471 -0.166088 0.020591 0.999728 0.0109126 -0.00730519 -0.128674 -0.00817415 0.991653 0.0118238
39 0.990386 -0.0222793 0.136525 -0.172566 0.0194759 0.999572 0.021835 -0.00866351 -0.136953 -0.0189662 0.990396 0.0128454
40 0.989048 -0.0259468 0.145299 -0.178117 0.0220227 0.99935 0.0285513 -0.0116873 -0.145945 -0.0250388 0.988976 0.0136024
41 0.986405 -0.0380178 0.159872 -0.188492 0.0338767 0.999018 0.0285502 -0.0126191 -0.1608 -0.0227461 0.986725 0.0143315
42 0.984992 -0.0566469 0.163039 -0.195142 0.0523405 0.998161 0.0305921 -0.0132612 -0.164472 -0.0215994 0.986145 0.0163284
43 0.984997 -0.0629028 0.160697 -0.197312 0.0581992 0.997732 0.0338159 -0.0194409 -0.16246 -0.0239561 0.986424 0.0165189
44 0.985089 -0.0522095 0.163931 -0.203145 0.048627 0.998484 0.0257937 -0.0211034 -0.165029 -0.0174376 0.986135 0.0178702
45 0.985026 -0.0439527 0.166708 -0.2088 0.0414868 0.998972 0.0182468 -0.019757 -0.167338 -0.0110574 0.985838 0.0190505
46 0.984619 -0.0419289 0.169608 -0.213773 0.039235 0.999045 0.0192053 -0.0176073 -0.170251 -0.0122554 0.985324 0.0194258
47 0.983414 -0.0491724 0.174581 -0.219262 0.0448119 0.998579 0.0288344 -0.0195206 -0.17575 -0.0205329 0.984221 0.02116
48 0.983427 -0.0495202 0.174409 -0.21901 0.0451038 0.998556 0.0291975 -0.0198238 -0.175603 -0.0208471 0.98424 0.0213539
49 0.982852 -0.0578979 0.175069 -0.223158 0.0520546 0.997929 0.0377912 -0.0275715 -0.176894 -0.0280301 0.983831 0.0244439
50 0.983052 -0.0550715 0.174858 -0.225915 0.0502985 0.998234 0.0316153 -0.0289358 -0.17629 -0.0222844 0.984086 0.025631
51 0.98223 -0.0548978 0.179472 -0.230023 0.050791 0.998333 0.0274015 -0.0292278 -0.180677 -0.017799 0.983381 0.0276124
52 0.981344 -0.0602052 0.182591 -0.233392 0.0564515 0.998075 0.0256913 -0.0308999 -0.183786 -0.0149045 0.982853 0.0291349
53 0.980318 -0.0645902 0.186561 -0.236295 0.060773 0.99781 0.0261144 -0.0300349 -0.187839 -0.0142625 0.982096 0.0304798
54 0.978577 -0.0730182 0.192495 -0.240583 0.0677716 0.997131 0.0337094 -0.0349399 -0.194404 -0.0199415 0.980719 0.0336833
55 0.978086 -0.0777916 0.193124 -0.243053 0.072484 0.996776 0.0344092 -0.039569 -0.195178 -0.0196567 0.980571 0.0368496
56 0.978391 -0.076951 0.191909 -0.242165 0.0716246 0.996833 0.0345496 -0.0396507 -0.19396 -0.0200576 0.980804 0.0367602
57 0.978169 -0.0761019 0.193377 -0.243478 0.0716092 0.996978 0.0301281 -0.0365406 -0.195085 -0.0156228 0.980662 0.0380059
58 0.977111 -0.0804494 0.196929 -0.242971 0.0738305 0.996438 0.040737 -0.0363709 -0.199505 -0.0252652 0.979571 0.0388158
59 0.974956 -0.0883772 0.204082 -0.24346 0.0798603 0.995571 0.0496141 -0.0369517 -0.207563 -0.0320735 0.977696 0.0420899
60 0.972159 -0.0972151 0.213206 -0.249632 0.0859088 0.994391 0.061691 -0.0472797 -0.218008 -0.0416571 0.975058 0.0473593
61 0.971576 -0.0973234 0.215797 -0.251658 0.0857209 0.994356 0.0625117 -0.0507634 -0.220663 -0.0422366 0.974435 0.0512167
62 0.97025 -0.0965309 0.222031 -0.252843 0.0838138 0.994292 0.066025 -0.0528214 -0.227137 -0.0454515 0.972802 0.0535798
63 0.966978 -0.103619 0.232843 -0.255518 0.0893787 0.993469 0.0709272 -0.0566192 -0.238672 -0.0477738 0.969924 0.0592431
64 0.964125 -0.112785 0.240297 -0.257384 0.0974953 0.992434 0.0746346 -0.0608933 -0.246896 -0.0485293 0.967826 0.0636714
65 0.963669 -0.112616 0.242198 -0.259084 0.0967454 0.992366 0.0764912 -0.0624289 -0.248964 -0.0502806 0.967207 0.0639215
66 0.960374 -0.121944 0.250624 -0.258492 0.105556 0.99136 0.0778731 -0.0653527 -0.257954 -0.0483325 0.964947 0.0679669
67 0.954393 -0.136288 0.265631 -0.262853 0.119317 0.989701 0.0790925 -0.0686576 -0.273674 -0.0437911 0.960825 0.0740833
68 0.949518 -0.154471 0.273047 -0.264655 0.137739 0.987269 0.0795437 -0.0733446 -0.281858 -0.0379189 0.958707 0.0787794
69 0.944426 -0.170443 0.281085 -0.265522 0.154451 0.984895 0.0782718 -0.0776619 -0.29018 -0.030508 0.956486 0.0832755
70 0.937523 -0.185969 0.29405 -0.268892 0.169148 0.982184 0.0818764 -0.0831624 -0.304037 -0.027023 0.952277 0.0886087
71 0.931228 -0.200834 0.304106 -0.27106 0.184002 0.979386 0.0833465 -0.0895411 -0.314576 -0.0216583 0.948985 0.0940503
72 0.925309 -0.212293 0.314222 -0.273447 0.197016 0.977131 0.0799998 -0.0924602 -0.324019 -0.0121178 0.945973 0.0988347
73 0.919124 -0.224189 0.323961 -0.275781 0.20952 0.974529 0.0799597 -0.0945371 -0.333636 -0.00561647 0.942685 0.103556
74 0.913003 -0.236854 0.332154 -0.277798 0.221406 0.971539 0.0842041 -0.0974066 -0.342645 -0.00333753 0.939459 0.108173
75 0.906785 -0.250229 0.339304 -0.279913 0.233181 0.968181 0.090839 -0.101592 -0.351239 -0.00325219 0.93628 0.113146
76 0.901745 -0.260277 0.345126 -0.282627 0.240732 0.965513 0.0991587 -0.107767 -0.359032 -0.00633315 0.933304 0.118515
77 0.902453 -0.259574 0.343802 -0.282299 0.239869 0.965696 0.0994705 -0.107996 -0.357828 -0.00729976 0.933759 0.117048
78 0.899909 -0.265126 0.346226 -0.279632 0.244269 0.964176 0.103426 -0.113387 -0.361243 -0.00850152 0.932433 0.121741
79 0.895332 -0.266112 0.357161 -0.279943 0.2458 0.963935 0.102033 -0.115575 -0.371433 -0.00356266 0.928453 0.123865
80 0.887153 -0.272054 0.372755 -0.283983 0.250788 0.962282 0.105446 -0.119955 -0.387383 -6.4409e-05 0.921919 0.128407
81 0.882424 -0.277042 0.380232 -0.286327 0.255088 0.960856 0.108096 -0.123 -0.395295 0.00160577 0.918553 0.132161
82 0.878142 -0.280751 0.387357 -0.28764 0.256805 0.959781 0.113458 -0.124713 -0.403631 -0.000156941 0.914922 0.13556
83 0.871435 -0.2888 0.39648 -0.289622 0.261078 0.957381 0.123534 -0.131678 -0.415259 -0.00413989 0.909694 0.139258
84 0.86574 -0.294191 0.404903 -0.290107 0.266913 0.955746 0.123719 -0.13714 -0.423381 0.000965223 0.905951 0.142725
85 0.860152 -0.294868 0.416162 -0.29115 0.268514 0.955514 0.122038 -0.139016 -0.433634 0.00677417 0.901064 0.145947
86 0.851302 -0.301945 0.429085 -0.2937 0.27459 0.953267 0.126023 -0.145104 -0.447085 0.0105387 0.894429 0.149195
87 0.843467 -0.30561 0.441776 -0.29617 0.279183 0.951997 0.125535 -0.149439 -0.458934 0.0174516 0.888299 0.152977
88 0.834843 -0.309681 0.45512 -0.29817 0.284165 0.950524 0.125517 -0.149906 -0.471473 0.0245419 0.881539 0.155684
89 0.823422 -0.32025 0.46842 -0.299864 0.29257 0.946936 0.1331 -0.155074 -0.486189 0.0274481 0.873423 0.159648
90 0.811865 -0.331557 0.480568 -0.302194 0.302979 0.942857 0.138654 -0.161858 -0.499078 0.0330341 0.865927 0.164313
91 0.801359 -0.339395 0.492581 -0.304631 0.312281 0.939702 0.139431 -0.166212 -0.510201 0.0420897 0.859025 0.168454
92 0.790362 -0.346728 0.505081 -0.30665 0.32147 0.936533 0.139869 -0.169975 -0.521522 0.0518214 0.851663 0.17219
93 0.778095 -0.355259 0.518034 -0.309074 0.332689 0.932607 0.139861 -0.1742 -0.532809 0.0635187 0.843848 0.175834
94 0.765467 -0.363112 0.531234 -0.311973 0.342066 0.928881 0.142024 -0.179222 -0.545024 0.0730024 0.835236 0.178584
95 0.750822 -0.371984 0.545797 -0.314682 0.352106 0.924543 0.145743 -0.183842 -0.558827 0.0827519 0.825145 0.181994
96 0.73576 -0.381349 0.559669 -0.318744 0.363345 0.919666 0.148979 -0.189182 -0.571522 0.0937402 0.815215 0.185824
97 0.722321 -0.391186 0.570285 -0.321222 0.374204 0.914573 0.153385 -0.195557 -0.58157 0.10261 0.806999 0.188549
98 0.706768 -0.400358 0.58326 -0.324181 0.387195 0.908925 0.154714 -0.200413 -0.59208 0.116488 0.797415 0.191626
99 0.692369 -0.40872 0.59462 -0.328477 0.398535 0.903606 0.157056 -0.20572 -0.601494 0.128236 0.788518 0.194443
100 0.681863 -0.415842 0.601779 -0.330932 0.407361 0.899181 0.159781 -0.209617 -0.607552 0.136192 0.782516 0.1955
101 0.669733 -0.423781 0.609809 -0.333024 0.415455 0.894465 0.165319 -0.215307 -0.615512 0.142629 0.775114 0.198381
102 0.658081 -0.430101 0.618015 -0.33487 0.423255 0.890148 0.168796 -0.220201 -0.622724 0.150496 0.767832 0.200227
103 0.646502 -0.435452 0.626432 -0.336392 0.428426 0.886631 0.174173 -0.226316 -0.631258 0.155776 0.759768 0.201104
104 0.634011 -0.439057 0.636599 -0.338226 0.433258 0.883543 0.177876 -0.231677 -0.64056 0.163036 0.750401 0.203064
105 0.621065 -0.442677 0.646773 -0.34121 0.44014 0.8798 0.179524 -0.236613 -0.648502 0.173175 0.741253 0.204879
106 0.609327 -0.446355 0.655353 -0.343938 0.446894 0.876051 0.181163 -0.242676 -0.654985 0.182486 0.733276 0.206541
107 0.600961 -0.445758 0.663435 -0.345987 0.450613 0.874508 0.179397 -0.247952 -0.660147 0.191142 0.726409 0.207575
108 0.593337 -0.443865 0.671517 -0.348489 0.452159 0.873963 0.178163 -0.252274 -0.665961 0.197922 0.719252 0.208331
109 0.585394 -0.443246 0.678857 -0.351695 0.455211 0.872575 0.177192 -0.256166 -0.670893 0.205296 0.71257 0.210403
110 0.581138 -0.44233 0.683098 -0.353552 0.459275 0.871203 0.173411 -0.258662 -0.671822 0.212954 0.70944 0.210488
111 0.574707 -0.438409 0.69102 -0.357468 0.459622 0.871557 0.170691 -0.267437 -0.677096 0.219511 0.702393 0.212274
112 0.572524 -0.43509 0.694919 -0.359281 0.458071 0.872701 0.169008 -0.272298 -0.67999 0.221561 0.698945 0.214058
113 0.572307 -0.431571 0.697288 -0.362616 0.457641 0.87367 0.165124 -0.274696 -0.680462 0.224606 0.697512 0.215046
114 0.576947 -0.428006 0.695661 -0.362993 0.456867 0.875116 0.159513 -0.276856 -0.677056 0.225794 0.700437 0.215112
115 0.581719 -0.421963 0.695378 -0.365393 0.453027 0.878118 0.15387 -0.280503 -0.675551 0.225515 0.701978 0.215631
116 0.597694 -0.409398 0.689315 -0.369703 0.442509 0.885422 0.142177 -0.289062 -0.668542 0.22005 0.710373 0.217731
117 0.608317 -0.398547 0.686375 -0.371237 0.433298 0.891306 0.13352 -0.294507 -0.664984 0.216182 0.714886 0.219778
118 0.619718 -0.383904 0.68452 -0.375632 0.424023 0.897721 0.119594 -0.295395 -0.66042 0.216138 0.719117 0.219979
119 0.632729 -0.372806 0.678726 -0.379105 0.415534 0.903064 0.108656 -0.297591 -0.653441 0.213284 0.726309 0.220285
120 0.656362 -0.354475 0.665985 -0.382467 0.397605 0.912734 0.0939486 -0.305637 -0.64117 0.203135 0.740025 0.22471
121 0.667756 -0.342672 0.660816 -0.385728 0.386539 0.918293 0.0855901 -0.305344 -0.636151 0.198278 0.745652 0.224044
122 0.675495 -0.337195 0.655749 -0.38846 0.379169 0.921571 0.0832966 -0.306644 -0.632406 0.192374 0.75037 0.22502
123 0.684302 -0.333335 0.648551 -0.390314 0.372593 0.924368 0.0819643 -0.30783 -0.626822 0.185557 0.756745 0.225551
124 0.692588 -0.328143 0.642374 -0.391816 0.365587 0.927371 0.0795628 -0.309502 -0.621827 0.179739 0.76225 0.226524
125 0.701135 -0.322893 0.635728 -0.39388 0.359379 0.930088 0.0760475 -0.310079 -0.615838 0.175148 0.768158 0.22641
126 0.721657 -0.310943 0.618486 -0.39794 0.343604 0.936509 0.0699072 -0.311064 -0.600955 0.162065 0.78268 0.227954
127 0.733972 -0.302016 0.608335 -0.400347 0.334963 0.940149 0.0626092 -0.309288 -0.590835 0.157816 0.791207 0.227638
128 0.744889 -0.295148 0.598355 -0.402139 0.32674 0.9433 0.0585411 -0.309632 -0.581706 0.1519 0.79909 0.228198
129 0.757089 -0.286876 0.586957 -0.404149 0.317536 0.946755 0.0531521 -0.30957 -0.570953 0.146139 0.807871 0.228338
130 0.770703 -0.277838 0.573431 -0.405087 0.307104 0.950476 0.0477693 -0.309674 -0.558305 0.139287 0.81786 0.228324
131 0.78313 -0.265943 0.562123 -0.406 0.294823 0.954675 0.0409242 -0.309704 -0.547528 0.133678 0.826041 0.227309
132 0.793618 -0.256246 0.551823 -0.406631 0.285511 0.957767 0.0341369 -0.309417 -0.537266 0.13046 0.833262 0.225354
133 0.802271 -0.250498 0.54186 -0.408051 0.280441 0.959453 0.0283309 -0.309497 -0.526986 0.12923 0.839991 0.225188
134 0.811982 -0.241986 0.531158 -0.40902 0.271567 0.96214 0.0231881 -0.310184 -0.516659 0.125417 0.846955 0.224607
135 0.818974 -0.235174 0.523427 -0.410129 0.264409 0.964213 0.0195138 -0.31102 -0.509284 0.122417 0.851847 0.224282
136 0.826438 -0.23125 0.513346 -0.410818 0.260971 0.965235 0.0146766 -0.310843 -0.498894 0.121839 0.858056 0.222303
137 0.834051 -0.226271 0.503151 -0.411392 0.256003 0.966621 0.0103323 -0.31044 -0.488694 0.12019 0.864137 0.221836
138 0.842397 -0.218436 0.492597 -0.411075 0.248288 0.968674 0.00494553 -0.310376 -0.478246 0.11814 0.870243 0.2206
139 0.849894 -0.210304 0.483169 -0.411617 0.239802 0.970821 0.000747028 -0.310584 -0.469228 0.11523 0.875527 0.218909
140 0.857915 -0.202014 0.472411 -0.412096 0.232184 0.972655 -0.00572404 -0.309772 -0.458337 0.114597 0.88136 0.216527
141 0.865502 -0.19338 0.462071 -0.412288 0.221937 0.975031 -0.00765244 -0.310941 -0.449054 0.109174 0.88681 0.214754
142 0.871725 -0.184995 0.453731 -0.412661 0.212506 0.97711 -0.00988727 -0.310476 -0.441516 0.105039 0.891084 0.212893
143 0.878537 -0.176901 0.44371 -0.412834 0.204678 0.978714 -0.0150581 -0.309522 -0.431601 0.104047 0.896044 0.210887
144 0.885489 -0.166965 0.433626 -0.412192 0.193395 0.98097 -0.0172077 -0.309267 -0.422501 0.0990984 0.900929 0.208793
145 0.890594 -0.160276 0.425622 -0.412219 0.184451 0.982713 -0.0158949 -0.309474 -0.415717 0.0926624 0.904761 0.207097
146 0.895839 -0.155533 0.416271 -0.412322 0.178738 0.983748 -0.0170934 -0.308392 -0.406847 0.0897165 0.90908 0.204647
147 0.902404 -0.147169 0.404979 -0.412233 0.169216 0.985397 -0.0189667 -0.307609 -0.396274 0.0856445 0.914129 0.202021
148 0.90806 -0.137259 0.395711 -0.412152 0.15601 0.987635 -0.0154277 -0.308179 -0.3887 0.075744 0.918246 0.19983
149 0.912464 -0.13336 0.386814 -0.412209 0.150484 0.988511 -0.0141772 -0.307219 -0.380479 0.0711456 0.922049 0.197608
150 0.918331 -0.126575 0.375029 -0.411884 0.142584 0.989667 -0.0151269 -0.305902 -0.369239 0.0673647 0.92689 0.195454
151 0.923415 -0.117944 0.365231 -0.412706 0.131553 0.99123 -0.0125067 -0.304994 -0.360553 0.059596 0.930833 0.193093
152 0.928346 -0.113818 0.353864 -0.41277 0.125262 0.992078 -0.00952227 -0.303848 -0.349977 0.0531655 0.935248 0.189908
153 0.934255 -0.108889 0.339573 -0.412765 0.119161 0.99283 -0.00947954 -0.301612 -0.336106 0.0493203 0.940532 0.187433
154 0.940452 -0.100458 0.324744 -0.413016 0.108254 0.994105 -0.00597917 -0.301319 -0.322229 0.0407779 0.945783 0.185408
155 0.94562 -0.0945553 0.311227 -0.413414 0.100513 0.994931 -0.00311999 -0.300271 -0.309354 0.0342326 0.950331 0.183383
156 0.951183 -0.0848508 0.296735 -0.41303 0.0884577 0.996079 0.00127599 -0.299441 -0.29568 0.0250349 0.954959 0.182836
157 0.955918 -0.0778792 0.283117 -0.413432 0.0795612 0.996814 0.00557059 -0.298461 -0.282649 0.0172001 0.959069 0.181197
158 0.96072 -0.071538 0.26814 -0.413728 0.0713739 0.997396 0.0103731 -0.297699 -0.268184 0.0091726 0.963324 0.179086
159 0.965247 -0.0646437 0.253217 -0.414198 0.0628783 0.997907 0.0150671 -0.296783 -0.253661 0.00137842 0.967292 0.177345
160 0.969515 -0.0559175 0.238567 -0.414622 0.0520458 0.998391 0.0225025 -0.296519 -0.239441 -0.0094001 0.970865 0.175574
161 0.97288 -0.050927 0.225635 -0.415172 0.0452457 0.998517 0.0302826 -0.295006 -0.226842 -0.0192523 0.973741 0.175048
162 0.975744 -0.0476666 0.213664 -0.415763 0.0404982 0.998464 0.0378048 -0.293788 -0.215138 -0.0282348 0.976175 0.17441
163 0.975742 -0.0476767 0.213671 -0.415765 0.0405133 0.998464 0.0377821 -0.293775 -0.215144 -0.028209 0.976175 0.174415
164 0.978446 -0.0450162 0.201539 -0.416394 0.03679 0.998337 0.0443799 -0.293135 -0.203201 -0.0360087 0.978475 0.173116
165 0.980437 -0.0433042 0.192009 -0.417133 0.0341529 0.998129 0.0507184 -0.292902 -0.193846 -0.0431686 0.980082 0.172969
166 0.980428 -0.0434113 0.192031 -0.41714 0.0342831 0.99813 0.0506068 -0.29285 -0.193868 -0.0430329 0.980083 0.172972
167 0.981655 -0.0413992 0.186117 -0.418027 0.0314848 0.997939 0.0559146 -0.292641 -0.188048 -0.049029 0.980935 0.171886
168 0.983227 -0.0369597 0.178603 -0.418511 0.0265251 0.997818 0.0604632 -0.290801 -0.180448 -0.0547116 0.982062 0.169058
169 0.984725 -0.0343402 0.170695 -0.418833 0.0237837 0.997698 0.0635094 -0.289991 -0.172483 -0.0584796 0.983275 0.167527
170 0.984632 -0.0341545 0.171268 -0.419196 0.0234959 0.997681 0.0638787 -0.290217 -0.173053 -0.0588729 0.983151 0.16787
171 0.98595 -0.0308667 0.164166 -0.419465 0.0199419 0.997501 0.0677846 -0.289632 -0.165848 -0.0635584 0.984101 0.166509
172 0.987026 -0.0270459 0.158265 -0.419897 0.0155615 0.997184 0.0733592 -0.289222 -0.159803 -0.0699446 0.984668 0.165468
173 0.987842 -0.0234496 0.153679 -0.420557 0.0117009 0.996969 0.0769127 -0.288655 -0.155017 -0.0741794 0.985123 0.165069
174 0.988808 -0.0216551 0.147613 -0.421002 0.0104445 0.99703 0.076302 -0.287547 -0.148826 -0.0739063 0.986098 0.163485
175 0.988772 -0.0215978 0.147861 -0.421248 0.0103051 0.997 0.0767179 -0.287904 -0.149075 -0.0743328 0.986028 0.163452
176 0.98997 -0.0176686 0.140169 -0.4217 0.00691278 0.997018 0.0768533 -0.287823 -0.141109 -0.0751135 0.98714 0.16135
177 0.990618 -0.0131282 0.13603 -0.422367 0.00219539 0.996775 0.0802109 -0.287832 -0.136645 -0.0791597 0.987452 0.161291
178 0.991272 -0.0106503 0.131401 -0.422909 0.000133298 0.996812 0.079788 -0.286335 -0.131832 -0.0790741 0.988113 0.160072
179 0.991296 -0.00874758 0.131359 -0.423593 -0.00128146 0.997102 0.0760705 -0.283157 -0.131644 -0.0755767 0.988412 0.158316
180 0.992268 -0.00462698 0.124029 -0.424046 -0.00499902 0.997004 0.0771872 -0.28253 -0.124015 -0.0772104 0.989272 0.156616
181 0.993044 0.00235116 0.117722 -0.424944 -0.0115093 0.996951 0.0771758 -0.280058 -0.117182 -0.0779939 0.990043 0.15363
182 0.993499 0.00680396 0.113637 -0.425619 -0.0159367 0.996695 0.0796542 -0.279502 -0.112719 -0.0809474 0.990324 0.152306
183 0.99425 0.0110354 0.106517 -0.425855 -0.01992 0.996375 0.0827106 -0.278839 -0.105218 -0.0843568 0.990865 0.149771
184 0.994219 0.0107235 0.106833 -0.425998 -0.0195997 0.996408 0.0823849 -0.278601 -0.105566 -0.0840026 0.990858 0.150056
185 0.994857 0.0144563 0.100256 -0.42661 -0.0230156 0.996136 0.0847499 -0.277639 -0.098644 -0.0866214 0.991346 0.148975
186 0.995494 0.0181445 0.0930775 -0.427081 -0.0262424 0.995904 0.0865294 -0.276863 -0.0911262 -0.088582 0.991892 0.147038
187 0.995978 0.0233556 0.0864978 -0.427518 -0.0316405 0.994909 0.0956859 -0.278062 -0.0838226 -0.0980379 0.991646 0.145187
188 0.996333 0.0243788 0.0820185 -0.428168 -0.0328908 0.994024 0.104086 -0.2768 -0.0789909 -0.106402 0.991181 0.144206
189 0.99652 0.0300349 0.0777502 -0.428416 -0.0386878 0.992922 0.112293 -0.276587 -0.0738272 -0.11491 0.990629 0.142546
190 0.996483 0.0331146 0.0769719 -0.429126 -0.0424595 0.991482 0.123131 -0.276806 -0.0722388 -0.125966 0.989401 0.141812
191 0.99651 0.036114 0.0752587 -0.430395 -0.0459306 0.990039 0.133087 -0.273475 -0.0697028 -0.136079 0.988243 0.137106
192 0.996523 0.0362383 0.0750227 -0.43027 -0.0460343 0.990011 0.133265 -0.273603 -0.0694439 -0.136255 0.988237 0.136957
193 0.996783 0.0328758 0.0730944 -0.430156 -0.043102 0.988776 0.143056 -0.272598 -0.0675709 -0.145746 0.987012 0.135541
194 0.997022 0.0282126 0.0717729 -0.430386 -0.0388369 0.987734 0.151237 -0.271306 -0.0666258 -0.153574 0.985888 0.134583
195 0.996988 0.0275969 0.0724796 -0.4304 -0.0390822 0.985988 0.162173 -0.271355 -0.0669885 -0.164518 0.984097 0.133289
196 0.996838 0.0264533 0.0749253 -0.430165 -0.0390567 0.984304 0.172107 -0.270309 -0.0691965 -0.174489 0.982225 0.13175
197 0.996807 0.0234167 0.0763435 -0.430164 -0.036806 0.983159 0.179008 -0.269134 -0.070866 -0.181246 0.980881 0.130107
198 0.996787 0.0240333 0.0764126 -0.429666 -0.0379607 0.981738 0.186413 -0.26855 -0.0705371 -0.188715 0.979495 0.128595
199 0.996735 0.0260847 0.0764159 -0.430277 -0.0397911 0.982167 0.183753 -0.265923 -0.07026 -0.186194 0.979998 0.126661
200 0.996376 0.0283965 0.0801749 -0.429886 -0.0435439 0.980028 0.194036 -0.265857 -0.0730637 -0.196824 0.977713 0.125278
201 0.995992 0.0290635 0.0845917 -0.429841 -0.0455849 0.978635 0.200488 -0.264023 -0.0769576 -0.20354 0.976037 0.122184
202 0.995886 0.0238104 0.0874345 -0.429186 -0.0414104 0.977804 0.205389 -0.263644 -0.0806034 -0.208165 0.974767 0.120501
203 0.995869 0.0180179 0.0889989 -0.428264 -0.0364857 0.976916 0.210486 -0.262869 -0.0831519 -0.212864 0.973537 0.118556
204 0.995645 0.0163736 0.091774 -0.427538 -0.0360999 0.975364 0.217627 -0.26243 -0.0859497 -0.219992 0.971708 0.117573
205 0.995247 0.0140042 0.0963658 -0.426566 -0.0354174 0.973887 0.224256 -0.262084 -0.0907088 -0.226603 0.969754 0.116222
206 0.995284 0.0139479 0.0960007 -0.426245 -0.0352765 0.973898 0.22423 -0.26207 -0.0903673 -0.226559 0.969796 0.116115
207 0.994872 0.0115766 0.100473 -0.425055 -0.0347154 0.972159 0.231736 -0.261735 -0.0949926 -0.234035 0.967576 0.114246
208 0.994463 0.00854719 0.104738 -0.423142 -0.0336144 0.970194 0.239989 -0.260704 -0.0995647 -0.242181 0.965109 0.113263
209 0.993736 0.0052506 0.111631 -0.421844 -0.032841 0.968511 0.246795 -0.259202 -0.10682 -0.248916 0.962617 0.112218
210 0.993126 -0.00172342 0.117041 -0.420328 -0.0283714 0.966532 0.254971 -0.258557 -0.113564 -0.256538 0.959839 0.110656
211 0.992634 -0.00558277 0.121024 -0.418493 -0.0265829 0.964558 0.262527 -0.25804 -0.1182 -0.263811 0.957305 0.109415
212 0.992635 -0.00560112 0.121017 -0.418495 -0.026567 0.96455 0.262558 -0.258056 -0.118197 -0.263839 0.957297 0.109409
213 0.991926 -0.00727212 0.126612 -0.415909 -0.0272591 0.962794 0.268858 -0.257126 -0.123856 -0.270138 0.954822 0.1081
214 0.990877 -0.00627821 0.13462 -0.41428 -0.0311856 0.96112 0.274366 -0.256796 -0.131109 -0.276061 0.952156 0.105806
215 0.990381 -0.00315762 0.13833 -0.409875 -0.035487 0.960504 0.275996 -0.253496 -0.133738 -0.27825 0.951152 0.101645
216 0.989451 -0.00400665 0.144815 -0.407405 -0.0376121 0.958235 0.283496 -0.252803 -0.139903 -0.285952 0.947976 0.0994767
217 0.988357 -0.00102036 0.152147 -0.405082 -0.0438165 0.955706 0.291044 -0.252636 -0.145705 -0.294322 0.944534 0.0969805
218 0.988403 -0.00108316 0.151852 -0.404867 -0.0436634 0.955719 0.291022 -0.252655 -0.145443 -0.294277 0.944588 0.0968837
219 0.98716 0.00157428 0.159729 -0.403164 -0.049886 0.952975 0.298914 -0.252898 -0.151747 -0.303044 0.940817 0.0944047
220 0.986553 0.00493167 0.163364 -0.398186 -0.0553608 0.95054 0.305627 -0.251236 -0.153777 -0.310562 0.938032 0.0894592
221 0.985209 0.00464705 0.171295 -0.396059 -0.0590722 0.947567 0.314049 -0.250926 -0.160854 -0.319523 0.933826 0.0874468
222 0.985212 0.0046483 0.171278 -0.396029 -0.0590651 0.947573 0.314033 -0.250911 -0.160839 -0.319506 0.933835 0.0874463
223 0.984401 0.00364811 0.175902 -0.394666 -0.0606598 0.945521 0.319861 -0.251121 -0.165152 -0.325542 0.930993 0.0860178
224 0.983955 0.00508665 0.178346 -0.39071 -0.0634126 0.944299 0.322921 -0.250843 -0.16677 -0.329049 0.92947 0.0828538
225 0.982346 0.0061841 0.186969 -0.388508 -0.0683373 0.942244 0.327882 -0.250313 -0.174143 -0.334871 0.926032 0.0804548
226 0.981783 0.00754766 0.189856 -0.383943 -0.0711987 0.941021 0.330773 -0.248877 -0.176161 -0.338265 0.924415 0.0762931
227 0.981784 0.00751097 0.189853 -0.383917 -0.071171 0.941007 0.330818 -0.248915 -0.176168 -0.338303 0.9244 0.0762696
228 0.981431 0.0065879 0.191702 -0.381197 -0.0712642 0.940398 0.332524 -0.248693 -0.178086 -0.340011 0.923406 0.0743345
229 0.980611 0.00640722 0.19586 -0.377497 -0.0730724 0.939337 0.335122 -0.248625 -0.181831 -0.342936 0.921592 0.0714945
230 0.979069 0.00373061 0.203494 -0.374955 -0.0738672 0.938172 0.338197 -0.248648 -0.189651 -0.34615 0.918811 0.0699336
231 0.977771 -0.00339139 0.209647 -0.373233 -0.0697118 0.93773 0.340298 -0.24883 -0.197746 -0.347349 0.916649 0.0684385
232 0.977799 -0.0034328 0.209516 -0.373115 -0.0696211 0.937743 0.340282 -0.248811 -0.19764 -0.347314 0.916685 0.0684715
233 0.977035 -0.00954096 0.212864 -0.37026 -0.0652959 0.937528 0.341727 -0.248182 -0.202827 -0.347778 0.915375 0.066709
234 0.976536 -0.0127212 0.214977 -0.363396 -0.0631834 0.937397 0.342483 -0.246712 -0.205875 -0.34803 0.914599 0.0644182
235 0.974832 -0.0198315 0.222056 -0.361295 -0.0590174 0.937546 0.342818 -0.246299 -0.214987 -0.347296 0.91278 0.0636869
236 0.973945 -0.0261831 0.225267 -0.358606 -0.0543943 0.937347 0.344124 -0.246672 -0.220163 -0.347411 0.911501 0.0628261
237 0.973096 -0.0292801 0.228533 -0.35526 -0.052916 0.936976 0.345364 -0.247346 -0.224242 -0.348165 0.910218 0.0617919
238 0.973104 -0.0293209 0.228494 -0.355232 -0.0528664 0.936972 0.345381 -0.247356 -0.224219 -0.348171 0.910221 0.0617896
239 0.971661 -0.0334278 0.234001 -0.352392 -0.0509682 0.937034 0.345498 -0.246632 -0.230816 -0.347634 0.908776 0.060748
240 0.970433 -0.040855 0.237888 -0.349749 -0.0459221 0.936318 0.348137 -0.246828 -0.236962 -0.348768 0.906758 0.0607853
241 0.972927 -0.0437416 0.226933 -0.335826 -0.0387252 0.937188 0.346669 -0.244972 -0.227843 -0.346072 0.910122 0.0594778
242 0.972225 -0.0498657 0.228675 -0.332166 -0.0335737 0.937222 0.347115 -0.245183 -0.231628 -0.345151 0.909516 0.0591808
243 0.971275 -0.0537295 0.231815 -0.328328 -0.0315211 0.936541 0.349139 -0.245318 -0.235863 -0.346417 0.907945 0.0589435
244 0.971306 -0.0536126 0.231711 -0.328224 -0.0316594 0.936445 0.349384 -0.245534 -0.235716 -0.346695 0.907877 0.0588836
245 0.969861 -0.0574499 0.236789 -0.325344 -0.0306912 0.935262 0.352622 -0.245961 -0.241718 -0.349262 0.905311 0.059925
246 0.968608 -0.0601294 0.241212 -0.321724 -0.0296816 0.935392 0.352364 -0.247003 -0.246815 -0.348462 0.904243 0.0601428
247 0.966879 -0.0624094 0.247488 -0.316722 -0.0297585 0.935467 0.352158 -0.247542 -0.253495 -0.347859 0.902626 0.0605948
248 0.966349 -0.0648295 0.248933 -0.307247 -0.0274926 0.936149 0.350527 -0.244882 -0.255763 -0.345575 0.902864 0.0627952
249 0.96635 -0.0648273 0.248928 -0.307243 -0.0274947 0.936147 0.350533 -0.244889 -0.255757 -0.345581 0.902863 0.0627916
250 0.964623 -0.071404 0.253778 -0.304333 -0.0235761 0.935401 0.352803 -0.245272 -0.262575 -0.346305 0.900626 0.0639123
251 0.963715 -0.0749152 0.256205 -0.300306 -0.0217514 0.934578 0.355092 -0.246114 -0.266045 -0.34778 0.899038 0.0646127
252 0.962622 -0.0759853 0.259973 -0.296065 -0.0230875 0.933328 0.358282 -0.247112 -0.269864 -0.350893 0.896687 0.0653991
253 0.960948 -0.0783458 0.265408 -0.292574 -0.0236828 0.932285 0.360948 -0.248034 -0.275715 -0.353138 0.894022 0.0665845
254 0.962831 -0.0779344 0.258615 -0.278324 -0.0211733 0.932745 0.359914 -0.245162 -0.269272 -0.352013 0.896426 0.0676627
255 0.962831 -0.0779343 0.258616 -0.278324 -0.021174 0.932745 0.359915 -0.245162 -0.269272 -0.352013 0.896426 0.067663
256 0.961723 -0.0798965 0.262118 -0.274775 -0.0214884 0.931616 0.362809 -0.246523 -0.27318 -0.354555 0.894239 0.0689559
257 0.960582 -0.0828627 0.265359 -0.271457 -0.0205256 0.930798 0.364958 -0.248579 -0.277237 -0.356019 0.892407 0.0704772
258 0.959734 -0.0848538 0.267787 -0.268229 -0.0193849 0.931008 0.364483 -0.250071 -0.28024 -0.354998 0.891876 0.0713594
259 0.959325 -0.0832583 0.269746 -0.264674 -0.0217842 0.930839 0.36478 -0.251308 -0.281461 -0.355819 0.891163 0.072445
260 0.963224 -0.0766454 0.257537 -0.246877 -0.0222786 0.932374 0.360808 -0.247281 -0.267775 -0.353276 0.896377 0.0747533
261 0.96322 -0.0766478 0.257552 -0.246889 -0.0222863 0.932368 0.360823 -0.247295 -0.26779 -0.353291 0.896367 0.0747519
262 0.962433 -0.076363 0.260559 -0.24361 -0.0240722 0.93186 0.362019 -0.248498 -0.27045 -0.354692 0.895014 0.0758823
263 0.961579 -0.0786835 0.263012 -0.240281 -0.0231046 0.931453 0.363128 -0.250132 -0.273555 -0.355253 0.893847 0.0773724
264 0.960732 -0.0825353 0.264919 -0.237005 -0.0199353 0.93174 0.362579 -0.251603 -0.276761 -0.353622 0.893507 0.078397
265 0.960698 -0.0826397 0.265009 -0.237095 -0.0198836 0.931722 0.362627 -0.251662 -0.276882 -0.353644 0.893461 0.0784118
266 0.959992 -0.0860359 0.266484 -0.234531 -0.0169549 0.932028 0.36199 -0.252764 -0.279514 -0.352026 0.89328 0.0790149
267 0.96035 -0.0878565 0.264591 -0.230511 -0.0147171 0.93175 0.362802 -0.253412 -0.278407 -0.352311 0.893514 0.079587
268 0.966677 -0.0851513 0.241421 -0.206393 -0.00801511 0.93253 0.361004 -0.250922 -0.255872 -0.35091 0.900773 0.0828236
269 0.966301 -0.0827643 0.243746 -0.202519 -0.0107566 0.933092 0.359476 -0.252714 -0.257189 -0.349984 0.900758 0.0837317
270 0.966303 -0.0827043 0.24376 -0.202528 -0.010765 0.933166 0.359284 -0.252578 -0.257183 -0.349802 0.900831 0.0837111
271 0.966091 -0.077597 0.246264 -0.200449 -0.0158698 0.934124 0.356596 -0.252886 -0.257712 -0.348413 0.901218 0.0833759
272 0.966392 -0.0759545 0.245597 -0.196439 -0.0175235 0.933671 0.357704 -0.253696 -0.256476 -0.349986 0.900961 0.0839743
273 0.966696 -0.0744852 0.244848 -0.191263 -0.0187462 0.933532 0.358003 -0.25554 -0.255239 -0.350671 0.901046 0.0856465
274 0.971034 -0.0646976 0.230017 -0.172018 -0.021251 0.935447 0.352829 -0.254535 -0.237996 -0.347497 0.906975 0.0872885
275 0.970994 -0.0646418 0.230201 -0.172197 -0.0213213 0.935519 0.352633 -0.254388 -0.238152 -0.347313 0.907005 0.0872059
276 0.971368 -0.0614573 0.229493 -0.170371 -0.023631 0.936179 0.350727 -0.254531 -0.236401 -0.346109 0.907923 0.086785
277 0.972568 -0.0624323 0.224082 -0.164556 -0.0212799 0.935392 0.352972 -0.256365 -0.231641 -0.348058 0.908404 0.0886042
278 0.973124 -0.061307 0.221969 -0.159117 -0.0208326 0.93652 0.349994 -0.25837 -0.229335 -0.345212 0.910073 0.0902367
279 0.972951 -0.0581013 0.223585 -0.156444 -0.0226565 0.939189 0.342652 -0.257948 -0.229897 -0.338449 0.912469 0.0894458
280 0.978783 -0.0565497 0.196944 -0.137149 -0.014993 0.93882 0.344083 -0.257672 -0.204352 -0.339735 0.918053 0.0903711
281 0.979329 -0.0543044 0.194848 -0.132968 -0.0160282 0.939425 0.342379 -0.258114 -0.201638 -0.338425 0.919136 0.0911384
282 0.982964 -0.0491479 0.177104 -0.111346 -0.0145428 0.939766 0.341509 -0.259924 -0.183221 -0.338266 0.923042 0.0921473
283 0.9835 -0.0451727 0.175175 -0.106703 -0.0167722 0.941384 0.336921 -0.261577 -0.180127 -0.3343 0.925094 0.0931342
284 0.984515 -0.0383777 0.171048 -0.102203 -0.020744 0.943381 0.331062 -0.261428 -0.174069 -0.329483 0.927977 0.093146
285 0.98459 -0.0384129 0.170607 -0.101894 -0.0205832 0.943341 0.331185 -0.261523 -0.173662 -0.329593 0.928014 0.0931172
286 0.985899 -0.0310944 0.164426 -0.0962686 -0.0249096 0.944368 0.327947 -0.262053 -0.165476 -0.327419 0.930277 0.0939632
287 0.987958 -0.0265138 0.152432 -0.0845608 -0.0249906 0.944925 0.326331 -0.264597 -0.152689 -0.326211 0.932884 0.0941443
288 0.989495 -0.022829 0.142757 -0.0779565 -0.0245331 0.946617 0.321427 -0.265751 -0.142474 -0.321552 0.936112 0.0950564
289 0.991012 -0.0146172 0.132974 -0.0706339 -0.0283453 0.948498 0.315511 -0.26603 -0.130738 -0.316444 0.939559 0.0956537
290 0.992726 -0.00712041 0.120184 -0.0596354 -0.0307518 0.95014 0.310303 -0.267597 -0.116401 -0.311742 0.94301 0.0953115
291 0.992725 -0.00710207 0.120193 -0.0596408 -0.0307701 0.950145 0.310286 -0.267582 -0.116405 -0.311727 0.943014 0.0953161
292 0.993643 -0.00174398 0.112564 -0.053171 -0.0327077 0.952277 0.303477 -0.26752 -0.107721 -0.305229 0.946167 0.0947686
293 0.994552 0.00435386 0.104155 -0.0466138 -0.0357193 0.952878 0.301244 -0.267504 -0.0979353 -0.303323 0.947842 0.0941754
294 0.995769 0.0091027 0.0914448 -0.0365813 -0.0367832 0.951372 0.30584 -0.269507 -0.0842141 -0.30791 0.947681 0.0934825
295 0.996696 0.0114049 0.0804225 -0.0292256 -0.0356732 0.950961 0.307248 -0.270344 -0.0729745 -0.309102 0.948225 0.0939861
296 0.997381 0.0138713 0.070991 -0.0219042 -0.0350845 0.951034 0.307088 -0.269984 -0.0632552 -0.308774 0.94903 0.0933526
297 0.997672 0.0181354 0.0657454 -0.0153591 -0.0377177 0.949877 0.310341 -0.272796 -0.0568219 -0.312098 0.948349 0.0915636
298 0.997729 0.018114 0.064877 -0.0146921 -0.0374344 0.949837 0.310496 -0.272872 -0.0559983 -0.312219 0.948358 0.0916989
299 0.997961 0.0251529 0.0586548 -0.00823398 -0.0420615 0.950434 0.308067 -0.27345 -0.0479988 -0.309907 0.949555 0.091296
300 0.998194 0.0294888 0.0523426 -0.000665826 -0.0440956 0.951347 0.304949 -0.275309 -0.0408034 -0.306706 0.950929 0.091849
301 0.998247 0.036001 0.0469705 0.00377479 -0.0485282 0.952227 0.30151 -0.275907 -0.0338719 -0.303261 0.952305 0.0899999
302 0.998106 0.0439593 0.0430417 0.00956953 -0.054914 0.952005 0.301118 -0.274781 -0.0277389 -0.302911 0.952615 0.088865
303 0.998189 0.0464012 0.0382875 0.0156777 -0.0558753 0.950955 0.304242 -0.275404 -0.0222925 -0.30583 0.951825 0.0891044
304 0.998576 0.0449471 0.0287205 0.0224334 -0.051612 0.950132 0.307546 -0.277331 -0.013465 -0.30859 0.9511 0.0891905
305 0.998577 0.0449432 0.0287104 0.0224402 -0.0516053 0.950132 0.307548 -0.277333 -0.0134564 -0.308592 0.951099 0.0891913
306 0.998763 0.0456398 0.0197139 0.028785 -0.0494978 0.949936 0.308499 -0.277036 -0.00464714 -0.309094 0.95102 0.0888692
307 0.998891 0.0447389 0.0147003 0.0343133 -0.047092 0.94966 0.309722 -0.278135 -0.00010365 -0.310071 0.950713 0.0893594
308 0.999097 0.0414737 0.00921177 0.0384707 -0.0422961 0.950616 0.307473 -0.279031 0.00399518 -0.307585 0.951512 0.0896912
309 0.999293 0.0375279 -0.00214326 0.0448727 -0.0350953 0.951902 0.304387 -0.279642 0.0134632 -0.304096 0.952546 0.0897972
310 0.999396 0.0331465 -0.0104804 0.0492659 -0.0284308 0.952791 0.302293 -0.279547 0.0200056 -0.301812 0.953158 0.0897006
311 0.999354 0.0306198 -0.0188409 0.0536579 -0.0235407 0.953397 0.3008 -0.279403 0.0271733 -0.300162 0.953501 0.0899209
312 0.999194 0.0298037 -0.0268791 0.0581283 -0.0203488 0.953476 0.300781 -0.279827 0.034593 -0.299992 0.953314 0.090568
313 0.999064 0.0300428 -0.0311278 0.0609592 -0.0193191 0.953637 0.300338 -0.279356 0.0387076 -0.299455 0.953325 0.091722
314 0.998863 0.0289872 -0.0378445 0.0650265 -0.0163975 0.954361 0.298205 -0.279496 0.0447614 -0.297245 0.953751 0.0921906
315 0.998453 0.0302965 -0.0466212 0.0710273 -0.0151458 0.954996 0.296232 -0.278569 0.0534979 -0.295068 0.953977 0.092023
316 0.998125 0.0326175 -0.0517852 0.0749835 -0.0155909 0.953742 0.300222 -0.279508 0.0591822 -0.298852 0.952462 0.0933666
317 0.997609 0.0351809 -0.0594918 0.07974 -0.0157602 0.953872 0.299799 -0.28069 0.0672947 -0.298144 0.952146 0.0950708
318 0.996843 0.038605 -0.0693873 0.0859182 -0.0164542 0.955318 0.295123 -0.280303 0.0776801 -0.293049 0.952936 0.0959828
319 0.996141 0.0453112 -0.0751646 0.0902957 -0.0214771 0.956234 0.291813 -0.27884 0.0850973 -0.289072 0.953518 0.0961307
320 0.995731 0.0479483 -0.0788658 0.0947802 -0.0227934 0.955752 0.29329 -0.280166 0.0894389 -0.290241 0.952765 0.0977803
321 0.99538 0.0466044 -0.0839431 0.09845 -0.020309 0.956709 0.290336 -0.280586 0.0938401 -0.28729 0.953236 0.0988207
322 0.99461 0.0443113 -0.0937441 0.10594 -0.0156472 0.957876 0.286757 -0.279346 0.102502 -0.283745 0.953406 0.0996617
323 0.994247 0.0464443 -0.0965137 0.110833 -0.0168439 0.957682 0.287336 -0.278319 0.105775 -0.284057 0.952955 0.101217
324 0.993764 0.0496621 -0.0998344 0.115615 -0.018876 0.957344 0.288333 -0.279043 0.109895 -0.28465 0.952312 0.103094
325 0.993286 0.0501701 -0.104235 0.120707 -0.018179 0.957561 0.287657 -0.279513 0.114243 -0.283831 0.952044 0.104879
326 0.992766 0.0485653 -0.109804 0.127706 -0.0152541 0.958149 0.285865 -0.279619 0.119092 -0.282122 0.951958 0.106103
327 0.99212 0.0511848 -0.114359 0.133269 -0.0167073 0.958642 0.284125 -0.280093 0.124172 -0.279976 0.951943 0.10834
328 0.991296 0.0559215 -0.119185 0.138012 -0.0202222 0.959237 0.28188 -0.281055 0.13009 -0.277016 0.952018 0.110336
329 0.990289 0.0598235 -0.125494 0.142985 -0.0228383 0.960421 0.277616 -0.280882 0.137135 -0.272054 0.95246 0.111827
330 0.990179 0.0594364 -0.126544 0.143992 -0.0221129 0.96032 0.278023 -0.28132 0.138047 -0.272494 0.952203 0.111547
331 0.988915 0.0648949 -0.133553 0.149982 -0.0259388 0.96111 0.274945 -0.281702 0.146202 -0.268433 0.952139 0.113974
332 0.987815 0.0724585 -0.137736 0.155623 -0.0327423 0.961957 0.271232 -0.281604 0.15215 -0.263418 0.952608 0.114931
333 0.986936 0.0792564 -0.140269 0.159131 -0.0386688 0.961712 0.271322 -0.281559 0.156403 -0.262353 0.952213 0.115343
334 0.985419 0.0796457 -0.150354 0.163801 -0.0352911 0.960133 0.277305 -0.284147 0.166446 -0.267956 0.948944 0.117436
335 0.98296 0.0823743 -0.164327 0.170568 -0.0341699 0.96027 0.276971 -0.285239 0.180614 -0.266637 0.946723 0.120559
336 0.979741 0.0970485 -0.175184 0.177404 -0.0459942 0.960397 0.274812 -0.285239 0.194916 -0.261187 0.945404 0.122692
337 0.977502 0.111637 -0.178963 0.180902 -0.0590976 0.959427 0.275695 -0.286307 0.20248 -0.258916 0.944439 0.12281
338 0.975755 0.115979 -0.185612 0.183616 -0.0608939 0.95843 0.278755 -0.288761 0.210226 -0.260694 0.942255 0.123215
339 0.971988 0.124117 -0.199587 0.188784 -0.064556 0.957516 0.281061 -0.289945 0.225992 -0.260303 0.938707 0.124843
340 0.967359 0.143636 -0.20877 0.194353 -0.0807425 0.955613 0.283343 -0.290412 0.240202 -0.257238 0.936019 0.126797
341 0.964 0.157582 -0.214178 0.196827 -0.0922456 0.953643 0.286455 -0.293283 0.249389 -0.256385 0.933848 0.127582
342 0.959669 0.166297 -0.226675 0.199281 -0.097043 0.952679 0.288071 -0.294782 0.263853 -0.254455 0.930395 0.128299
343 0.954064 0.177424 -0.241416 0.203041 -0.103526 0.951388 0.290076 -0.295079 0.281146 -0.251758 0.926053 0.128476
344 0.949006 0.192368 -0.249766 0.206074 -0.114486 0.948459 0.295499 -0.296436 0.293737 -0.251835 0.922116 0.129077
345 0.94391 0.202346 -0.260939 0.208373 -0.119838 0.946286 0.300303 -0.298569 0.307688 -0.252189 0.917458 0.130663
346 0.937667 0.211704 -0.275611 0.212396 -0.12515 0.945532 0.300511 -0.299693 0.324218 -0.247287 0.913089 0.131713
