16 0.999769 0.0166928 -0.013525 0.0188063 -0.0163275 0.999511 0.0266856 -0.0088816 0.0139639 -0.0264586 0.999552 0.0174316
17 0.999781 0.0172344 -0.0118735 0.0207359 -0.0168697 0.999403 0.0301575 -0.0098512 0.0123861 -0.0299506 0.999475 0.0193226
18 0.999739 0.0193089 -0.0121742 0.0231231 -0.0188975 0.999275 0.0330485 -0.0109108 0.0128035 -0.0328098 0.99938 0.0220514
19 0.999649 0.0236224 -0.0119997 0.0264651 -0.0231879 0.999113 0.0351388 -0.0126511 0.0128191 -0.0348483 0.99931 0.0253089
20 0.999643 0.0252499 -0.0087278 0.0275708 -0.0249198 0.999039 0.0360537 -0.0132856 0.00962976 -0.0358233 0.999312 0.0275106
21 0.999597 0.0268222 -0.00930395 0.0298059 -0.0264488 0.998921 0.038175 -0.0142776 0.0103179 -0.0379135 0.999228 0.0305123
22 0.999484 0.0305331 -0.00999448 0.0333952 -0.0300887 0.998667 0.0419461 -0.015988 0.0112619 -0.0416238 0.99907 0.0339733
23 0.999448 0.0322365 -0.00808463 0.0351641 -0.031844 0.998492 0.0447111 -0.0173841 0.00951377 -0.044429 0.998967 0.0383683
24 0.999526 0.0293157 -0.00935942 0.0386955 -0.0288388 0.998452 0.047564 -0.0178995 0.0107393 -0.0472715 0.998824 0.0403682
25 0.999631 0.0268173 -0.00423124 0.0450689 -0.0265053 0.997742 0.0617166 -0.0219246 0.00587676 -0.0615817 0.998085 0.0496005
26 0.999698 0.024377 -0.00314274 0.0483808 -0.0241202 0.997578 0.0652427 -0.0232827 0.00472555 -0.0651472 0.997864 0.0539975
27 0.999819 0.0190132 -0.000800394 0.0535226 -0.018907 0.997253 0.0716217 -0.0249678 0.00215995 -0.0715936 0.997432 0.0574033
28 0.99991 0.0123297 0.00537974 0.0571617 -0.0127191 0.996744 0.0796224 -0.0279603 -0.0043805 -0.0796836 0.996811 0.0629561
29 0.999871 0.00742688 0.0142249 0.0587103 -0.00857845 0.996539 0.0826838 -0.0310633 -0.0135616 -0.0827952 0.996474 0.0674638
30 0.999778 0.0053146 0.0203809 0.0621129 -0.00700079 0.996477 0.0835761 -0.0343475 -0.0198649 -0.0837002 0.996293 0.0713529
31 0.999546 -0.000494436 0.0301369 0.0669638 -0.00213957 0.996179 0.0873064 -0.0389185 -0.0300649 -0.0873312 0.995726 0.0779584
32 0.999463 -0.00687207 0.0320536 0.0713673 0.00381243 0.995512 0.0945557 -0.0416505 -0.0325596 -0.0943826 0.995003 0.0831623
33 0.999266 -0.0119154 0.0364068 0.075852 0.00803789 0.994455 0.104852 -0.0471965 -0.0374542 -0.104482 0.993821 0.086775
34 0.998889 -0.0170771 0.0439131 0.079272 0.0120149 0.993515 0.113061 -0.0523328 -0.0455591 -0.112407 0.992617 0.0928728
35 0.998355 -0.0227618 0.0526325 0.0818933 0.0165172 0.993092 0.116174 -0.0569116 -0.0549132 -0.115113 0.991833 0.0979831
36 0.997824 -0.0296916 0.0588652 0.0856992 0.0224993 0.992605 0.119285 -0.0593781 -0.0619716 -0.117701 0.991114 0.101789
37 0.997352 -0.0362886 0.0630234 0.0922227 0.0278739 0.991174 0.129605 -0.0673476 -0.0671704 -0.127506 0.989561 0.105843
38 0.996569 -0.0391752 0.0729074 0.0943251 0.0291617 0.990597 0.133665 -0.0724147 -0.0774583 -0.13108 0.988341 0.111054
39 0.996143 -0.0378859 0.0791446 0.0969523 0.0269255 0.990449 0.135226 -0.0775902 -0.0835119 -0.132574 0.987649 0.116505
40 0.995666 -0.0354212 0.0859865 0.099073 0.0236828 0.990714 0.133882 -0.0814885 -0.0899303 -0.131266 0.98726 0.11988
41 0.995375 -0.0331476 0.0901674 0.103425 0.0206863 0.990523 0.135779 -0.0858213 -0.0938136 -0.133286 0.986628 0.123365
42 0.994795 -0.0338618 0.0961064 0.105596 0.0203658 0.990211 0.138082 -0.0903473 -0.0998414 -0.135406 0.985747 0.128673
43 0.994278 -0.0368033 0.100284 0.108022 0.0226515 0.990066 0.138764 -0.0931885 -0.104395 -0.135698 0.985235 0.13187
44 0.993886 -0.0397671 0.103 0.110526 0.0247383 0.989374 0.143276 -0.095903 -0.107603 -0.139852 0.984308 0.134842
45 0.993626 -0.0387301 0.105868 0.113484 0.0226099 0.988514 0.149427 -0.0996042 -0.110439 -0.146081 0.983089 0.139115
46 0.99357 -0.0354537 0.107526 0.115438 0.0184086 0.987656 0.155552 -0.104409 -0.111713 -0.152572 0.981958 0.144646
47 0.99386 -0.0326509 0.105714 0.117227 0.015495 0.987123 0.159209 -0.107584 -0.109551 -0.156593 0.981569 0.147556
48 0.994277 -0.0280218 0.10309 0.121049 0.0108276 0.98645 0.163705 -0.109085 -0.106281 -0.161652 0.981108 0.147784
49 0.994295 -0.0258508 0.103481 0.124217 0.00754893 0.984808 0.173483 -0.111976 -0.106394 -0.171712 0.979385 0.152259
50 0.994362 -0.0257397 0.102871 0.126062 0.00651024 0.983082 0.183052 -0.115898 -0.105842 -0.18135 0.977706 0.157134
51 0.994825 -0.023464 0.0988586 0.130913 0.00414396 0.98153 0.191264 -0.118805 -0.10152 -0.189864 0.976548 0.161608
52 0.994678 -0.0188444 0.10129 0.134743 -0.00156218 0.980259 0.197712 -0.122471 -0.103017 -0.196818 0.975013 0.164968
53 0.994415 -0.0130138 0.104737 0.136296 -0.00847213 0.979324 0.202122 -0.12676 -0.105201 -0.201881 0.973744 0.170638
54 0.994792 -0.00533006 0.101789 0.138947 -0.0153852 0.979338 0.201642 -0.129974 -0.100761 -0.202158 0.974156 0.174472
55 0.995111 0.000112136 0.0987654 0.142751 -0.0201607 0.979174 0.202017 -0.131592 -0.0966859 -0.203021 0.974389 0.174128
56 0.995385 0.00165546 0.0959496 0.147853 -0.0217324 0.977763 0.208583 -0.134615 -0.0934707 -0.209706 0.973287 0.179121
57 0.995674 0.00687937 0.0926594 0.151465 -0.0265642 0.976706 0.212932 -0.138246 -0.0890361 -0.214472 0.972663 0.183475
58 0.995882 0.0160215 0.089229 0.155418 -0.0347678 0.976497 0.212708 -0.141038 -0.0837239 -0.214934 0.973033 0.186612
59 0.995964 0.022504 0.0868892 0.15936 -0.0404956 0.976594 0.211245 -0.143697 -0.0801016 -0.213911 0.973563 0.189337
60 0.996006 0.0292071 0.0843773 0.163623 -0.0463654 0.976774 0.209197 -0.146499 -0.0763075 -0.212274 0.974226 0.191302
61 0.996183 0.0354966 0.0797433 0.168775 -0.0515449 0.976504 0.209242 -0.150163 -0.0704423 -0.212554 0.974607 0.194374
62 0.996351 0.0417508 0.0744368 0.172331 -0.0564922 0.976386 0.208515 -0.153147 -0.0639734 -0.211959 0.975182 0.196302
63 0.996455 0.0515374 0.0664945 0.17766 -0.064286 0.976297 0.206668 -0.155658 -0.0542672 -0.21021 0.976149 0.197707
64 0.9961 0.0624049 0.0623743 0.182902 -0.0739564 0.976064 0.20452 -0.158106 -0.0481183 -0.208336 0.976873 0.198526
65 0.996005 0.06907 0.0565937 0.189135 -0.0792845 0.97562 0.204647 -0.161115 -0.0410789 -0.208317 0.977198 0.201403
66 0.995514 0.0799002 0.0506791 0.194895 -0.088595 0.975199 0.202824 -0.163553 -0.0332165 -0.206404 0.977903 0.201784
67 0.995012 0.0882613 0.0464846 0.200939 -0.095886 0.974745 0.201688 -0.16563 -0.0275094 -0.205139 0.978346 0.202463
68 0.994605 0.0951558 0.0412955 0.207334 -0.101548 0.97443 0.200435 -0.168242 -0.021167 -0.203548 0.978836 0.203893
69 0.993875 0.10509 0.0341881 0.21559 -0.109795 0.974152 0.197414 -0.170693 -0.0125583 -0.199958 0.979724 0.205311
70 0.993097 0.113474 0.0296813 0.222216 -0.117099 0.973706 0.195411 -0.17232 -0.0067267 -0.197538 0.980272 0.204852
71 0.992483 0.120239 0.0227876 0.229471 -0.122372 0.972966 0.195861 -0.174189 0.00137858 -0.197177 0.980367 0.204922
72 0.991387 0.129997 0.0158852 0.237014 -0.130572 0.971758 0.196563 -0.176739 0.010116 -0.196944 0.980363 0.204864
73 0.990731 0.135536 0.00904121 0.244379 -0.134652 0.971134 0.196897 -0.178118 0.0179063 -0.196289 0.980383 0.205188
74 0.990288 0.139029 0.000323588 0.251905 -0.136355 0.970784 0.197449 -0.179473 0.0271371 -0.195576 0.980313 0.205384
75 0.989192 0.146401 -0.00811274 0.259333 -0.141967 0.970133 0.196689 -0.180683 0.0366658 -0.193411 0.980432 0.204471
76 0.988389 0.151145 -0.0155555 0.267072 -0.145248 0.969928 0.1953 -0.181525 0.0446064 -0.190773 0.98062 0.204681
77 0.987824 0.153694 -0.0241245 0.274635 -0.146156 0.969924 0.194641 -0.182112 0.0533143 -0.188746 0.980578 0.204161
78 0.9865 0.160727 -0.0313904 0.280594 -0.151715 0.969137 0.19431 -0.182655 0.0616525 -0.186925 0.980438 0.202128
79 0.985098 0.167211 -0.0402812 0.289122 -0.156421 0.968368 0.194409 -0.183293 0.0715143 -0.185211 0.980093 0.201981
80 0.984128 0.171211 -0.0466691 0.296122 -0.159181 0.96794 0.194301 -0.183611 0.0784394 -0.183788 0.979831 0.201797
81 0.983078 0.174892 -0.0544963 0.303914 -0.161315 0.967477 0.194848 -0.184094 0.0868013 -0.18276 0.979318 0.200602
82 0.983078 0.174889 -0.0545135 0.303927 -0.16131 0.967479 0.194843 -0.184088 0.0868166 -0.182752 0.979318 0.200604
83 0.982003 0.178869 -0.0606241 0.311162 -0.163885 0.966573 0.197176 -0.184366 0.0938662 -0.183692 0.978492 0.200302
84 0.981056 0.182173 -0.0658933 0.318145 -0.165887 0.965666 0.199928 -0.18457 0.100052 -0.18521 0.977592 0.200942
85 0.980192 0.185505 -0.0693635 0.323266 -0.168377 0.964952 0.201286 -0.185728 0.104272 -0.18562 0.977074 0.201705
86 0.979509 0.187004 -0.074776 0.329884 -0.168931 0.965018 0.200507 -0.186675 0.109656 -0.183767 0.976834 0.202615
87 0.979247 0.186384 -0.0795971 0.336591 -0.167575 0.965516 0.19924 -0.187307 0.113987 -0.181767 0.976713 0.203142
88 0.978953 0.185883 -0.0842573 0.342757 -0.166391 0.965999 0.197887 -0.188404 0.118176 -0.179702 0.976597 0.203575
89 0.978117 0.18833 -0.0884248 0.349756 -0.168317 0.966097 0.195771 -0.189794 0.122296 -0.176604 0.976655 0.203965
90 0.977313 0.191408 -0.0906774 0.355256 -0.171417 0.966277 0.192159 -0.191013 0.1244 -0.172255 0.977166 0.205142
91 0.977313 0.191412 -0.0906725 0.355251 -0.171423 0.966276 0.192157 -0.19101 0.124396 -0.172254 0.977166 0.205145
92 0.977274 0.18951 -0.094983 0.36135 -0.169059 0.967097 0.190111 -0.191864 0.127886 -0.169733 0.977157 0.205734
93 0.977057 0.188585 -0.0989755 0.368385 -0.167514 0.967446 0.189701 -0.193089 0.131528 -0.168769 0.97684 0.206622
94 0.976751 0.189345 -0.100528 0.374777 -0.168046 0.96742 0.189367 -0.195392 0.133109 -0.168071 0.976747 0.208856
95 0.976541 0.188613 -0.103886 0.38011 -0.16703 0.967987 0.187357 -0.196731 0.135898 -0.165609 0.976783 0.210036
96 0.97542 0.190767 -0.110293 0.387869 -0.168024 0.967724 0.187827 -0.197147 0.142565 -0.164679 0.97599 0.21095
97 0.974829 0.19259 -0.112329 0.393379 -0.168943 0.96684 0.191519 -0.198547 0.145489 -0.167721 0.97504 0.213551
98 0.974413 0.192847 -0.115455 0.397878 -0.168326 0.966504 0.193744 -0.200812 0.148951 -0.169352 0.974235 0.216061
99 0.974413 0.19284 -0.115466 0.397887 -0.168317 0.966506 0.193741 -0.20081 0.148959 -0.169349 0.974234 0.216059
100 0.973477 0.193932 -0.121382 0.404172 -0.1684 0.966512 0.193639 -0.202306 0.15487 -0.168062 0.973535 0.218608
101 0.97266 0.195046 -0.126049 0.411257 -0.168579 0.966322 0.194428 -0.203907 0.159727 -0.167863 0.972784 0.22094
102 0.972092 0.196641 -0.127943 0.417309 -0.169751 0.966011 0.194956 -0.206113 0.161931 -0.167797 0.972431 0.22446
103 0.972147 0.194635 -0.130566 0.423557 -0.167739 0.966875 0.192399 -0.207833 0.163688 -0.165139 0.972592 0.228429
104 0.971891 0.193584 -0.133992 0.43081 -0.166786 0.967811 0.188477 -0.209229 0.166165 -0.160831 0.972894 0.230151
105 0.971478 0.194772 -0.135258 0.439817 -0.167337 0.967234 0.190939 -0.209748 0.168016 -0.162859 0.972238 0.231564
106 0.971723 0.194582 -0.133763 0.438989 -0.167365 0.967191 0.191128 -0.209948 0.166565 -0.163336 0.972408 0.230888
107 0.97271 0.194007 -0.127266 0.443904 -0.167094 0.966282 0.195904 -0.213389 0.160982 -0.169292 0.97233 0.235708
108 0.974429 0.187961 -0.123119 0.450593 -0.162071 0.967466 0.194277 -0.216403 0.15563 -0.169355 0.97319 0.238561
109 0.975342 0.185469 -0.119622 0.456643 -0.160754 0.96839 0.190735 -0.219756 0.151216 -0.166803 0.974326 0.239924
110 0.97528 0.187282 -0.117282 0.463829 -0.163622 0.968763 0.186349 -0.223191 0.148518 -0.162552 0.975458 0.240873
111 0.975285 0.190221 -0.112402 0.470255 -0.167841 0.968678 0.183009 -0.226482 0.143694 -0.159621 0.976664 0.241344
112 0.975529 0.191376 -0.108248 0.476654 -0.169752 0.968463 0.182382 -0.229407 0.139738 -0.159543 0.977251 0.241909
113 0.975516 0.191404 -0.108321 0.476716 -0.169755 0.968446 0.182473 -0.229493 0.139829 -0.159618 0.977226 0.241901
114 0.975535 0.193301 -0.104724 0.481239 -0.172101 0.967869 0.18333 -0.232942 0.136797 -0.160822 0.977457 0.243955
115 0.975778 0.193431 -0.10219 0.486359 -0.172718 0.96786 0.182797 -0.23667 0.134264 -0.160719 0.977825 0.245911
116 0.976166 0.192054 -0.101066 0.493397 -0.171656 0.968216 0.18191 -0.239311 0.13279 -0.160226 0.978108 0.245817
117 0.976143 0.192909 -0.0996542 0.500553 -0.172267 0.967452 0.185364 -0.242017 0.132169 -0.163774 0.977604 0.247146
118 0.976724 0.193419 -0.0927351 0.502741 -0.173652 0.966795 0.187488 -0.245009 0.12592 -0.16702 0.97788 0.250131
119 0.977049 0.191977 -0.0923035 0.506563 -0.172694 0.967564 0.184379 -0.246615 0.124706 -0.164207 0.978511 0.251983
120 0.977039 0.191993 -0.0923725 0.506611 -0.172695 0.967558 0.184411 -0.246644 0.124781 -0.164225 0.978499 0.251989
121 0.976763 0.192565 -0.0940902 0.513918 -0.172842 0.967334 0.185445 -0.250523 0.126727 -0.164873 0.97814 0.252852
122 0.977263 0.191577 -0.0908631 0.516425 -0.172611 0.96769 0.1838 -0.251266 0.123139 -0.163937 0.978755 0.254967
123 0.977257 0.19029 -0.0935848 0.520004 -0.171209 0.968416 0.181267 -0.252628 0.125122 -0.161122 0.978971 0.256035
124 0.976677 0.190103 -0.099818 0.526182 -0.170015 0.968633 0.181231 -0.254553 0.13114 -0.160034 0.978362 0.256714
125 0.975004 0.196467 -0.103768 0.528549 -0.175449 0.967336 0.182972 -0.258119 0.136326 -0.160192 0.977627 0.259022
126 0.973516 0.200882 -0.109147 0.530742 -0.179313 0.967084 0.180544 -0.259596 0.141822 -0.156191 0.977492 0.261531
127 0.971862 0.205488 -0.11515 0.533028 -0.183332 0.966806 0.177976 -0.261767 0.147899 -0.151857 0.977274 0.263539
128 0.969455 0.209272 -0.127917 0.539297 -0.185609 0.966889 0.175141 -0.264773 0.160334 -0.146049 0.976198 0.266629
129 0.969456 0.209288 -0.127885 0.539266 -0.185628 0.966884 0.17515 -0.264777 0.160306 -0.146061 0.976201 0.266637
130 0.968332 0.210431 -0.13436 0.541652 -0.186503 0.967448 0.171059 -0.266904 0.165983 -0.140583 0.976056 0.269049
131 0.966863 0.209632 -0.145707 0.546894 -0.185198 0.96877 0.164882 -0.267801 0.175721 -0.132434 0.975491 0.269491
132 0.963967 0.215292 -0.156259 0.550527 -0.190146 0.968421 0.161263 -0.270231 0.186043 -0.12574 0.974463 0.271976
133 0.961886 0.217526 -0.165705 0.55457 -0.192465 0.969013 0.154828 -0.271568 0.194249 -0.117034 0.973946 0.27354
134 0.959424 0.217809 -0.179067 0.559332 -0.192708 0.970109 0.147487 -0.271552 0.205838 -0.106995 0.972719 0.273214
135 0.955123 0.225516 -0.192051 0.563066 -0.199898 0.969189 0.143922 -0.27383 0.21859 -0.0990725 0.970774 0.275097
136 0.955114 0.225523 -0.192087 0.563099 -0.199896 0.969186 0.143946 -0.273854 0.218631 -0.0990877 0.970764 0.275095
137 0.951823 0.230597 -0.202136 0.565412 -0.205662 0.968987 0.136992 -0.274041 0.227457 -0.0888207 0.969729 0.275805
138 0.94742 0.233332 -0.218979 0.571448 -0.208337 0.969197 0.131348 -0.273993 0.242881 -0.0788204 0.966848 0.276929
139 0.941987 0.241235 -0.233381 0.575243 -0.215747 0.967814 0.12957 -0.275981 0.257126 -0.0717016 0.963714 0.277896
140 0.938025 0.246882 -0.243226 0.576708 -0.221416 0.966817 0.127439 -0.276829 0.266617 -0.0656866 0.961561 0.279053
141 0.932646 0.251919 -0.258281 0.582189 -0.225998 0.965935 0.126072 -0.27818 0.281242 -0.0592092 0.957808 0.279455
142 0.928421 0.257599 -0.267726 0.585062 -0.230782 0.964578 0.127786 -0.280317 0.29116 -0.0568528 0.954984 0.27969
143 0.925289 0.259849 -0.276258 0.588386 -0.231702 0.963972 0.130661 -0.281665 0.300257 -0.0568894 0.95216 0.280198
144 0.921558 0.263068 -0.285526 0.592335 -0.234206 0.963244 0.131562 -0.282234 0.309641 -0.0543699 0.949298 0.280791
145 0.918081 0.268891 -0.291246 0.594815 -0.239177 0.961695 0.133933 -0.28388 0.316103 -0.053302 0.947227 0.281395
146 0.916172 0.267926 -0.298068 0.596517 -0.240046 0.962387 0.127238 -0.280557 0.320947 -0.0450215 0.946026 0.282064
147 0.911189 0.267998 -0.312909 0.600992 -0.241526 0.962786 0.121276 -0.280204 0.333766 -0.0349296 0.942008 0.28121
148 0.905139 0.27449 -0.324622 0.605287 -0.24498 0.960855 0.129393 -0.285445 0.347432 -0.0375928 0.936951 0.280515
149 0.903274 0.273682 -0.330446 0.606832 -0.241961 0.960925 0.134457 -0.286017 0.354332 -0.0414958 0.934198 0.28165
150 0.900621 0.26831 -0.341895 0.60848 -0.237016 0.962621 0.13109 -0.283419 0.364288 -0.0370273 0.93055 0.283512
151 0.896586 0.263312 -0.356091 0.610091 -0.231973 0.964148 0.128866 -0.284917 0.377257 -0.0329361 0.925523 0.284577
152 0.89395 0.245267 -0.375097 0.615045 -0.212189 0.968836 0.1278 -0.283933 0.394753 -0.0346554 0.918133 0.285409
153 0.885541 0.236418 -0.399905 0.620003 -0.20142 0.971095 0.128078 -0.284683 0.418626 -0.0328698 0.907564 0.287724
154 0.874143 0.250212 -0.416255 0.622772 -0.213477 0.967793 0.133436 -0.290411 0.436236 -0.0277811 0.899404 0.294636
155 0.869851 0.271853 -0.411649 0.621251 -0.235318 0.962058 0.138095 -0.294237 0.433572 -0.0232534 0.900819 0.296548
156 0.867997 0.275094 -0.413406 0.622695 -0.239574 0.961219 0.136611 -0.291714 0.434955 -0.0195368 0.90024 0.296898
157 0.861348 0.272023 -0.429049 0.62525 -0.235789 0.962148 0.136652 -0.289731 0.449981 -0.0165402 0.892885 0.297825
158 0.849918 0.278565 -0.447259 0.625231 -0.240989 0.96035 0.140186 -0.292553 0.468576 -0.0113618 0.88335 0.302139
159 0.840609 0.291577 -0.456464 0.625208 -0.25059 0.956481 0.149497 -0.296651 0.480189 -0.0112836 0.877092 0.306247
160 0.832325 0.310603 -0.459087 0.625031 -0.266234 0.950473 0.160377 -0.300226 0.486163 -0.011261 0.873795 0.309975
161 0.825142 0.330467 -0.458183 0.62349 -0.284018 0.94377 0.169211 -0.303481 0.488338 -0.00949097 0.872603 0.312561
162 0.820028 0.339145 -0.461015 0.622783 -0.290462 0.940682 0.175354 -0.303457 0.493139 -0.00988766 0.869895 0.315372
163 0.812119 0.346687 -0.46933 0.621446 -0.295352 0.937938 0.181771 -0.304928 0.50322 -0.00900198 0.864111 0.319236
164 0.802687 0.359153 -0.476133 0.618865 -0.306287 0.933267 0.18762 -0.307566 0.511743 -0.00476706 0.859125 0.323259
165 0.792486 0.376465 -0.479834 0.616003 -0.322011 0.926431 0.195025 -0.313981 0.517953 -4.24916e-05 0.855409 0.32658
166 0.783134 0.389672 -0.48462 0.614511 -0.335553 0.920924 0.198249 -0.318879 0.52355 0.00736061 0.851963 0.330814
167 0.771665 0.406748 -0.488967 0.611155 -0.35392 0.913368 0.201247 -0.321015 0.528463 0.0177601 0.848771 0.334518
168 0.758619 0.426085 -0.492899 0.606923 -0.374379 0.904229 0.205453 -0.323627 0.533234 0.0286703 0.845482 0.338044
169 0.747643 0.443152 -0.494617 0.601153 -0.390882 0.895761 0.211716 -0.325694 0.536881 0.0350487 0.84293 0.34202
170 0.735365 0.458208 -0.499283 0.596619 -0.405724 0.887812 0.217205 -0.328164 0.542794 0.042846 0.838772 0.345531
171 0.722168 0.474244 -0.503554 0.589494 -0.418204 0.879204 0.228266 -0.334778 0.550981 0.0457415 0.833264 0.351734
172 0.712567 0.483629 -0.508283 0.582659 -0.428043 0.873679 0.231224 -0.336643 0.555902 0.0528044 0.829569 0.35622
173 0.704965 0.489782 -0.512969 0.576847 -0.4341 0.869934 0.234035 -0.338613 0.560876 0.0576938 0.825887 0.35809
174 0.697462 0.495798 -0.517427 0.57121 -0.438478 0.866355 0.239096 -0.339505 0.566819 0.0601196 0.821646 0.362244
175 0.689114 0.502921 -0.521721 0.566797 -0.440888 0.862352 0.248932 -0.345165 0.5751 0.0584784 0.81599 0.367306
176 0.683143 0.509164 -0.523514 0.560451 -0.444055 0.858729 0.255735 -0.346605 0.579768 0.0577656 0.812732 0.369296
177 0.67868 0.513865 -0.524725 0.553074 -0.44414 0.856178 0.264007 -0.347521 0.584922 0.0538751 0.809298 0.371916
178 0.67194 0.520253 -0.5271 0.544827 -0.447131 0.852341 0.271272 -0.347679 0.590399 0.0534045 0.805343 0.375832
179 0.66334 0.528712 -0.52957 0.539759 -0.449169 0.847332 0.283329 -0.354267 0.598521 0.0499228 0.79955 0.379316
180 0.656081 0.538758 -0.528486 0.535287 -0.455442 0.841026 0.291971 -0.35479 0.601773 0.0491379 0.797154 0.381455
181 0.651229 0.551158 -0.521656 0.524791 -0.462894 0.833213 0.302464 -0.355588 0.601357 0.0444983 0.797741 0.384252
182 0.647749 0.558943 -0.517692 0.513032 -0.466557 0.82822 0.310446 -0.356643 0.602284 0.0404422 0.797257 0.385705
183 0.641283 0.566199 -0.517857 0.503246 -0.466467 0.823544 0.322777 -0.360113 0.609234 0.0345717 0.792237 0.385837
184 0.631884 0.573432 -0.521439 0.494894 -0.467281 0.818603 0.333971 -0.359096 0.618361 0.0326274 0.785216 0.390432
185 0.623601 0.581353 -0.522637 0.48724 -0.472821 0.812896 0.34006 -0.357986 0.622545 0.0350517 0.781799 0.395021
186 0.61761 0.591905 -0.517887 0.475944 -0.483694 0.80509 0.343324 -0.356873 0.62016 0.0384585 0.783532 0.39613
187 0.612064 0.598874 -0.516457 0.467167 -0.489568 0.799829 0.34727 -0.356653 0.621048 0.0402896 0.782736 0.398106
188 0.606136 0.605487 -0.515737 0.458166 -0.494888 0.794734 0.351403 -0.356132 0.622644 0.0422341 0.781365 0.400196
189 0.600122 0.612373 -0.514638 0.449179 -0.498148 0.789495 0.358534 -0.357284 0.625861 0.0412022 0.778846 0.402775
190 0.59189 0.619468 -0.515681 0.441501 -0.504036 0.783725 0.362935 -0.355308 0.628979 0.0451043 0.776113 0.40685
191 0.584605 0.627522 -0.51425 0.433241 -0.511896 0.777048 0.366277 -0.354271 0.629444 0.0491153 0.775492 0.411858
192 0.584663 0.631697 -0.509047 0.425278 -0.513904 0.773896 0.370118 -0.354622 0.627751 0.0452072 0.7771 0.410851
193 0.578705 0.639098 -0.506611 0.414053 -0.514615 0.768076 0.381092 -0.355161 0.632671 0.0401699 0.773379 0.413662
194 0.569209 0.642802 -0.512647 0.405121 -0.51492 0.764793 0.387233 -0.354069 0.640983 0.0435561 0.766318 0.417862
195 0.562924 0.643586 -0.51857 0.400754 -0.514596 0.763891 0.389438 -0.352208 0.646767 0.0476301 0.761199 0.421616
196 0.556663 0.649859 -0.517503 0.394239 -0.522122 0.758217 0.390507 -0.349864 0.646154 0.0528193 0.761377 0.426028
197 0.554086 0.654187 -0.514809 0.385968 -0.527801 0.754304 0.390451 -0.350245 0.64375 0.0553733 0.76323 0.430403
198 0.557475 0.653191 -0.512408 0.379697 -0.525685 0.75545 0.391089 -0.350831 0.642555 0.0513425 0.764517 0.428313
199 0.555021 0.654397 -0.513532 0.373358 -0.522506 0.754624 0.396901 -0.349859 0.647255 0.0480352 0.760759 0.430552
200 0.55185 0.653852 -0.517628 0.366592 -0.519363 0.755096 0.400115 -0.348782 0.652475 0.0480335 0.756287 0.435646
201 0.551812 0.652619 -0.519222 0.36024 -0.515913 0.756296 0.402307 -0.348787 0.655239 0.0458754 0.754028 0.437455
202 0.552724 0.650162 -0.521331 0.355765 -0.511707 0.758534 0.403462 -0.348019 0.657763 0.043766 0.751952 0.43977
203 0.553194 0.648368 -0.523063 0.351703 -0.509301 0.760103 0.403553 -0.347124 0.659233 0.0431534 0.750699 0.442503
204 0.553209 0.648967 -0.522305 0.348132 -0.509165 0.75965 0.404578 -0.3465 0.659326 0.0421234 0.750676 0.444273
205 0.55312 0.650843 -0.52006 0.343385 -0.510596 0.758097 0.405685 -0.345526 0.658293 0.041148 0.751636 0.448067
206 0.554409 0.65192 -0.517331 0.338205 -0.510189 0.757338 0.407611 -0.345862 0.657524 0.0379527 0.752477 0.449254
207 0.547171 0.657131 -0.518443 0.333565 -0.515785 0.752529 0.40947 -0.344568 0.659219 0.0433545 0.7507 0.454983
208 0.547368 0.658302 -0.516746 0.32964 -0.518251 0.75145 0.408337 -0.344065 0.657118 0.0442933 0.752485 0.456555
209 0.550834 0.65795 -0.513502 0.322859 -0.513928 0.752167 0.41246 -0.345019 0.657617 0.0367054 0.752458 0.458646
210 0.549553 0.65518 -0.518392 0.316476 -0.508539 0.754626 0.414642 -0.344976 0.662857 0.035755 0.747892 0.463117
211 0.54893 0.650617 -0.52476 0.311491 -0.503226 0.758514 0.414028 -0.344968 0.667412 0.0368005 0.743779 0.465125
212 0.542967 0.651915 -0.529334 0.307009 -0.505213 0.757099 0.414199 -0.344085 0.670781 0.0425301 0.740435 0.468596
213 0.533895 0.658972 -0.529823 0.293512 -0.513969 0.750471 0.415486 -0.343524 0.67141 0.0504867 0.739364 0.474019
214 0.531512 0.661304 -0.529313 0.285811 -0.515805 0.748357 0.417021 -0.3439 0.671893 0.0513705 0.738865 0.472972
215 0.528392 0.661923 -0.531657 0.277692 -0.512074 0.747961 0.422296 -0.343256 0.677187 0.0491102 0.734171 0.474074
216 0.518664 0.663189 -0.539599 0.269133 -0.510322 0.746507 0.426964 -0.341729 0.685973 0.0539182 0.725627 0.47916
217 0.510874 0.663968 -0.546035 0.261856 -0.510435 0.745377 0.428799 -0.340153 0.691711 0.0596528 0.719707 0.479561
218 0.502002 0.665832 -0.551961 0.256023 -0.50982 0.74335 0.433029 -0.337635 0.698625 0.0640192 0.712618 0.481935
219 0.490289 0.670702 -0.556574 0.247894 -0.511315 0.738501 0.439514 -0.335211 0.705814 0.0690959 0.70502 0.487792
220 0.481989 0.674497 -0.559231 0.239477 -0.513536 0.734614 0.443423 -0.333625 0.709907 0.0734603 0.700454 0.489921
221 0.473714 0.678349 -0.561638 0.23189 -0.514741 0.730728 0.448418 -0.331426 0.714588 0.076676 0.69533 0.48988
222 0.460711 0.683641 -0.566021 0.223169 -0.513614 0.72546 0.458158 -0.328936 0.723842 0.079638 0.685355 0.495517
223 0.452359 0.686268 -0.569567 0.214099 -0.511227 0.722839 0.46492 -0.326757 0.730765 0.0808674 0.677822 0.498191
224 0.434422 0.691024 -0.577723 0.19642 -0.504579 0.718023 0.479419 -0.321199 0.746108 0.0832368 0.660601 0.504711
225 0.42404 0.692928 -0.58313 0.187987 -0.504645 0.715445 0.48319 -0.317478 0.752013 0.0893819 0.65306 0.510163
226 0.416173 0.692522 -0.589248 0.179686 -0.503523 0.715124 0.484832 -0.315375 0.757142 0.0949259 0.646316 0.513983
227 0.413206 0.692515 -0.591341 0.170377 -0.499793 0.71529 0.488434 -0.314943 0.761228 0.0937249 0.641676 0.512575
228 0.404888 0.690589 -0.599293 0.162089 -0.494035 0.71674 0.492153 -0.312409 0.769412 0.0968052 0.631374 0.515389
229 0.39882 0.689922 -0.60411 0.15468 -0.491059 0.717032 0.494698 -0.309929 0.77447 0.0993581 0.62476 0.516619
230 0.391886 0.69125 -0.607123 0.147331 -0.489733 0.715378 0.498392 -0.307309 0.778837 0.102016 0.618875 0.518378
231 0.385395 0.692804 -0.609502 0.138822 -0.488175 0.713601 0.502453 -0.305677 0.783043 0.103901 0.613228 0.521685
232 0.375426 0.694712 -0.613539 0.123127 -0.488047 0.710929 0.50635 -0.302611 0.78795 0.109339 0.605954 0.524572
233 0.368147 0.694742 -0.617901 0.116241 -0.491271 0.709581 0.505122 -0.300136 0.78938 0.117598 0.602537 0.526934
234 0.365933 0.694047 -0.619993 0.108959 -0.493711 0.709502 0.502848 -0.298642 0.788886 0.122089 0.602289 0.526614
235 0.363514 0.694061 -0.621399 0.100789 -0.49211 0.709434 0.50451 -0.297429 0.791003 0.1224 0.599444 0.527009
236 0.357683 0.692184 -0.626852 0.0943227 -0.490981 0.710387 0.50427 -0.295237 0.794355 0.127404 0.593943 0.530479
237 0.357463 0.689288 -0.63016 0.0871956 -0.490415 0.712767 0.501454 -0.293961 0.794804 0.129789 0.592825 0.530425
238 0.355945 0.688604 -0.631766 0.0797699 -0.490111 0.713163 0.501189 -0.292408 0.795672 0.13124 0.591339 0.530165
239 0.352293 0.68846 -0.633966 0.0718236 -0.48888 0.713001 0.50262 -0.291254 0.798052 0.132863 0.587759 0.532691
240 0.352946 0.68297 -0.639516 0.0569013 -0.482583 0.718454 0.500936 -0.288902 0.801588 0.131816 0.583165 0.532727
241 0.347833 0.682796 -0.642497 0.0487258 -0.479713 0.718403 0.503758 -0.28705 0.805536 0.13299 0.577431 0.533899
242 0.342368 0.682036 -0.646228 0.0437299 -0.482161 0.717861 0.502192 -0.283212 0.806415 0.139652 0.574624 0.535234
243 0.33959 0.684605 -0.644976 0.0366503 -0.485279 0.714937 0.503358 -0.282024 0.805719 0.142058 0.57501 0.535317
244 0.336351 0.686898 -0.644235 0.0284097 -0.487518 0.712296 0.504935 -0.280177 0.805726 0.144241 0.574457 0.536327
245 0.334257 0.685997 -0.646282 0.0211508 -0.487169 0.712769 0.504606 -0.278367 0.806808 0.146181 0.572444 0.536286
246 0.335403 0.687396 -0.644198 0.0117224 -0.483798 0.71243 0.508314 -0.278748 0.808359 0.141172 0.571512 0.533643
247 0.330904 0.687012 -0.646929 0.00407456 -0.480292 0.712726 0.511215 -0.276693 0.812294 0.141552 0.56581 0.535526
248 0.327171 0.683756 -0.652255 -0.00116932 -0.480326 0.714755 0.508343 -0.273552 0.813785 0.146979 0.562273 0.535512
249 0.323295 0.681474 -0.656562 -0.0166473 -0.474669 0.717006 0.510482 -0.271595 0.818639 0.146613 0.555279 0.534353
250 0.325806 0.680888 -0.655928 -0.0242413 -0.469682 0.718681 0.512734 -0.270515 0.820517 0.141026 0.553952 0.530025
251 0.321841 0.682371 -0.656345 -0.0300793 -0.468967 0.717107 0.515584 -0.26673 0.822489 0.141868 0.550804 0.530191
252 0.318698 0.681826 -0.658441 -0.035932 -0.470824 0.716779 0.514347 -0.262179 0.822652 0.146088 0.549456 0.529599
253 0.320286 0.680775 -0.658758 -0.0438553 -0.466762 0.718529 0.515606 -0.260484 0.824348 0.142342 0.547895 0.527808
254 0.319836 0.681396 -0.658334 -0.0514668 -0.45873 0.719328 0.521664 -0.259391 0.829019 0.135151 0.542644 0.526313
255 0.317069 0.683391 -0.657605 -0.0568435 -0.454222 0.718108 0.52726 -0.254666 0.832556 0.131521 0.538101 0.523417
256 0.313835 0.681901 -0.660696 -0.0613145 -0.456691 0.718482 0.524611 -0.248077 0.832431 0.137092 0.536903 0.521231
257 0.313641 0.680822 -0.6619 -0.0679465 -0.457928 0.719106 0.522675 -0.246038 0.831824 0.139171 0.537308 0.517937
258 0.312431 0.674792 -0.668612 -0.0809588 -0.452435 0.724592 0.519874 -0.242084 0.835278 0.140078 0.531685 0.517961
259 0.314294 0.672022 -0.670527 -0.0875464 -0.449817 0.727417 0.518198 -0.237719 0.835993 0.138748 0.53091 0.513675
260 0.314685 0.67038 -0.671985 -0.0924739 -0.448437 0.728962 0.517222 -0.234839 0.836587 0.138581 0.530016 0.509683
261 0.318644 0.669059 -0.671435 -0.0973628 -0.448346 0.730493 0.515136 -0.231225 0.835136 0.13689 0.532737 0.505129
262 0.322102 0.669577 -0.669266 -0.105044 -0.443729 0.731258 0.518041 -0.228538 0.836274 0.130111 0.53265 0.503884
263 0.325397 0.668563 -0.668686 -0.113718 -0.441741 0.73274 0.517645 -0.223036 0.836051 0.126946 0.533763 0.498354
264 0.328729 0.667958 -0.66766 -0.118724 -0.442342 0.733507 0.516044 -0.21801 0.834429 0.125695 0.536591 0.493501
265 0.332768 0.669398 -0.664207 -0.124062 -0.442186 0.732878 0.517071 -0.215611 0.832909 0.121638 0.539877 0.490877
266 0.338925 0.668865 -0.661626 -0.136262 -0.439358 0.73438 0.517349 -0.208329 0.831922 0.115348 0.542771 0.485936
267 0.34182 0.67173 -0.65722 -0.145643 -0.438894 0.732499 0.520401 -0.207784 0.830982 0.110566 0.545201 0.483496
268 0.341749 0.67283 -0.656131 -0.152117 -0.437178 0.731843 0.522762 -0.20451 0.831915 0.108193 0.544254 0.482405
269 0.344538 0.669717 -0.657855 -0.157808 -0.43514 0.734864 0.520218 -0.200851 0.831833 0.107024 0.54461 0.478841
270 0.345961 0.668013 -0.658839 -0.163529 -0.430958 0.736883 0.520845 -0.198209 0.833418 0.10374 0.542818 0.476808
271 0.346196 0.667474 -0.659263 -0.170635 -0.430194 0.737427 0.520705 -0.193568 0.833715 0.103345 0.542438 0.474054
272 0.347165 0.666248 -0.659993 -0.176606 -0.430418 0.73846 0.519054 -0.189504 0.833197 0.103875 0.543132 0.470987
273 0.348833 0.666922 -0.65843 -0.182773 -0.43048 0.738084 0.519537 -0.187768 0.832468 0.102209 0.544564 0.467575
274 0.346641 0.667137 -0.65937 -0.189358 -0.428558 0.737938 0.521331 -0.185487 0.834373 0.101864 0.541706 0.466655
275 0.344505 0.664271 -0.663371 -0.195273 -0.429314 0.739886 0.517937 -0.180005 0.834869 0.106362 0.540075 0.464079
276 0.345417 0.664527 -0.662639 -0.207019 -0.430389 0.73964 0.517396 -0.173954 0.833938 0.106475 0.541489 0.458429
277 0.345051 0.662059 -0.665294 -0.213333 -0.426818 0.741979 0.517005 -0.170729 0.835922 0.105566 0.5386 0.45736
278 0.342845 0.659868 -0.668603 -0.218727 -0.421246 0.744162 0.518435 -0.169397 0.839648 0.103903 0.533099 0.45675
279 0.339072 0.65913 -0.671251 -0.223925 -0.420858 0.744416 0.518385 -0.165672 0.841373 0.106731 0.529811 0.454475
280 0.33517 0.658397 -0.673925 -0.229783 -0.423942 0.744187 0.516197 -0.161734 0.841389 0.112692 0.528551 0.452366
281 0.335255 0.658079 -0.674193 -0.235038 -0.424593 0.744351 0.515424 -0.159567 0.841026 0.113459 0.528963 0.44846
282 0.332855 0.659374 -0.674117 -0.241517 -0.419722 0.743758 0.520248 -0.158044 0.844418 0.109775 0.524317 0.447899
283 0.328358 0.658413 -0.677254 -0.247392 -0.417362 0.744353 0.521294 -0.154501 0.847343 0.111489 0.519211 0.44627
284 0.325122 0.656559 -0.680607 -0.251706 -0.419077 0.74521 0.518688 -0.151068 0.847744 0.11659 0.517433 0.443327
285 0.323554 0.654182 -0.683636 -0.261786 -0.423521 0.74621 0.513615 -0.144533 0.846134 0.123352 0.518499 0.439309
286 0.328278 0.653553 -0.681984 -0.269076 -0.422252 0.747376 0.512965 -0.142993 0.844948 0.119574 0.521311 0.43508
287 0.329144 0.648645 -0.686239 -0.273987 -0.416714 0.751916 0.510854 -0.140093 0.847357 0.117821 0.517788 0.434429
288 0.33069 0.643645 -0.690192 -0.277187 -0.414882 0.756027 0.506257 -0.136884 0.847654 0.118934 0.517048 0.431165
289 0.335508 0.637084 -0.693944 -0.280397 -0.413569 0.76147 0.499124 -0.132721 0.846401 0.119533 0.518958 0.429677
290 0.341808 0.6316 -0.69588 -0.284293 -0.411203 0.766349 0.493581 -0.131811 0.845032 0.117438 0.52166 0.42751
291 0.347836 0.623903 -0.699825 -0.288206 -0.40708 0.772907 0.486725 -0.130233 0.844569 0.115584 0.522823 0.425961
292 0.354872 0.614497 -0.704598 -0.291538 -0.40276 0.780613 0.477941 -0.128707 0.843712 0.114176 0.524513 0.423957
293 0.363933 0.602927 -0.709952 -0.293874 -0.398704 0.789701 0.46627 -0.125697 0.841776 0.11337 0.527788 0.421609
294 0.373632 0.595991 -0.71077 -0.297946 -0.39061 0.796105 0.462213 -0.127077 0.841322 0.104937 0.53025 0.420521
295 0.382046 0.587982 -0.712964 -0.300822 -0.381923 0.802978 0.45756 -0.125249 0.841532 0.0974883 0.531338 0.418511
296 0.411294 0.569594 -0.711618 -0.306003 -0.367587 0.818058 0.442336 -0.120212 0.834096 0.0796508 0.545838 0.412401
297 0.421724 0.568301 -0.706529 -0.30889 -0.368747 0.819358 0.438951 -0.119371 0.828356 0.0754145 0.555102 0.409461
298 0.43841 0.561879 -0.70149 -0.31192 -0.372949 0.823858 0.426811 -0.115435 0.817744 0.074502 0.57074 0.405164
299 0.455534 0.561127 -0.691104 -0.314889 -0.372296 0.825264 0.424659 -0.117566 0.808631 0.0638488 0.584841 0.402789
300 0.469982 0.563828 -0.679128 -0.318745 -0.369478 0.824413 0.428754 -0.118951 0.801625 0.0494167 0.595781 0.402674
301 0.485247 0.555311 -0.6754 -0.320758 -0.361222 0.830753 0.423519 -0.116454 0.796275 0.038458 0.603711 0.403213
302 0.497669 0.548644 -0.6718 -0.323294 -0.351242 0.835657 0.422262 -0.118289 0.793067 0.025818 0.608587 0.403607
303 0.508831 0.547248 -0.664538 -0.325952 -0.347659 0.836821 0.422924 -0.118413 0.787544 0.0158358 0.616055 0.40027
304 0.524124 0.542557 -0.65645 -0.328848 -0.346085 0.839979 0.417923 -0.115934 0.778151 0.00814408 0.628024 0.394847
305 0.542079 0.538973 -0.644716 -0.334457 -0.345072 0.842321 0.414029 -0.11646 0.766209 -0.00196293 0.642589 0.391155
306 0.556425 0.537988 -0.633214 -0.337691 -0.346456 0.842897 0.411696 -0.117867 0.755221 -0.00969659 0.655398 0.388373
307 0.569698 0.539279 -0.62018 -0.340416 -0.349667 0.841951 0.410916 -0.118605 0.743759 -0.0172411 0.668225 0.385368
308 0.586295 0.542486 -0.601637 -0.346809 -0.354695 0.839604 0.411407 -0.120468 0.728319 -0.0278083 0.684673 0.378019
309 0.599583 0.542394 -0.58848 -0.348944 -0.354743 0.83925 0.412089 -0.120876 0.717397 -0.0383223 0.69561 0.376208
310 0.6062 0.542778 -0.581303 -0.350261 -0.356315 0.838805 0.411638 -0.122749 0.711028 -0.0424081 0.701883 0.375176
311 0.613069 0.542013 -0.574776 -0.354437 -0.360278 0.839292 0.407171 -0.125346 0.703098 -0.0425449 0.709819 0.369438
312 0.624239 0.533375 -0.570822 -0.356911 -0.355792 0.844591 0.400098 -0.127037 0.695513 -0.0466623 0.716997 0.365542
313 0.632075 0.528402 -0.56681 -0.358135 -0.352887 0.847484 0.396536 -0.128035 0.689893 -0.0506205 0.722139 0.361134
314 0.641661 0.525853 -0.558346 -0.360176 -0.349529 0.848468 0.397407 -0.129041 0.682716 -0.0598428 0.728229 0.357074
315 0.65467 0.519401 -0.549209 -0.361374 -0.341358 0.851385 0.398269 -0.129973 0.674449 -0.0732577 0.734678 0.353816
316 0.667972 0.51298 -0.539133 -0.364341 -0.331136 0.85367 0.40199 -0.132956 0.666455 -0.0899912 0.740094 0.349579
317 0.678883 0.50556 -0.532472 -0.36536 -0.321876 0.856714 0.403034 -0.134326 0.659935 -0.102223 0.744337 0.34564
318 0.690252 0.496793 -0.526069 -0.366193 -0.313022 0.860514 0.401912 -0.135059 0.652357 -0.112749 0.749478 0.341333
319 0.701195 0.486833 -0.520883 -0.366882 -0.303522 0.864902 0.399773 -0.136639 0.645136 -0.122219 0.75423 0.337602
320 0.712875 0.47937 -0.511872 -0.368827 -0.296269 0.867428 0.399741 -0.139027 0.635636 -0.133314 0.760391 0.331943
321 0.72806 0.472153 -0.496991 -0.373294 -0.292082 0.869549 0.398211 -0.140307 0.620175 -0.14476 0.770992 0.322799
322 0.739454 0.462355 -0.489322 -0.374151 -0.28585 0.873714 0.393591 -0.142202 0.609506 -0.15117 0.778235 0.318322
323 0.751149 0.45357 -0.479635 -0.376383 -0.283678 0.877851 0.385881 -0.143814 0.596072 -0.153792 0.788065 0.312396
324 0.766073 0.443125 -0.465589 -0.37995 -0.281769 0.882579 0.376379 -0.145346 0.577702 -0.157145 0.800978 0.305378
325 0.783026 0.433681 -0.445861 -0.384936 -0.283283 0.886824 0.365093 -0.147455 0.553734 -0.159572 0.817261 0.294565
326 0.7976 0.422906 -0.430099 -0.386126 -0.282881 0.892026 0.352517 -0.149769 0.532741 -0.159501 0.831112 0.28852
327 0.810746 0.410976 -0.416881 -0.386305 -0.279055 0.897338 0.341925 -0.153851 0.514606 -0.160882 0.842198 0.282838
328 0.823767 0.400308 -0.401449 -0.38942 -0.273123 0.900742 0.337738 -0.158681 0.496801 -0.168573 0.851336 0.274094
329 0.833587 0.39115 -0.390045 -0.389548 -0.264139 0.902399 0.34045 -0.16194 0.485143 -0.180768 0.855546 0.265277
330 0.843853 0.385061 -0.373685 -0.393657 -0.259668 0.902504 0.343598 -0.163021 0.469558 -0.192912 0.861569 0.260593
331 0.854572 0.378743 -0.355332 -0.395678 -0.25756 0.903222 0.343298 -0.165574 0.450965 -0.201853 0.869417 0.253506
332 0.863714 0.374216 -0.337581 -0.396066 -0.257433 0.903437 0.342827 -0.16752 0.433274 -0.2092 0.876646 0.246968
333 0.871799 0.365752 -0.325872 -0.395506 -0.253768 0.90621 0.338209 -0.167523 0.419009 -0.212155 0.882849 0.240514
334 0.87961 0.359884 -0.31108 -0.396631 -0.250456 0.906335 0.340335 -0.173008 0.404424 -0.22145 0.887356 0.230148
335 0.885899 0.350942 -0.303352 -0.395385 -0.240957 0.906941 0.345541 -0.174005 0.396388 -0.233019 0.88802 0.222492
336 0.889683 0.344519 -0.299617 -0.396136 -0.232662 0.906723 0.351741 -0.176831 0.392851 -0.243228 0.886853 0.216462
337 0.893887 0.341391 -0.29055 -0.398764 -0.230666 0.906006 0.35489 -0.177874 0.384396 -0.250211 0.888614 0.210695
338 0.898559 0.34005 -0.277413 -0.402554 -0.234555 0.9064 0.351317 -0.178767 0.370912 -0.25061 0.894214 0.204986
339 0.907374 0.334817 -0.254107 -0.406724 -0.241102 0.9098 0.337837 -0.179413 0.3443 -0.245278 0.906254 0.196799
340 0.913319 0.331584 -0.236433 -0.40542 -0.246727 0.912417 0.326528 -0.184359 0.323997 -0.23989 0.915139 0.188704
341 0.918308 0.328188 -0.221368 -0.404749 -0.2464 0.911531 0.329239 -0.191636 0.309836 -0.247798 0.917931 0.181158
342 0.923973 0.321293 -0.207472 -0.405658 -0.241939 0.911157 0.333555 -0.192975 0.296209 -0.258 0.919617 0.175754
343 0.926563 0.320085 -0.197552 -0.404992 -0.242357 0.909692 0.337228 -0.196346 0.287654 -0.264585 0.920462 0.168411
344 0.927555 0.321434 -0.190584 -0.405248 -0.243482 0.906743 0.344286 -0.198425 0.283477 -0.27294 0.919317 0.161468
345 0.930688 0.313823 -0.187974 -0.406655 -0.237057 0.908755 0.343465 -0.197091 0.27861 -0.275098 0.920162 0.155929
346 0.932751 0.310553 -0.183118 -0.408269 -0.235228 0.909154 0.343667 -0.199686 0.273209 -0.277481 0.921065 0.15279
347 0.934214 0.310316 -0.175919 -0.408683 -0.23658 0.908103 0.345512 -0.203306 0.266971 -0.281163 0.921777 0.147778
348 0.93411 0.310411 -0.176303 -0.408304 -0.236531 0.90808 0.345606 -0.203666 0.267377 -0.281133 0.921669 0.147057
349 0.935806 0.308377 -0.170795 -0.408596 -0.235045 0.90692 0.349642 -0.205926 0.262719 -0.287052 0.921184 0.142412
350 0.93769 0.303709 -0.168815 -0.407461 -0.229621 0.906245 0.354956 -0.208926 0.260791 -0.294075 0.919515 0.13958
351 0.938683 0.299499 -0.170804 -0.406641 -0.223996 0.906355 0.358253 -0.21052 0.262105 -0.298027 0.917867 0.134939
352 0.938291 0.298875 -0.174021 -0.407226 -0.220801 0.904961 0.36372 -0.212711 0.266189 -0.302851 0.915109 0.131634
353 0.938279 0.299028 -0.173823 -0.407488 -0.221083 0.90499 0.363477 -0.212442 0.265998 -0.302614 0.915243 0.131509
354 0.938716 0.297774 -0.173617 -0.408482 -0.219181 0.904401 0.366085 -0.211954 0.26603 -0.305597 0.914242 0.129
355 0.938861 0.297214 -0.173794 -0.409044 -0.218661 0.904634 0.36582 -0.212793 0.265946 -0.305452 0.914315 0.125647
356 0.939829 0.294889 -0.172515 -0.409989 -0.216431 0.904606 0.367212 -0.214829 0.264345 -0.307779 0.913999 0.122106
357 0.939829 0.294886 -0.172524 -0.409955 -0.216408 0.904587 0.367274 -0.214891 0.264367 -0.30784 0.913972 0.122135
358 0.941436 0.290187 -0.171725 -0.410437 -0.212384 0.905876 0.366444 -0.214854 0.261899 -0.308512 0.914456 0.118496
359 0.940974 0.289442 -0.175475 -0.409558 -0.210192 0.906028 0.367331 -0.217568 0.265306 -0.308765 0.913388 0.114336
