16 0.999233 0.0201201 -0.0335877 -0.0378649 -0.0200326 0.999795 0.0029422 -0.0474726 0.03364 -0.0022671 0.999431 0.0212222
17 0.998736 0.027135 -0.0423141 -0.0404546 -0.0269541 0.999625 0.00484034 -0.0541161 0.0424295 -0.00369369 0.999093 0.0245945
18 0.997081 0.0486985 -0.0588009 -0.0475717 -0.0481984 0.998789 0.00989399 -0.0676263 0.0592115 -0.007031 0.998221 0.0329306
19 0.994863 0.0687797 -0.0742704 -0.0488961 -0.0684517 0.99763 0.00695561 -0.0738698 0.0745728 -0.00183595 0.997214 0.0378262
20 0.993256 0.080844 -0.0831113 -0.0515563 -0.0806117 0.996727 0.00615237 -0.0787129 0.0833366 0.000588868 0.996521 0.0407428
21 0.991632 0.0899046 -0.0926436 -0.0544459 -0.0896915 0.995949 0.00646984 -0.0835736 0.0928499 0.00189364 0.995678 0.0437969
22 0.989674 0.0998561 -0.10283 -0.0593764 -0.0995645 0.994999 0.00797766 -0.0904746 0.103113 0.00234298 0.994667 0.0485246
23 0.986169 0.114393 -0.119938 -0.0602032 -0.114355 0.993414 0.00722258 -0.0981707 0.119974 0.00659281 0.992755 0.0482304
24 0.982873 0.127558 -0.133 -0.0589403 -0.127308 0.991809 0.0104189 -0.104461 0.133239 0.00669144 0.991061 0.0470035
25 0.980369 0.141996 -0.136802 -0.0669397 -0.140834 0.989866 0.0181834 -0.11696 0.137997 0.00143997 0.990432 0.0506584
26 0.976585 0.152617 -0.151622 -0.063128 -0.151989 0.988256 0.0157918 -0.120661 0.152251 0.00762276 0.988312 0.0473128
27 0.973176 0.16743 -0.157782 -0.0635252 -0.165546 0.985883 0.025106 -0.13055 0.159758 0.00168758 0.987155 0.0447677
28 0.971737 0.179114 -0.153773 -0.0684807 -0.176104 0.983815 0.0330914 -0.139248 0.157211 -0.00507614 0.987552 0.0465156
29 0.971204 0.184677 -0.15052 -0.0710236 -0.181269 0.982768 0.0361749 -0.142837 0.154607 -0.00784853 0.987945 0.0462167
30 0.969113 0.204011 -0.138561 -0.0801364 -0.198899 0.978747 0.0499391 -0.159617 0.145805 -0.020837 0.989094 0.0511257
31 0.967939 0.20907 -0.139222 -0.0783781 -0.205553 0.977855 0.0393424 -0.156038 0.144364 -0.00946345 0.989479 0.0482714
32 0.968068 0.210769 -0.135725 -0.0801978 -0.207178 0.977476 0.040229 -0.158923 0.141146 -0.0108253 0.98993 0.0466194
33 0.967492 0.217457 -0.12912 -0.0843244 -0.21332 0.975936 0.0452117 -0.167374 0.135844 -0.0161981 0.990598 0.0475971
34 0.96899 0.219586 -0.113319 -0.0908573 -0.215629 0.975381 0.046224 -0.174037 0.120679 -0.0203558 0.992483 0.0469951
35 0.968719 0.224488 -0.105772 -0.0973388 -0.220536 0.974205 0.047839 -0.179513 0.113783 -0.023016 0.993239 0.0471645
36 0.967185 0.231975 -0.103636 -0.0974192 -0.228894 0.972594 0.0408596 -0.178185 0.110274 -0.0157972 0.993776 0.0434738
37 0.966681 0.237908 -0.0944849 -0.102146 -0.235015 0.971135 0.0408125 -0.183602 0.101467 -0.0172473 0.994689 0.0423392
38 0.96677 0.239708 -0.0888606 -0.104263 -0.237253 0.970728 0.0373884 -0.184312 0.0952218 -0.0150635 0.995342 0.0406376
39 0.965876 0.245444 -0.0827055 -0.108565 -0.243447 0.969333 0.0335761 -0.18933 0.0884102 -0.012296 0.996008 0.036028
40 0.965472 0.248099 -0.0794441 -0.110964 -0.246249 0.968663 0.0324521 -0.191302 0.0850059 -0.0117686 0.996311 0.0342122
41 0.965484 0.247326 -0.0816704 -0.109727 -0.245897 0.968912 0.0272736 -0.18646 0.0858769 -0.00624974 0.996286 0.0289154
42 0.965244 0.248542 -0.0808125 -0.112421 -0.246865 0.968577 0.0302811 -0.190281 0.0857993 -0.00927885 0.996269 0.0265548
43 0.965413 0.248669 -0.0783643 -0.115474 -0.246882 0.968521 0.0318712 -0.193684 0.0838229 -0.0114221 0.996415 0.0243692
44 0.963803 0.254851 -0.0783216 -0.117034 -0.252901 0.966893 0.034049 -0.198834 0.084406 -0.013009 0.996347 0.0144522
45 0.961666 0.262904 -0.0779721 -0.11999 -0.260623 0.964681 0.0382997 -0.202975 0.0852874 -0.0165102 0.99622 0.0123409
46 0.958741 0.273652 -0.077009 -0.12252 -0.271151 0.961644 0.0414573 -0.207336 0.0854001 -0.0188657 0.996168 0.00850171
47 0.957145 0.27933 -0.076478 -0.122557 -0.276626 0.959964 0.0441389 -0.208193 0.0857454 -0.0210915 0.996094 0.00194312
48 0.950183 0.301891 -0.0775529 -0.12642 -0.297823 0.952745 0.0598181 -0.215659 0.0919467 -0.0337411 0.995192 -0.0042937
49 0.945404 0.31686 -0.0762252 -0.132686 -0.31267 0.947832 0.0620654 -0.216106 0.0919148 -0.0348436 0.995157 -0.00624689
50 0.941608 0.327821 -0.0768621 -0.135842 -0.323546 0.94411 0.0630392 -0.217655 0.0932318 -0.0344897 0.995047 -0.00857269
51 0.937545 0.338929 -0.0783393 -0.138111 -0.334503 0.94019 0.064419 -0.22026 0.0954873 -0.0341909 0.994843 -0.0124923
52 0.925819 0.371812 -0.067939 -0.150419 -0.367482 0.927518 0.0683144 -0.23012 0.0884148 -0.0382804 0.995348 -0.014132
53 0.920636 0.385389 -0.0624947 -0.152411 -0.381752 0.92213 0.0627875 -0.228686 0.0818258 -0.0339469 0.996068 -0.019947
54 0.91596 0.39708 -0.0578412 -0.153643 -0.393593 0.917114 0.0631419 -0.229774 0.0781193 -0.0350695 0.996327 -0.0265536
55 0.909296 0.413736 -0.0447497 -0.16163 -0.410471 0.909392 0.067229 -0.23459 0.0685101 -0.0427626 0.996734 -0.0286382
56 0.907566 0.418169 -0.0381763 -0.164278 -0.41527 0.9073 0.0660082 -0.23452 0.06224 -0.0440533 0.997089 -0.030795
57 0.905872 0.422081 -0.0352661 -0.165577 -0.41931 0.905441 0.0659957 -0.235081 0.0597869 -0.0449962 0.997197 -0.0337843
58 0.90096 0.433114 -0.0261476 -0.17487 -0.430856 0.900137 0.0641672 -0.237809 0.0513282 -0.0465462 0.997597 -0.0320372
59 0.89873 0.437647 -0.0273605 -0.176324 -0.435593 0.898204 0.0590579 -0.235374 0.0504219 -0.0411591 0.99788 -0.0357716
60 0.893785 0.447836 -0.0243121 -0.18087 -0.445839 0.893076 0.0603554 -0.238965 0.0487419 -0.0431054 0.997881 -0.0378659
61 0.891099 0.453396 -0.0193399 -0.183786 -0.451591 0.890147 0.0608595 -0.240135 0.0448089 -0.0454981 0.997959 -0.0399138
62 0.88597 0.46329 -0.0204573 -0.187521 -0.461206 0.884875 0.065463 -0.241228 0.0484305 -0.0485632 0.997645 -0.0446083
63 0.879986 0.474721 -0.0162637 -0.193238 -0.472526 0.87838 0.07189 -0.244587 0.0484134 -0.0555772 0.99728 -0.0435409
64 0.876557 0.481221 -0.00857433 -0.198794 -0.479229 0.874302 0.0770475 -0.246759 0.0445734 -0.0634275 0.996991 -0.0421756
65 0.870187 0.492666 -0.00736429 -0.204519 -0.490459 0.867525 0.0827744 -0.244966 0.0471689 -0.0684173 0.996541 -0.0431878
66 0.865448 0.500982 -0.00409796 -0.209225 -0.498717 0.862257 0.0882862 -0.247117 0.0477633 -0.0743634 0.996087 -0.0429644
67 0.860806 0.508925 -0.00275165 -0.213327 -0.506515 0.857231 0.0927246 -0.246992 0.0495487 -0.0784242 0.995688 -0.0409057
68 0.847758 0.530336 0.00712388 -0.227582 -0.528236 0.843041 0.101232 -0.252754 0.0476812 -0.0895832 0.994837 -0.0348849
69 0.845731 0.533528 0.00937314 -0.23028 -0.531489 0.840674 0.103864 -0.249997 0.0475348 -0.092823 0.994547 -0.0350115
70 0.838247 0.54516 0.0119814 -0.239609 -0.54312 0.832748 0.107478 -0.251966 0.0486151 -0.0966002 0.994135 -0.0252533
71 0.820244 0.57142 0.0260621 -0.254035 -0.570456 0.813798 0.110965 -0.257774 0.0421985 -0.105886 0.993483 -0.0197124
72 0.813745 0.580283 0.0330144 -0.262753 -0.579898 0.80675 0.113456 -0.257781 0.0392022 -0.111469 0.992994 -0.0111336
73 0.80042 0.598234 0.0379808 -0.271292 -0.598375 0.793621 0.110059 -0.259347 0.0356989 -0.11082 0.993199 -0.00346132
74 0.77353 0.631835 0.0493591 -0.283513 -0.632944 0.766237 0.110737 -0.262591 0.0321465 -0.1169 0.992623 -0.000147292
75 0.76449 0.642067 0.0574856 -0.291783 -0.643905 0.75634 0.11548 -0.263176 0.0306675 -0.125299 0.991645 0.0060997
76 0.755188 0.65212 0.0665614 -0.299649 -0.654955 0.746477 0.117498 -0.264515 0.0269362 -0.132328 0.99084 0.0135705
77 0.73201 0.674875 0.0933035 -0.314093 -0.681104 0.721676 0.123617 -0.269203 0.0160909 -0.154038 0.987934 0.0239426
78 0.730038 0.675085 0.106324 -0.318515 -0.683357 0.719224 0.12546 -0.268219 0.00822542 -0.164248 0.986385 0.0242682
79 0.72772 0.676004 0.115946 -0.323047 -0.685853 0.715892 0.130782 -0.267937 0.00540427 -0.174694 0.984608 0.028451
80 0.724889 0.673414 0.145084 -0.333618 -0.688709 0.712962 0.131777 -0.267926 -0.0146992 -0.195444 0.980605 0.0414671
81 0.72895 0.667214 0.15316 -0.336688 -0.684213 0.717301 0.131649 -0.266696 -0.0220238 -0.20076 0.979393 0.0424028
82 0.728996 0.665324 0.160961 -0.340762 -0.684037 0.716869 0.13488 -0.26749 -0.0256492 -0.20843 0.977701 0.0456642
83 0.723418 0.665707 0.183031 -0.349685 -0.689235 0.711807 0.135223 -0.269199 -0.0402641 -0.223974 0.973763 0.0542568
84 0.719017 0.667627 0.193102 -0.352725 -0.693478 0.70753 0.135973 -0.269463 -0.0458458 -0.231679 0.971711 0.0566916
85 0.714724 0.669366 0.202779 -0.356546 -0.697519 0.703468 0.136385 -0.268017 -0.0513573 -0.23892 0.96968 0.0603653
86 0.713769 0.667679 0.211513 -0.359372 -0.698108 0.702545 0.138115 -0.267119 -0.0563811 -0.246241 0.967567 0.0635012
87 0.714193 0.665237 0.217687 -0.361478 -0.697429 0.702696 0.140751 -0.265974 -0.0593346 -0.252345 0.965817 0.0660955
88 0.706965 0.668507 0.230865 -0.368259 -0.704392 0.694849 0.144972 -0.265446 -0.0635016 -0.26511 0.962125 0.078239
89 0.704327 0.668826 0.2379 -0.370577 -0.706645 0.692516 0.145173 -0.263935 -0.0676541 -0.270359 0.960379 0.0809661
90 0.700596 0.670738 0.243469 -0.373095 -0.709991 0.689338 0.143966 -0.259663 -0.0712693 -0.273722 0.959165 0.0859252
91 0.694732 0.67651 0.244299 -0.37415 -0.715756 0.683766 0.141976 -0.256876 -0.0709952 -0.273494 0.95925 0.0920456
92 0.686321 0.685189 0.243886 -0.376382 -0.723867 0.67607 0.137642 -0.254834 -0.0705728 -0.271008 0.959987 0.0986222
93 0.677429 0.694419 0.242636 -0.379813 -0.732494 0.667047 0.136019 -0.251224 -0.0673957 -0.269872 0.960535 0.110436
94 0.673028 0.700121 0.238463 -0.381983 -0.737158 0.661238 0.139147 -0.249747 -0.0602613 -0.269435 0.961131 0.11877
95 0.668757 0.705664 0.234099 -0.383399 -0.741373 0.656637 0.138542 -0.245921 -0.0559538 -0.266206 0.962291 0.122759
96 0.662262 0.711124 0.236033 -0.386586 -0.747249 0.649982 0.138356 -0.245085 -0.0550292 -0.268004 0.961845 0.129631
97 0.659861 0.712975 0.237171 -0.387979 -0.749505 0.646892 0.140618 -0.243965 -0.0531668 -0.270549 0.961237 0.13791
98 0.655077 0.718817 0.232758 -0.389752 -0.754497 0.63869 0.151029 -0.245197 -0.0400983 -0.274551 0.960736 0.153978
99 0.647011 0.726741 0.230704 -0.394514 -0.761668 0.629991 0.151566 -0.241119 -0.0351916 -0.273785 0.961147 0.166305
100 0.633475 0.740137 0.225624 -0.396222 -0.773358 0.615071 0.153642 -0.237875 -0.0250588 -0.271817 0.962023 0.175826
101 0.627762 0.745522 0.223858 -0.397939 -0.778164 0.608217 0.156628 -0.235922 -0.0193851 -0.272523 0.961954 0.183736
102 0.625081 0.749232 0.218919 -0.397598 -0.780476 0.604039 0.161226 -0.234875 -0.0114398 -0.27164 0.962331 0.18685
103 0.619932 0.754549 0.215266 -0.398593 -0.784655 0.596432 0.169072 -0.233881 -0.000818366 -0.273723 0.961808 0.19352
104 0.609494 0.76488 0.208509 -0.398689 -0.792731 0.584783 0.172062 -0.228848 0.0096744 -0.270163 0.962766 0.206993
105 0.603992 0.770118 0.205211 -0.400389 -0.796829 0.578323 0.174946 -0.226928 0.0160511 -0.269184 0.962955 0.213909
106 0.60144 0.77304 0.201692 -0.401235 -0.798585 0.57443 0.1797 -0.225557 0.0230571 -0.269147 0.962823 0.219148
107 0.596603 0.777729 0.197996 -0.401648 -0.802024 0.568974 0.181731 -0.22378 0.0286829 -0.267218 0.963209 0.226223
108 0.588882 0.784236 0.195427 -0.40191 -0.807571 0.561274 0.181107 -0.222289 0.0323428 -0.264472 0.963851 0.231293
109 0.580309 0.791916 0.190029 -0.403097 -0.813226 0.550975 0.187321 -0.220273 0.0436413 -0.263241 0.963742 0.241887
110 0.573893 0.796723 0.18942 -0.403618 -0.817423 0.543274 0.191501 -0.219592 0.0496666 -0.264738 0.963041 0.248568
111 0.562969 0.804325 0.190073 -0.40458 -0.824794 0.532086 0.191312 -0.218104 0.0527413 -0.264474 0.96295 0.257445
112 0.556924 0.80874 0.189145 -0.405182 -0.828933 0.526965 0.187557 -0.216603 0.0520117 -0.261244 0.963871 0.263634
113 0.554409 0.811162 0.186139 -0.406507 -0.830172 0.523245 0.192427 -0.216545 0.0586934 -0.261211 0.963496 0.269907
114 0.550886 0.813985 0.184263 -0.407349 -0.831952 0.518088 0.198599 -0.21528 0.0661924 -0.262703 0.962604 0.275567
115 0.543031 0.819578 0.182779 -0.409219 -0.83652 0.509035 0.202774 -0.212597 0.0731485 -0.263011 0.962016 0.290029
116 0.537158 0.823869 0.180834 -0.410393 -0.839923 0.502784 0.204296 -0.211887 0.0773922 -0.261626 0.962061 0.29679
117 0.532754 0.827103 0.179093 -0.411485 -0.842202 0.497458 0.207922 -0.211287 0.0828813 -0.261604 0.96161 0.302009
118 0.531325 0.82849 0.176909 -0.412213 -0.842372 0.49448 0.214241 -0.210049 0.0900182 -0.262855 0.960627 0.308358
119 0.529875 0.83037 0.172387 -0.413485 -0.842242 0.491444 0.221612 -0.209507 0.0993012 -0.262618 0.959777 0.317011
120 0.523545 0.835315 0.16778 -0.414384 -0.845239 0.484465 0.225531 -0.208014 0.107106 -0.25989 0.95968 0.323448
121 0.517425 0.839298 0.166886 -0.415612 -0.848372 0.477608 0.228377 -0.206962 0.11197 -0.259749 0.959163 0.331115
122 0.509767 0.844557 0.163895 -0.417313 -0.852177 0.469561 0.230885 -0.204363 0.118037 -0.257365 0.959078 0.344421
123 0.509159 0.84565 0.160107 -0.417884 -0.851979 0.468844 0.23306 -0.203648 0.122022 -0.255072 0.959192 0.349325
124 0.507361 0.847022 0.158548 -0.419384 -0.8522 0.465892 0.238117 -0.203185 0.127824 -0.255926 0.958208 0.356088
125 0.504966 0.848623 0.157632 -0.419976 -0.853086 0.462898 0.24077 -0.201992 0.131355 -0.256055 0.957696 0.362557
126 0.500858 0.851181 0.156946 -0.420463 -0.855142 0.458636 0.241629 -0.201094 0.133689 -0.255233 0.957593 0.368177
127 0.496363 0.853755 0.157244 -0.421535 -0.857332 0.453629 0.243315 -0.200213 0.136401 -0.255583 0.957116 0.373257
128 0.49857 0.852489 0.157133 -0.422726 -0.855471 0.454601 0.248008 -0.198487 0.139991 -0.258072 0.95593 0.382426
129 0.498293 0.852436 0.158295 -0.423928 -0.855207 0.453226 0.251412 -0.1978 0.142569 -0.260652 0.954848 0.387446
130 0.498292 0.852138 0.159891 -0.424211 -0.855351 0.45302 0.251291 -0.196905 0.141701 -0.261979 0.954614 0.391728
131 0.496361 0.853271 0.159857 -0.42378 -0.85648 0.451285 0.250566 -0.19596 0.14166 -0.261286 0.95481 0.396789
132 0.493912 0.854371 0.161559 -0.424603 -0.858081 0.448902 0.249365 -0.195153 0.140526 -0.261795 0.954838 0.400995
133 0.49376 0.853847 0.164763 -0.425433 -0.858731 0.448898 0.247127 -0.194858 0.137047 -0.263509 0.954872 0.405309
134 0.496453 0.851947 0.166496 -0.425645 -0.857597 0.451667 0.246017 -0.194339 0.134393 -0.264922 0.954859 0.409424
135 0.496555 0.852264 0.164556 -0.426283 -0.857942 0.453115 0.24212 -0.192758 0.131788 -0.261406 0.95619 0.41797
136 0.499038 0.851054 0.163304 -0.426457 -0.856773 0.456281 0.240306 -0.192437 0.130001 -0.259836 0.956862 0.42075
137 0.500558 0.850647 0.160754 -0.426694 -0.855851 0.458319 0.239714 -0.191845 0.130235 -0.257572 0.957442 0.425068
138 0.501613 0.850297 0.15931 -0.426929 -0.855661 0.460542 0.236103 -0.190853 0.127389 -0.254748 0.95858 0.429342
139 0.500725 0.850997 0.158359 -0.427315 -0.856422 0.460472 0.233465 -0.190748 0.125758 -0.252524 0.959383 0.433345
140 0.499224 0.851624 0.159724 -0.427606 -0.857969 0.46009 0.228487 -0.190058 0.121098 -0.251105 0.960355 0.436942
141 0.501031 0.850618 0.159429 -0.42726 -0.857145 0.462314 0.227084 -0.189757 0.119456 -0.25043 0.960737 0.439534
142 0.500798 0.851334 0.156311 -0.428034 -0.856508 0.461355 0.231401 -0.190114 0.124885 -0.249766 0.960219 0.444768
143 0.499715 0.851728 0.15762 -0.428375 -0.857839 0.461428 0.226268 -0.188802 0.119989 -0.248282 0.961228 0.450934
144 0.50455 0.848631 0.158917 -0.429587 -0.855081 0.465699 0.22795 -0.190296 0.119438 -0.250899 0.960617 0.455791
145 0.507085 0.847451 0.157139 -0.429726 -0.853608 0.468568 0.22759 -0.190398 0.119241 -0.249542 0.960994 0.459695
146 0.507999 0.847206 0.155495 -0.430035 -0.853119 0.469967 0.226538 -0.190516 0.118847 -0.247737 0.96151 0.463512
147 0.50783 0.848054 0.151374 -0.429887 -0.853022 0.470503 0.225787 -0.190515 0.120258 -0.243786 0.962344 0.466715
148 0.509544 0.847746 0.14728 -0.430115 -0.851847 0.472873 0.225272 -0.19047 0.121329 -0.240246 0.9631 0.469492
149 0.512933 0.846443 0.14295 -0.430029 -0.84955 0.47665 0.225988 -0.190745 0.123148 -0.237359 0.963584 0.471937
150 0.512651 0.847449 0.137911 -0.429678 -0.849209 0.476774 0.227005 -0.190728 0.126623 -0.233489 0.96408 0.474963
151 0.511013 0.848935 0.134816 -0.430025 -0.850281 0.476234 0.224106 -0.19098 0.126047 -0.229153 0.965195 0.47822
152 0.51447 0.847793 0.128717 -0.430051 -0.848659 0.481883 0.218096 -0.191044 0.122874 -0.221441 0.967402 0.482689
153 0.514397 0.84803 0.127436 -0.429918 -0.848941 0.482572 0.215461 -0.19144 0.121221 -0.219018 0.968161 0.486824
154 0.515715 0.847051 0.128616 -0.430727 -0.84892 0.484941 0.21016 -0.191358 0.115645 -0.217568 0.96917 0.489048
155 0.51676 0.84688 0.12551 -0.429921 -0.848425 0.486952 0.207492 -0.191871 0.114604 -0.213709 0.970152 0.490372
156 0.521115 0.844334 0.124658 -0.430085 -0.846276 0.492226 0.203791 -0.19222 0.110708 -0.211693 0.971046 0.493155
157 0.526487 0.840831 0.125758 -0.431047 -0.843728 0.498548 0.198931 -0.192623 0.104571 -0.21084 0.971911 0.495392
158 0.530359 0.838714 0.123606 -0.430426 -0.84148 0.503064 0.197075 -0.193106 0.103108 -0.208533 0.972565 0.496439
159 0.533796 0.836594 0.123176 -0.430467 -0.839645 0.507098 0.194548 -0.193517 0.100295 -0.207273 0.973128 0.499132
160 0.539245 0.833292 0.121816 -0.430132 -0.836744 0.513788 0.189423 -0.193703 0.0952569 -0.204074 0.97431 0.501518
161 0.543069 0.83088 0.121302 -0.430074 -0.834532 0.518089 0.187458 -0.19436 0.09291 -0.203033 0.974754 0.502097
162 0.545728 0.828779 0.123715 -0.429628 -0.833475 0.521598 0.182361 -0.195256 0.0866071 -0.202633 0.975417 0.507552
163 0.550548 0.82549 0.124349 -0.429728 -0.830926 0.527536 0.176826 -0.19619 0.08037 -0.200676 0.976355 0.509219
164 0.55387 0.823558 0.122398 -0.429117 -0.828737 0.531157 0.176258 -0.197755 0.0801459 -0.19906 0.976705 0.509583
165 0.557427 0.821097 0.122783 -0.428677 -0.826638 0.535179 0.173932 -0.197804 0.0771043 -0.198452 0.977073 0.512144
166 0.561699 0.818199 0.122661 -0.426938 -0.824163 0.540374 0.169559 -0.197933 0.0724503 -0.196334 0.977857 0.512715
167 0.568149 0.813807 0.122169 -0.426287 -0.819999 0.547345 0.167376 -0.198187 0.0693432 -0.195273 0.978294 0.514174
168 0.581637 0.803288 0.128169 -0.426709 -0.811495 0.562081 0.159814 -0.198846 0.0563355 -0.196962 0.978791 0.51565
169 0.587206 0.799252 0.128006 -0.425536 -0.807646 0.568019 0.15831 -0.201376 0.0538194 -0.196344 0.979057 0.515679
170 0.592792 0.795087 0.128198 -0.425009 -0.803745 0.573998 0.156591 -0.202406 0.0509178 -0.195864 0.979308 0.516148
171 0.59929 0.790036 0.129206 -0.42425 -0.799207 0.581171 0.153323 -0.203208 0.0460397 -0.195147 0.979693 0.516649
172 0.606041 0.784576 0.130974 -0.423535 -0.794308 0.588167 0.152099 -0.204449 0.0422984 -0.196212 0.979649 0.516351
173 0.6112 0.780515 0.131265 -0.422513 -0.790495 0.593737 0.150313 -0.205124 0.0393849 -0.195636 0.979885 0.517183
174 0.624604 0.7694 0.133763 -0.42113 -0.780413 0.608657 0.14315 -0.207596 0.0287242 -0.193802 0.98062 0.516872
175 0.633258 0.762256 0.133977 -0.420102 -0.773602 0.618299 0.138733 -0.208519 0.0229125 -0.191499 0.981225 0.517476
176 0.640178 0.756249 0.135125 -0.419341 -0.768021 0.625958 0.135355 -0.210027 0.0177799 -0.19043 0.98154 0.517519
177 0.645177 0.751724 0.136594 -0.418334 -0.763939 0.631903 0.130752 -0.210928 0.0119757 -0.188707 0.98196 0.515481
178 0.650845 0.746242 0.139731 -0.417559 -0.759176 0.63794 0.129165 -0.213291 0.00724845 -0.190147 0.981729 0.514863
179 0.661708 0.735546 0.145308 -0.415467 -0.7497 0.65159 0.115674 -0.215146 -0.00959726 -0.18548 0.982601 0.514415
180 0.667171 0.730152 0.147517 -0.41417 -0.74468 0.658619 0.108038 -0.216054 -0.018273 -0.181933 0.983141 0.512079
181 0.672803 0.724792 0.14837 -0.412725 -0.739396 0.665557 0.101621 -0.216912 -0.0250946 -0.178075 0.983697 0.510157
182 0.678898 0.718568 0.150857 -0.411388 -0.733468 0.673095 0.094694 -0.217825 -0.0334969 -0.174936 0.98401 0.507659
183 0.685233 0.712439 0.151285 -0.409148 -0.727142 0.681027 0.0864073 -0.218183 -0.0414691 -0.169215 0.984706 0.503616
184 0.687772 0.709933 0.151539 -0.406277 -0.723753 0.686748 0.0675185 -0.221083 -0.0561358 -0.156114 0.986143 0.496595
185 0.69243 0.704492 0.155669 -0.404905 -0.718298 0.693391 0.0570625 -0.222437 -0.0677393 -0.151328 0.98616 0.493271
186 0.698622 0.697735 0.158407 -0.40327 -0.711373 0.701084 0.0493011 -0.223329 -0.0766577 -0.14713 0.986142 0.488914
187 0.702863 0.69366 0.157544 -0.401186 -0.706622 0.706303 0.0426772 -0.223921 -0.08167 -0.14132 0.986589 0.48553
188 0.707093 0.689271 0.157878 -0.399272 -0.701392 0.712023 0.0327653 -0.224982 -0.0898282 -0.133902 0.986915 0.480279
189 0.731476 0.6645 0.152914 -0.394539 -0.674343 0.738202 0.0178542 -0.226715 -0.101017 -0.116176 0.988078 0.472322
190 0.736048 0.6598 0.151317 -0.392944 -0.668656 0.743496 0.0106015 -0.227406 -0.105509 -0.108982 0.988428 0.469393
191 0.743469 0.651936 0.149109 -0.390537 -0.659401 0.751791 0.00083007 -0.228257 -0.111558 -0.09894 0.98882 0.46542
192 0.75315 0.642055 0.143283 -0.388127 -0.648138 0.761504 -0.00545878 -0.229537 -0.112615 -0.0887558 0.989667 0.461209
193 0.767658 0.627657 0.129413 -0.383945 -0.631067 0.775522 -0.0179082 -0.231263 -0.111603 -0.0679207 0.991429 0.454348
194 0.768439 0.627969 0.123113 -0.381897 -0.629876 0.776202 -0.0276923 -0.232283 -0.11295 -0.0562658 0.992006 0.450289
195 0.77144 0.625292 0.117853 -0.379765 -0.625827 0.779082 -0.0370417 -0.233436 -0.114979 -0.0451804 0.99234 0.446062
196 0.778731 0.617335 0.111697 -0.376885 -0.616904 0.785887 -0.0425554 -0.234383 -0.114052 -0.0357669 0.992831 0.441837
197 0.784386 0.610693 0.108596 -0.374731 -0.608957 0.791472 -0.0523839 -0.235265 -0.117941 -0.025041 0.992705 0.435039
198 0.787174 0.607326 0.107292 -0.372818 -0.60446 0.794278 -0.0612441 -0.236018 -0.122415 -0.0166442 0.992339 0.431142
199 0.789393 0.604764 0.105446 -0.371908 -0.601127 0.796336 -0.0670508 -0.236225 -0.124521 -0.0104573 0.992162 0.426853
200 0.787612 0.606647 0.107918 -0.371208 -0.601924 0.794953 -0.0757386 -0.236493 -0.131736 -0.00530575 0.991271 0.423052
201 0.793431 0.599726 0.103901 -0.367724 -0.591677 0.800015 -0.099468 -0.23707 -0.142776 0.0174452 0.989601 0.416666
202 0.795716 0.596903 0.102678 -0.366569 -0.587784 0.801935 -0.106819 -0.2375 -0.146102 0.0246456 0.988963 0.412796
203 0.799753 0.591854 0.100519 -0.365473 -0.581865 0.80542 -0.112837 -0.238103 -0.147743 0.0317531 0.988516 0.408176
204 0.806522 0.58372 0.0937707 -0.36261 -0.572384 0.810665 -0.123286 -0.238782 -0.147981 0.04576 0.987931 0.400944
205 0.809654 0.579791 0.0911127 -0.361373 -0.568282 0.813255 -0.12519 -0.239224 -0.146682 0.0495829 0.98794 0.397346
206 0.811845 0.577445 0.0864056 -0.35965 -0.565992 0.81466 -0.126424 -0.239335 -0.143394 0.0537317 0.988206 0.394342
207 0.811177 0.578881 0.0829995 -0.359012 -0.567261 0.813381 -0.128943 -0.239444 -0.142153 0.0575133 0.988172 0.390928
208 0.816992 0.571909 0.0737837 -0.356055 -0.55956 0.817184 -0.138216 -0.239135 -0.139342 0.0716352 0.98765 0.383739
209 0.817849 0.571084 0.0706148 -0.355802 -0.558762 0.817477 -0.1397 -0.239549 -0.137506 0.0747966 0.987673 0.379304
210 0.817859 0.570848 0.0723795 -0.35507 -0.557787 0.817401 -0.143976 -0.239301 -0.141352 0.0773801 0.986931 0.376004
211 0.82023 0.567578 0.0712542 -0.353177 -0.554371 0.819428 -0.145638 -0.239114 -0.141049 0.0799552 0.986769 0.371896
212 0.820584 0.567722 0.0658326 -0.350838 -0.55425 0.818589 -0.150726 -0.238895 -0.13946 0.0871956 0.986381 0.364236
213 0.823328 0.564192 0.0617915 -0.349326 -0.550594 0.820386 -0.154318 -0.238644 -0.137758 0.0930322 0.986087 0.360474
214 0.821983 0.566269 0.0606965 -0.349201 -0.55236 0.818645 -0.157225 -0.238116 -0.13872 0.0957099 0.985696 0.355228
215 0.826407 0.559869 0.0599863 -0.345744 -0.544511 0.821744 -0.168058 -0.237955 -0.143384 0.106221 0.98395 0.348437
216 0.82665 0.559886 0.056372 -0.345107 -0.54364 0.820471 -0.17687 -0.23745 -0.145279 0.115563 0.982619 0.344549
217 0.82877 0.556961 0.0541708 -0.343816 -0.539965 0.821362 -0.183851 -0.237484 -0.146892 0.12312 0.98146 0.339298
218 0.83357 0.5498 0.0536833 -0.341811 -0.531119 0.824365 -0.195791 -0.23726 -0.151901 0.134694 0.979175 0.330901
219 0.834088 0.54904 0.0534073 -0.340991 -0.529199 0.823739 -0.203477 -0.237063 -0.15571 0.141454 0.977622 0.327168
220 0.835357 0.547305 0.051344 -0.33957 -0.526933 0.823854 -0.20882 -0.237026 -0.156588 0.147384 0.976605 0.322674
221 0.836956 0.544789 0.0520466 -0.338491 -0.523859 0.82504 -0.211853 -0.236837 -0.158356 0.150047 0.975915 0.318677
222 0.840476 0.538999 0.0555 -0.337298 -0.515613 0.827059 -0.223867 -0.235244 -0.166566 0.159539 0.973038 0.313141
223 0.839007 0.541553 0.0527997 -0.335471 -0.518054 0.824717 -0.226852 -0.235869 -0.166397 0.162978 0.972497 0.308421
224 0.839379 0.540522 0.057262 -0.334019 -0.515557 0.825095 -0.231125 -0.235834 -0.172175 0.16448 0.971238 0.304004
225 0.842281 0.535432 0.062258 -0.333158 -0.508924 0.827967 -0.235513 -0.234479 -0.177649 0.166684 0.969875 0.298589
226 0.844123 0.531912 0.0672821 -0.332099 -0.503488 0.829563 -0.241506 -0.234483 -0.184274 0.169985 0.968064 0.293905
227 0.847346 0.52624 0.0712499 -0.331437 -0.496292 0.832476 -0.246331 -0.233695 -0.188943 0.173367 0.966563 0.289653
228 0.854928 0.512622 0.0794758 -0.329711 -0.481053 0.840782 -0.248343 -0.232987 -0.194128 0.174083 0.965406 0.282432
229 0.858313 0.505537 0.087922 -0.32985 -0.471222 0.844382 -0.25489 -0.231042 -0.203096 0.177345 0.962965 0.279455
230 0.861003 0.499874 0.0938124 -0.330076 -0.464071 0.847616 -0.257265 -0.229496 -0.208117 0.17797 0.961776 0.275086
231 0.867439 0.48621 0.105593 -0.329653 -0.448136 0.855704 -0.258738 -0.228044 -0.216157 0.177119 0.960159 0.269528
232 0.868835 0.482961 0.108968 -0.32973 -0.44356 0.857079 -0.26205 -0.22697 -0.219954 0.179344 0.958883 0.266648
233 0.869054 0.481612 0.113118 -0.328038 -0.441113 0.857878 -0.263563 -0.227497 -0.223976 0.179153 0.957987 0.26231
234 0.873815 0.467628 0.133312 -0.330203 -0.421745 0.865303 -0.270891 -0.22422 -0.242031 0.180485 0.953334 0.25705
235 0.874415 0.464481 0.140203 -0.330568 -0.416206 0.866613 -0.275235 -0.22071 -0.249343 0.182316 0.951099 0.255267
236 0.872798 0.46405 0.151262 -0.330582 -0.413325 0.867555 -0.276605 -0.219899 -0.259587 0.1789 0.949005 0.252854
237 0.872894 0.459318 0.164571 -0.331875 -0.406072 0.870897 -0.276845 -0.218474 -0.270484 0.174828 0.946717 0.249249
238 0.869556 0.460052 0.179511 -0.333013 -0.402833 0.871061 -0.28103 -0.2167 -0.285653 0.172058 0.942761 0.246377
239 0.866261 0.462546 0.188794 -0.33488 -0.401904 0.869672 -0.286609 -0.215145 -0.296759 0.172401 0.939261 0.242339
240 0.865746 0.46023 0.196652 -0.337819 -0.397715 0.871168 -0.287905 -0.21103 -0.303819 0.171041 0.937251 0.23854
241 0.865608 0.456573 0.205582 -0.337724 -0.392972 0.873886 -0.286175 -0.21011 -0.310315 0.166927 0.935863 0.236877
242 0.863294 0.455463 0.21743 -0.338828 -0.388585 0.874745 -0.289523 -0.20907 -0.322063 0.165453 0.932148 0.235028
243 0.860632 0.451136 0.236195 -0.341818 -0.380403 0.877925 -0.290761 -0.206184 -0.338534 0.160389 0.927184 0.228955
244 0.859373 0.446253 0.249671 -0.342362 -0.373437 0.881249 -0.289733 -0.205049 -0.349317 0.155753 0.923969 0.226791
245 0.857984 0.440381 0.264439 -0.345671 -0.364273 0.884584 -0.291234 -0.202124 -0.362172 0.153546 0.919377 0.225326
246 0.856805 0.437236 0.273332 -0.347362 -0.359895 0.886695 -0.290255 -0.200703 -0.369272 0.150321 0.917083 0.222617
247 0.855901 0.431816 0.28455 -0.348586 -0.353204 0.890032 -0.288254 -0.199044 -0.377731 0.146213 0.914298 0.220377
248 0.85582 0.422727 0.298118 -0.350662 -0.343271 0.895262 -0.284028 -0.198312 -0.38696 0.140741 0.911292 0.218306
249 0.855249 0.409616 0.317433 -0.354307 -0.330678 0.903001 -0.274301 -0.196096 -0.399001 0.129627 0.907742 0.213364
250 0.856381 0.400027 0.326481 -0.355825 -0.321309 0.907815 -0.269502 -0.195684 -0.404192 0.125895 0.905969 0.213269
251 0.857676 0.392819 0.33179 -0.357496 -0.314213 0.91117 -0.266532 -0.195726 -0.407016 0.124345 0.904918 0.21172
252 0.855087 0.393739 0.337336 -0.359014 -0.314757 0.911219 -0.265722 -0.194576 -0.412011 0.121036 0.903104 0.21002
253 0.853704 0.38819 0.347129 -0.361589 -0.309799 0.91438 -0.260641 -0.193853 -0.418586 0.11497 0.900871 0.207589
254 0.853356 0.376852 0.36023 -0.364544 -0.302313 0.920656 -0.24698 -0.193035 -0.424723 0.10186 0.899575 0.204898
255 0.848615 0.376345 0.371775 -0.365919 -0.303371 0.921944 -0.2408 -0.192539 -0.43338 0.0915608 0.896548 0.204119
256 0.846859 0.369363 0.382623 -0.368567 -0.298577 0.925589 -0.232673 -0.192049 -0.440093 0.082799 0.894127 0.202867
257 0.847541 0.360937 0.389101 -0.370237 -0.29447 0.929748 -0.221035 -0.191852 -0.441546 0.072758 0.894284 0.201817
258 0.84559 0.357966 0.396027 -0.371486 -0.295943 0.931763 -0.210321 -0.191943 -0.444291 0.0606445 0.893827 0.201218
259 0.844066 0.354442 0.402398 -0.373161 -0.295001 0.93357 -0.203521 -0.192634 -0.447803 0.0530776 0.892555 0.200954
260 0.844749 0.347953 0.406606 -0.376336 -0.290471 0.936235 -0.197712 -0.191963 -0.449473 0.0489096 0.891954 0.198997
261 0.845728 0.340941 0.410491 -0.378738 -0.288545 0.939293 -0.185664 -0.190737 -0.448872 0.0385758 0.892763 0.198452
262 0.848109 0.331404 0.41338 -0.380146 -0.285049 0.943091 -0.17125 -0.191812 -0.446608 0.0274054 0.89431 0.198746
263 0.849931 0.320522 0.418191 -0.384389 -0.27898 0.947063 -0.158878 -0.191129 -0.446977 0.0183684 0.894357 0.196647
264 0.849016 0.312743 0.425869 -0.386531 -0.276918 0.949822 -0.145449 -0.191439 -0.449988 0.00555803 0.893017 0.195693
265 0.848639 0.30599 0.431488 -0.38858 -0.273553 0.952033 -0.137118 -0.191832 -0.452748 -0.00167129 0.891637 0.195733
266 0.848125 0.301434 0.435686 -0.390323 -0.271775 0.953456 -0.13061 -0.191394 -0.454778 -0.00763466 0.890572 0.194572
267 0.846817 0.291776 0.444711 -0.392452 -0.26724 0.956309 -0.118559 -0.190684 -0.459873 -0.0184462 0.887793 0.193089
268 0.848975 0.271394 0.453417 -0.395589 -0.254149 0.961988 -0.0999346 -0.191099 -0.463304 -0.0303934 0.885678 0.191716
269 0.852399 0.256931 0.455415 -0.397834 -0.245732 0.965618 -0.0848365 -0.191281 -0.461554 -0.0395952 0.886228 0.191486
270 0.85198 0.255393 0.457061 -0.398927 -0.248892 0.965577 -0.0755936 -0.190847 -0.460633 -0.0493544 0.886217 0.190659
271 0.849683 0.251201 0.463612 -0.401267 -0.24947 0.966113 -0.0662589 -0.190927 -0.464546 -0.0593583 0.883557 0.189334
272 0.849707 0.242248 0.468309 -0.404367 -0.24444 0.967976 -0.0572009 -0.190993 -0.467169 -0.0658694 0.881711 0.187994
273 0.851325 0.23463 0.469248 -0.40689 -0.242059 0.969196 -0.045459 -0.190852 -0.465459 -0.0748855 0.881896 0.18693
274 0.850989 0.23477 0.469787 -0.40811 -0.247382 0.968258 -0.0357572 -0.190992 -0.46327 -0.0857879 0.882055 0.187286
275 0.84908 0.239131 0.47104 -0.409833 -0.253669 0.96671 -0.0335105 -0.191961 -0.463373 -0.0910352 0.881475 0.187254
276 0.848099 0.24336 0.470642 -0.412826 -0.256796 0.965771 -0.0366333 -0.191953 -0.463448 -0.0897905 0.881563 0.186284
277 0.849584 0.241247 0.46905 -0.415281 -0.255483 0.966208 -0.0341978 -0.191263 -0.46145 -0.0907804 0.882509 0.184946
278 0.852319 0.232609 0.46845 -0.417541 -0.249975 0.967908 -0.0257998 -0.191714 -0.459418 -0.0951113 0.883113 0.184533
279 0.854859 0.228166 0.466001 -0.419397 -0.246646 0.968858 -0.0219155 -0.192776 -0.456489 -0.0962025 0.884513 0.184648
280 0.855373 0.233154 0.462576 -0.420471 -0.248435 0.968225 -0.0286243 -0.192682 -0.454552 -0.0904359 0.886117 0.184916
281 0.855326 0.230668 0.463907 -0.422735 -0.24367 0.969307 -0.0327035 -0.192077 -0.457212 -0.085068 0.88528 0.183311
282 0.856764 0.216904 0.467877 -0.425814 -0.230626 0.972623 -0.0285856 -0.192453 -0.461268 -0.0834133 0.883331 0.182415
283 0.859669 0.207921 0.466624 -0.428042 -0.222166 0.974688 -0.0250072 -0.193922 -0.460013 -0.0821704 0.884102 0.182431
284 0.860968 0.208578 0.463928 -0.430058 -0.219867 0.975058 -0.0303432 -0.194319 -0.458685 -0.0758777 0.885353 0.181711
285 0.861689 0.203944 0.46465 -0.432333 -0.212964 0.97648 -0.0336583 -0.193776 -0.460586 -0.0699505 0.884855 0.180369
286 0.86113 0.19345 0.470141 -0.435156 -0.202596 0.978751 -0.031645 -0.193897 -0.466273 -0.0679985 0.882024 0.179229
287 0.860651 0.179705 0.476431 -0.437687 -0.190801 0.981299 -0.0254628 -0.194502 -0.472097 -0.0689888 0.878843 0.178873
288 0.861436 0.165179 0.480254 -0.43943 -0.177852 0.983866 -0.0193773 -0.195055 -0.475707 -0.0687219 0.876915 0.17934
289 0.86256 0.144558 0.484863 -0.441935 -0.15905 0.987205 -0.0113817 -0.195107 -0.480305 -0.0673001 0.874516 0.17884
290 0.86404 0.119834 0.488952 -0.444438 -0.137762 0.990465 0.000697762 -0.196427 -0.484206 -0.0679621 0.87231 0.179038
291 0.865736 0.101971 0.490004 -0.446866 -0.119754 0.992791 0.00497774 -0.197784 -0.485964 -0.0629892 0.871706 0.179441
292 0.868139 0.0836309 0.489225 -0.450248 -0.0998405 0.994978 0.00708163 -0.198423 -0.486176 -0.0549923 0.872129 0.178988
293 0.870819 0.0697752 0.486627 -0.451834 -0.084485 0.99639 0.00831798 -0.199382 -0.48429 -0.0483561 0.87357 0.179635
294 0.870484 0.0640826 0.488008 -0.453699 -0.0757618 0.997117 0.00420395 -0.199888 -0.486332 -0.0406318 0.872829 0.179825
295 0.868214 0.0569314 0.492913 -0.457233 -0.0665461 0.997781 0.00197032 -0.200272 -0.491707 -0.0345121 0.870077 0.179534
296 0.866914 0.0448943 0.496431 -0.461536 -0.0540211 0.998532 0.00403539 -0.201058 -0.495521 -0.0303161 0.868067 0.179193
297 0.867312 0.0309634 0.496801 -0.4652 -0.0401699 0.999162 0.00785517 -0.201492 -0.496141 -0.0267694 0.867829 0.179393
298 0.867465 0.0200899 0.497093 -0.46801 -0.0305077 0.999452 0.0128458 -0.201901 -0.496563 -0.0263084 0.867602 0.179642
299 0.866423 0.0111209 0.499187 -0.470668 -0.0225272 0.999605 0.0168305 -0.202841 -0.498802 -0.0258276 0.866331 0.179948
300 0.865322 -9.52578e-05 0.501217 -0.474879 -0.0116175 0.999728 0.0202469 -0.203991 -0.501082 -0.023343 0.865085 0.17994
301 0.867335 -0.0116182 0.497589 -0.47717 0.00149176 0.999784 0.0207437 -0.204793 -0.497722 -0.0172494 0.867165 0.180894
302 0.868952 -0.0209819 0.494452 -0.479453 0.0130286 0.999724 0.0195266 -0.205152 -0.494725 -0.0105257 0.868986 0.181007
303 0.868256 -0.0300026 0.495209 -0.482812 0.0233185 0.999535 0.0196729 -0.205118 -0.495569 -0.00553358 0.868551 0.180574
304 0.86707 -0.0403902 0.496546 -0.486397 0.0318729 0.999164 0.0256176 -0.205274 -0.497166 -0.00638591 0.867632 0.180215
305 0.866051 -0.0539679 0.497034 -0.490383 0.042049 0.998497 0.0351488 -0.205788 -0.498184 -0.00954087 0.867019 0.179765
306 0.866269 -0.0700237 0.494646 -0.493399 0.0544277 0.997463 0.0458853 -0.206784 -0.496604 -0.0128266 0.867882 0.180931
307 0.867146 -0.0807068 0.491472 -0.494557 0.064533 0.996672 0.0498068 -0.207703 -0.493856 -0.0114736 0.869468 0.181553
308 0.86641 -0.0852708 0.491999 -0.497733 0.0698823 0.996321 0.0496145 -0.20796 -0.494419 -0.0086045 0.869181 0.180956
309 0.865287 -0.0928724 0.492599 -0.502334 0.07602 0.995633 0.0541775 -0.208005 -0.49548 -0.00943169 0.868568 0.180329
310 0.866774 -0.105512 0.487412 -0.505517 0.0852411 0.994325 0.0636602 -0.208763 -0.491363 -0.0136314 0.870848 0.180475
311 0.869375 -0.115107 0.48056 -0.506688 0.0924296 0.993207 0.0706857 -0.209323 -0.485432 -0.0170344 0.874108 0.180696
312 0.868867 -0.123013 0.479519 -0.508686 0.0984654 0.992225 0.0761247 -0.209496 -0.485155 -0.0189262 0.874224 0.180793
313 0.867678 -0.13338 0.4789 -0.510941 0.106943 0.990861 0.0822065 -0.210594 -0.485488 -0.0201137 0.874012 0.180625
314 0.867285 -0.140919 0.477449 -0.513306 0.113845 0.989826 0.085347 -0.211627 -0.484619 -0.0196648 0.874504 0.180729
315 0.867098 -0.148555 0.475471 -0.515551 0.121281 0.988733 0.0877403 -0.212176 -0.483148 -0.0184136 0.875345 0.180714
316 0.866125 -0.157609 0.474327 -0.516976 0.130247 0.987366 0.0902497 -0.212674 -0.482559 -0.016388 0.87571 0.180998
317 0.86384 -0.162652 0.476786 -0.518573 0.134916 0.986566 0.0921193 -0.212113 -0.485364 -0.0152501 0.874179 0.181744
318 0.861297 -0.171322 0.478347 -0.520204 0.141704 0.98508 0.0976627 -0.212492 -0.487942 -0.0163332 0.872723 0.182339
319 0.859338 -0.17769 0.479546 -0.520706 0.146002 0.983914 0.102944 -0.21336 -0.490124 -0.0184486 0.871458 0.183641
320 0.856766 -0.182529 0.482323 -0.52161 0.149934 0.983031 0.105684 -0.214218 -0.493429 -0.0182298 0.869595 0.184715
321 0.853385 -0.190173 0.485354 -0.52278 0.157144 0.981617 0.10832 -0.215177 -0.497031 -0.016168 0.867582 0.185676
322 0.849026 -0.201205 0.488539 -0.524849 0.167233 0.979449 0.112753 -0.216235 -0.501186 -0.0140306 0.865226 0.186436
323 0.845912 -0.212851 0.489006 -0.525328 0.177201 0.976987 0.118724 -0.217567 -0.503023 -0.0137774 0.864163 0.188302
324 0.843123 -0.218343 0.491396 -0.5252 0.183073 0.975813 0.119472 -0.21829 -0.505597 -0.0107684 0.862703 0.191225
325 0.839286 -0.2265 0.494264 -0.527115 0.190791 0.973975 0.122359 -0.219336 -0.509115 -0.00839349 0.860658 0.192463
326 0.835943 -0.237918 0.494565 -0.527347 0.201025 0.971259 0.127455 -0.220777 -0.510675 -0.00712553 0.859745 0.19469
327 0.831974 -0.245252 0.497666 -0.527613 0.208048 0.969448 0.129945 -0.221929 -0.514331 -0.00457293 0.85758 0.196617
328 0.831838 -0.245548 0.497746 -0.527376 0.208353 0.969374 0.13001 -0.221999 -0.514426 -0.00444049 0.857523 0.196887
329 0.826292 -0.255408 0.502004 -0.528415 0.218603 0.966833 0.132084 -0.223858 -0.519089 0.000599708 0.85472 0.198648
330 0.821411 -0.264859 0.505107 -0.529444 0.229374 0.964262 0.132612 -0.224563 -0.522179 0.00692976 0.852808 0.202411
331 0.816964 -0.272872 0.508047 -0.529522 0.237546 0.961992 0.1347 -0.225409 -0.525492 0.0106393 0.850732 0.204993
332 0.811845 -0.280552 0.512052 -0.530722 0.244467 0.959751 0.13825 -0.226893 -0.530229 0.0129422 0.847756 0.207104
333 0.811868 -0.280549 0.512018 -0.530733 0.244465 0.959753 0.138245 -0.226895 -0.530195 0.0129342 0.847777 0.207077
334 0.808672 -0.286511 0.513772 -0.5321 0.24992 0.957967 0.14085 -0.227742 -0.532532 0.0145006 0.846286 0.209404
335 0.805481 -0.294562 0.51423 -0.532462 0.255784 0.955539 0.146698 -0.228618 -0.534579 0.0133698 0.845013 0.212268
336 0.79936 -0.304482 0.517991 -0.533303 0.26414 0.952398 0.152214 -0.230577 -0.53968 0.0151482 0.841734 0.216318
337 0.794 -0.31088 0.522415 -0.53504 0.269905 0.950284 0.155279 -0.231555 -0.544716 0.017711 0.838433 0.218523
338 0.793935 -0.310853 0.52253 -0.535119 0.269877 0.950292 0.155276 -0.231552 -0.544824 0.0177398 0.838362 0.218529
339 0.790203 -0.321753 0.521588 -0.537418 0.27848 0.946668 0.162078 -0.233078 -0.54592 0.0171773 0.837661 0.220844
340 0.790382 -0.331262 0.515327 -0.537916 0.285682 0.943432 0.168292 -0.23444 -0.541924 0.0142048 0.840307 0.223843
341 0.790237 -0.335667 0.512693 -0.537915 0.288102 0.941913 0.172618 -0.235492 -0.540854 0.0112983 0.84104 0.226527
342 0.786542 -0.345121 0.512097 -0.539802 0.295959 0.938486 0.17791 -0.238008 -0.541996 0.0116261 0.8403 0.229622
343 0.786406 -0.345561 0.512008 -0.53983 0.296363 0.938324 0.178094 -0.23818 -0.541972 0.0116862 0.840315 0.229609
344 0.785722 -0.354741 0.506754 -0.54111 0.306514 0.934851 0.179171 -0.240763 -0.537299 0.0145482 0.843266 0.231913
345 0.787367 -0.361593 0.499304 -0.541786 0.315099 0.932181 0.178191 -0.242466 -0.529874 0.0170286 0.847905 0.234435
346 0.789792 -0.365275 0.492749 -0.54243 0.320932 0.930695 0.175526 -0.244323 -0.522715 0.01951 0.852284 0.236505
347 0.790736 -0.363162 0.492799 -0.54201 0.318769 0.931538 0.174995 -0.243794 -0.522612 0.0187146 0.852365 0.23688
348 0.79438 -0.361511 0.48813 -0.543164 0.320785 0.932086 0.168263 -0.245778 -0.515808 0.0229196 0.856398 0.238889
349 0.802523 -0.354389 0.479964 -0.543357 0.317357 0.934784 0.159575 -0.246154 -0.505214 0.0242568 0.862653 0.239966
350 0.810371 -0.348168 0.471251 -0.543174 0.313897 0.937117 0.152575 -0.247571 -0.49474 0.024282 0.868702 0.242682
351 0.810371 -0.348174 0.471246 -0.543184 0.313915 0.937115 0.152556 -0.247569 -0.494728 0.0243041 0.868708 0.242676
352 0.818589 -0.335708 0.466061 -0.54342 0.304758 0.941635 0.142993 -0.248763 -0.486863 0.0249833 0.873121 0.245195
353 0.827074 -0.318141 0.463395 -0.543758 0.290933 0.947682 0.131363 -0.248929 -0.480943 0.0261695 0.876361 0.248007
354 0.834798 -0.305569 0.457974 -0.54534 0.281099 0.951806 0.122674 -0.249994 -0.473388 0.0263286 0.880461 0.249778
355 0.844036 -0.293873 0.4486 -0.545493 0.271906 0.955505 0.114354 -0.250437 -0.462245 0.0254581 0.886387 0.252243
356 0.851248 -0.28129 0.443004 -0.546019 0.26046 0.95935 0.108665 -0.250902 -0.455563 0.0228841 0.88991 0.253939
