12 0.999654 -0.0193394 0.0178539 -0.0177758 0.0197033 0.999597 -0.0204384 0.0301267 -0.0174515 0.0207831 0.999632 0.011286
13 0.999496 -0.0256971 0.0186468 -0.0194213 0.0261467 0.999363 -0.024282 0.03291 -0.018011 0.0247573 0.999531 0.0132875
14 0.999415 -0.0265031 0.0216032 -0.0223407 0.0271575 0.999163 -0.0305846 0.0379792 -0.0207745 0.0311534 0.999299 0.0146489
15 0.999338 -0.0256127 0.0258549 -0.026144 0.0264194 0.999159 -0.0313568 0.042978 -0.02503 0.0320191 0.999174 0.0158684
16 0.999207 -0.0281804 0.0281388 -0.0297962 0.0290224 0.999129 -0.0299773 0.0459259 -0.0272695 0.0307702 0.999154 0.0182031
17 0.998988 -0.0333134 0.0302028 -0.033472 0.0342873 0.998889 -0.032321 0.050282 -0.0290926 0.0333239 0.999021 0.0204063
18 0.998661 -0.0410571 0.0314596 -0.0361243 0.0421928 0.998449 -0.0363315 0.0541114 -0.0299191 0.0376102 0.998844 0.024457
19 0.998566 -0.0420817 0.0330993 -0.0393348 0.0433252 0.998346 -0.0377951 0.0583187 -0.031454 0.0391749 0.998737 0.0274957
20 0.998362 -0.0432493 0.0374554 -0.0436501 0.0446627 0.998288 -0.0377588 0.0627175 -0.0357583 0.0393698 0.998585 0.0305132
21 0.99794 -0.0496206 0.0406646 -0.0483676 0.0512106 0.997924 -0.0390408 0.0653171 -0.0386429 0.0410429 0.99841 0.0337268
22 0.997649 -0.0529434 0.0435054 -0.051904 0.054808 0.997577 -0.0428457 0.0708463 -0.0411316 0.0451295 0.998134 0.0377489
23 0.997065 -0.0552771 0.0529646 -0.058042 0.0576003 0.997396 -0.0433893 0.0760895 -0.0504283 0.0463128 0.997653 0.0402642
24 0.996203 -0.0641504 0.0588649 -0.0629864 0.0668281 0.996762 -0.0447054 0.0772328 -0.0558064 0.0484694 0.997264 0.043933
25 0.995642 -0.0692276 0.0624932 -0.0672875 0.0727415 0.995787 -0.0558217 0.0811448 -0.0583655 0.0601242 0.996483 0.0476853
26 0.994921 -0.0718891 0.0704547 -0.0726775 0.0763736 0.995076 -0.0631683 0.0870232 -0.0655667 0.0682283 0.995513 0.0507428
27 0.993613 -0.0810587 0.0785055 -0.0801232 0.0860866 0.994298 -0.0629294 0.0908506 -0.0729569 0.0692857 0.994926 0.0522635
28 0.992961 -0.0881839 0.079066 -0.0839039 0.0932844 0.993624 -0.0633169 0.0935123 -0.0729784 0.0702468 0.994857 0.055971
29 0.992813 -0.0865245 0.0826741 -0.0864871 0.0920206 0.993623 -0.0651537 0.0972746 -0.0765095 0.0722932 0.994445 0.0601063
30 0.992205 -0.0870496 0.0891698 -0.0911471 0.0934236 0.993163 -0.0699891 0.0996608 -0.0824676 0.0777741 0.993554 0.0627539
31 0.991752 -0.0889272 0.092306 -0.0957573 0.0961769 0.992358 -0.0773077 0.104549 -0.0847258 0.0855478 0.992725 0.0655658
32 0.991156 -0.0916097 0.0960099 -0.0991263 0.0994411 0.991804 -0.0802296 0.109966 -0.0878732 0.0890673 0.992142 0.0692158
33 0.9907 -0.0935602 0.0987977 -0.101554 0.101816 0.991408 -0.0821199 0.11304 -0.0902657 0.0914153 0.991713 0.0725498
34 0.990637 -0.0922572 0.100628 -0.103908 0.101161 0.991033 -0.0872884 0.117747 -0.0916727 0.0966508 0.991088 0.07576
35 0.990399 -0.0913884 0.103718 -0.106264 0.100894 0.990779 -0.0904327 0.123939 -0.0944967 0.100029 0.990487 0.0783568
36 0.989928 -0.0937895 0.106046 -0.107884 0.103518 0.990521 -0.0902936 0.130119 -0.0965721 0.100362 0.990253 0.0813915
37 0.989699 -0.0958333 0.106355 -0.108008 0.10531 0.990593 -0.0873819 0.134429 -0.0969807 0.097682 0.990481 0.0841478
38 0.989936 -0.0926076 0.10701 -0.107728 0.102228 0.990842 -0.0882149 0.138808 -0.0978609 0.0982665 0.990337 0.0879897
39 0.990035 -0.0888086 0.109284 -0.109274 0.0988624 0.990996 -0.0902999 0.146502 -0.100281 0.100204 0.9899 0.0899935
40 0.989852 -0.0917391 0.10852 -0.10892 0.101383 0.991039 -0.0869615 0.151128 -0.0995703 0.0970811 0.990283 0.0927822
41 0.989816 -0.0935579 0.107295 -0.106027 0.103288 0.99066 -0.0890217 0.154354 -0.097964 0.0991973 0.990234 0.0959326
42 0.989777 -0.0884094 0.111915 -0.10594 0.0991675 0.990572 -0.0945167 0.160791 -0.102504 0.104649 0.989213 0.0976227
43 0.989456 -0.085662 0.116784 -0.105779 0.097149 0.990581 -0.0964991 0.165612 -0.107418 0.106827 0.988458 0.0979163
44 0.989186 -0.0868449 0.118192 -0.104109 0.0990762 0.989851 -0.101879 0.168704 -0.108145 0.112487 0.987751 0.0999344
45 0.988921 -0.0848529 0.121804 -0.10259 0.0984883 0.988965 -0.110675 0.175647 -0.111069 0.121445 0.986365 0.10071
46 0.988118 -0.086646 0.126948 -0.102202 0.101023 0.988608 -0.111575 0.181204 -0.115834 0.123073 0.985614 0.100768
47 0.988102 -0.0852689 0.128002 -0.100378 0.099583 0.988937 -0.109941 0.185975 -0.117211 0.121379 0.985662 0.102731
48 0.988599 -0.0806746 0.127135 -0.0985131 0.0946492 0.989634 -0.108008 0.191975 -0.117104 0.11881 0.985987 0.103811
49 0.988669 -0.0816299 0.12598 -0.0951278 0.0949876 0.990037 -0.103942 0.19599 -0.11624 0.114731 0.986572 0.105921
50 0.988659 -0.084956 0.123841 -0.0927308 0.098054 0.989751 -0.103816 0.199632 -0.113752 0.114782 0.986857 0.106489
51 0.98931 -0.0849416 0.118532 -0.0890012 0.0973243 0.989917 -0.102916 0.204914 -0.108595 0.113352 0.987602 0.107693
52 0.989899 -0.0817028 0.115866 -0.0837159 0.0934016 0.990653 -0.099416 0.208618 -0.106661 0.109234 0.988277 0.109283
53 0.990155 -0.0805895 0.114448 -0.079647 0.09185 0.991058 -0.0967849 0.209309 -0.105625 0.106344 0.988703 0.109127
54 0.990841 -0.0774757 0.110597 -0.0760455 0.0883784 0.991319 -0.0973427 0.211953 -0.102095 0.106225 0.989087 0.108925
55 0.991529 -0.0740326 0.106717 -0.0700946 0.0844896 0.991687 -0.0970489 0.213997 -0.0986447 0.105243 0.989542 0.109348
56 0.991928 -0.0701386 0.105636 -0.0655299 0.0807588 0.991718 -0.099863 0.2162 -0.0977572 0.107588 0.989378 0.108616
57 0.992206 -0.067691 0.10462 -0.0618323 0.0783058 0.991807 -0.100928 0.219756 -0.0969311 0.108333 0.989378 0.10763
58 0.992552 -0.0678571 0.101177 -0.0560797 0.0778079 0.992151 -0.097886 0.221143 -0.0937411 0.105029 0.990041 0.107699
59 0.993036 -0.0648904 0.0983314 -0.049425 0.0743711 0.992596 -0.0960355 0.221203 -0.0913716 0.10268 0.990509 0.107375
60 0.993353 -0.0611607 0.0975143 -0.0439162 0.0708048 0.992593 -0.0987192 0.22333 -0.0907543 0.104967 0.990326 0.107264
61 0.993653 -0.0578454 0.0964764 -0.0380788 0.0674866 0.99271 -0.0998637 0.226073 -0.0899964 0.105741 0.990313 0.106922
62 0.993948 -0.0531069 0.0961638 -0.0309902 0.0625841 0.993179 -0.0983815 0.227638 -0.0902831 0.103804 0.990492 0.107043
63 0.994113 -0.0487639 0.0967553 -0.0256246 0.0584304 0.993298 -0.0997292 0.229642 -0.0912436 0.104796 0.990299 0.107216
64 0.994365 -0.0460862 0.0954733 -0.0186492 0.0558644 0.993172 -0.102416 0.231261 -0.0901014 0.107173 0.990149 0.107363
65 0.994408 -0.0445781 0.0957389 -0.012078 0.0545475 0.993062 -0.104176 0.231927 -0.0904306 0.108816 0.98994 0.107468
66 0.994468 -0.0409168 0.0967433 -0.00740359 0.0511809 0.993036 -0.106116 0.233166 -0.0917277 0.11048 0.989636 0.105318
67 0.99478 -0.0397186 0.0939989 -0.00221008 0.0495477 0.993273 -0.104656 0.233894 -0.0892098 0.108767 0.990056 0.103942
68 0.995424 -0.0403443 0.0866193 0.00428975 0.0491595 0.993551 -0.102176 0.233462 -0.0819384 0.105967 0.990988 0.102428
69 0.996115 -0.0394807 0.0787109 0.0111874 0.0474373 0.99366 -0.101925 0.234692 -0.0741879 0.105262 0.991673 0.101598
70 0.996602 -0.0403907 0.0717853 0.0180545 0.047479 0.993859 -0.0999508 0.235136 -0.0673074 0.10302 0.992399 0.100911
71 0.996991 -0.0438863 0.0639033 0.0240206 0.050087 0.993835 -0.098908 0.233549 -0.0591687 0.101811 0.993043 0.1005
72 0.997587 -0.0444129 0.0533584 0.0296831 0.0496726 0.993577 -0.101674 0.233557 -0.0485 0.104079 0.993386 0.0985937
73 0.998306 -0.0389568 0.0432032 0.036875 0.0432049 0.993825 -0.102202 0.235508 -0.0389549 0.103896 0.993825 0.0986775
74 0.998885 -0.0301674 0.0363089 0.0440338 0.0336173 0.99457 -0.0984955 0.235315 -0.0331404 0.0996063 0.994475 0.0990805
75 0.999375 -0.00880851 0.0342416 0.0521613 0.0119942 0.995502 -0.0939731 0.235933 -0.0332599 0.0943251 0.994986 0.101941
76 0.999157 0.0102989 0.039742 0.0611249 -0.00671408 0.995982 -0.0893026 0.236486 -0.0405021 0.0889605 0.995211 0.101417
77 0.998695 0.0169657 0.0481682 0.067706 -0.0124896 0.995704 -0.0917521 0.236256 -0.0495179 0.0910308 0.994616 0.0997504
78 0.998526 0.0137368 0.0525002 0.0735347 -0.0088494 0.9957 -0.0922164 0.236837 -0.0535412 0.091616 0.994354 0.0981133
79 0.998686 0.0121166 0.0497955 0.0804669 -0.00758012 0.995886 -0.0903008 0.236279 -0.0506848 0.0898047 0.994669 0.096664
80 0.999015 0.0133887 0.042305 0.088115 -0.00955826 0.995943 -0.0894827 0.235203 -0.0433314 0.0889902 0.99509 0.0955039
81 0.999244 0.0161791 0.0353633 0.0968494 -0.0129759 0.995947 -0.0890027 0.234192 -0.0366599 0.0884765 0.995403 0.0955662
82 0.99941 0.0136872 0.031507 0.104416 -0.0107391 0.99571 -0.0919046 0.233817 -0.0326297 0.091512 0.995269 0.0951703
83 0.999542 0.0128836 0.0273644 0.11148 -0.0102701 0.995558 -0.0935902 0.233032 -0.0284486 0.0932663 0.995235 0.0943494
84 0.999598 0.0163435 0.023179 0.119132 -0.0140925 0.995458 -0.0941573 0.232633 -0.0246126 0.0937928 0.995287 0.093316
85 0.999618 0.0188383 0.020238 0.126661 -0.016894 0.995589 -0.0922862 0.231636 -0.0218872 0.091909 0.995527 0.0922906
86 0.999635 0.0211019 0.0168528 0.134171 -0.0194854 0.995668 -0.0909154 0.229968 -0.0186983 0.0905538 0.995716 0.0918165
87 0.999556 0.0263051 0.0139822 0.141263 -0.0249651 0.995752 -0.0886313 0.228286 -0.0162542 0.0882429 0.995966 0.0909391
88 0.999556 0.0263083 0.0139981 0.141253 -0.024967 0.995752 -0.0886283 0.228284 -0.0162703 0.0882394 0.995966 0.0909358
89 0.999409 0.0324649 0.011267 0.148461 -0.0313862 0.99585 -0.085424 0.226619 -0.0139935 0.0850199 0.996281 0.0899542
90 0.999323 0.0360837 0.00713254 0.156534 -0.0353748 0.995973 -0.0823803 0.223042 -0.0100764 0.0820723 0.996575 0.0903362
91 0.999322 0.0365447 0.00458171 0.164034 -0.0360402 0.995912 -0.0828325 0.22069 -0.00759006 0.0826112 0.996553 0.0888868
92 0.999287 0.0376406 0.00294425 0.170347 -0.0372717 0.995921 -0.082167 0.219736 -0.00602506 0.0819986 0.996614 0.0874498
93 0.999093 0.0425593 -0.00157902 0.176436 -0.0425527 0.996044 -0.0780044 0.217104 -0.00174704 0.0780008 0.996952 0.0870105
94 0.998872 0.0464555 -0.0098362 0.183093 -0.0470642 0.996068 -0.0750587 0.213445 0.00631064 0.0754369 0.997131 0.0874833
95 0.998648 0.0482727 -0.0192955 0.191582 -0.0496236 0.99579 -0.0770653 0.210592 0.0154941 0.0779186 0.996839 0.0883101
96 0.998467 0.0497898 -0.0241616 0.199977 -0.0515886 0.995407 -0.0806421 0.209377 0.0200354 0.081765 0.99645 0.0887972
97 0.998461 0.0500245 -0.023958 0.19986 -0.0518099 0.995379 -0.0808425 0.209534 0.0198032 0.0819593 0.996439 0.0891488
98 0.998182 0.0551493 -0.0243194 0.206356 -0.0569468 0.995106 -0.0807521 0.209041 0.019747 0.0819902 0.996437 0.0892833
99 0.997619 0.063646 -0.02657 0.214103 -0.0655241 0.994867 -0.0771084 0.207445 0.0215259 0.0786657 0.996669 0.0878267
100 0.996985 0.0716359 -0.0298117 0.221321 -0.0736765 0.994521 -0.0741639 0.205363 0.0243356 0.0761368 0.9968 0.0886346
101 0.996527 0.0767105 -0.0323986 0.228509 -0.0788998 0.994221 -0.0728015 0.204036 0.0266267 0.0751049 0.99682 0.0893536
102 0.996031 0.0822451 -0.0340336 0.235048 -0.0844876 0.993909 -0.0707558 0.203152 0.0280069 0.0733504 0.996913 0.0899989
103 0.995398 0.0891305 -0.0351907 0.241871 -0.0913467 0.993535 -0.0674064 0.202152 0.0289552 0.0703107 0.997105 0.0894897
104 0.995226 0.0910619 -0.0351015 0.247015 -0.0931286 0.993684 -0.0625957 0.199984 0.0291798 0.0655658 0.997422 0.0905326
105 0.995226 0.0910731 -0.0350901 0.247009 -0.0931394 0.993683 -0.0626105 0.199996 0.0291662 0.0655799 0.997421 0.0905522
106 0.995102 0.0913844 -0.0376912 0.251372 -0.0935542 0.993774 -0.0605048 0.199108 0.0319274 0.0637346 0.997456 0.0905683
107 0.994667 0.0943828 -0.0415761 0.256408 -0.0966537 0.993713 -0.0564952 0.198164 0.0359825 0.0602124 0.997537 0.0918876
108 0.994133 0.0978589 -0.0460685 0.260278 -0.100243 0.993569 -0.0526545 0.195675 0.0406195 0.0569637 0.99755 0.0932353
109 0.99347 0.101019 -0.053035 0.265853 -0.10373 0.993291 -0.0511266 0.193556 0.0475144 0.0562941 0.997283 0.0943052
110 0.993063 0.103292 -0.0561773 0.270084 -0.106164 0.993051 -0.0507813 0.191005 0.0505417 0.056393 0.997129 0.0959889
111 0.992882 0.103746 -0.0585074 0.272251 -0.106854 0.992874 -0.0527601 0.188707 0.0526168 0.0586363 0.996892 0.0967174
112 0.992898 0.103325 -0.0589765 0.272637 -0.106463 0.992913 -0.0528083 0.188641 0.0531022 0.0587121 0.996862 0.0967623
113 0.992125 0.107748 -0.0638638 0.275858 -0.111275 0.992293 -0.0545137 0.188627 0.0574979 0.0611908 0.996469 0.0969954
114 0.990946 0.116197 -0.0672685 0.278944 -0.119723 0.991497 -0.0509905 0.185934 0.0607716 0.0585824 0.996431 0.0988894
115 0.989738 0.124357 -0.0703877 0.282287 -0.12798 0.990539 -0.0495371 0.183949 0.0635615 0.058037 0.996289 0.100422
116 0.988801 0.131378 -0.0708058 0.284415 -0.134858 0.989758 -0.0468317 0.182307 0.063928 0.055856 0.99639 0.101258
117 0.98781 0.13816 -0.0717156 0.286257 -0.141384 0.989064 -0.0419839 0.179965 0.0651309 0.0516116 0.996541 0.102638
118 0.986256 0.147784 -0.0738801 0.289072 -0.150844 0.987839 -0.0376875 0.177168 0.067412 0.0483139 0.996555 0.104323
119 0.986253 0.147787 -0.0739243 0.289116 -0.150852 0.987836 -0.037721 0.177202 0.0674504 0.048354 0.99655 0.104322
120 0.985219 0.15504 -0.072847 0.292741 -0.157784 0.986905 -0.0335206 0.173938 0.066696 0.0445192 0.99678 0.105681
121 0.985144 0.157653 -0.0680946 0.294248 -0.160019 0.986634 -0.0307752 0.170582 0.0623327 0.0412144 0.997204 0.105693
122 0.985021 0.159693 -0.0650523 0.295431 -0.161834 0.98639 -0.0290616 0.167645 0.059526 0.039154 0.997459 0.10543
123 0.984698 0.163083 -0.0614391 0.297345 -0.164994 0.985914 -0.0273998 0.16513 0.0561052 0.0371176 0.997735 0.105476
124 0.984856 0.164987 -0.053275 0.297539 -0.166463 0.985742 -0.0245418 0.163057 0.0484664 0.0330384 0.998278 0.104437
125 0.984853 0.165093 -0.0529912 0.297314 -0.166559 0.985727 -0.0245137 0.163046 0.0481878 0.0329685 0.998294 0.104444
126 0.985067 0.165985 -0.0457264 0.295566 -0.167066 0.985724 -0.0209046 0.160538 0.0416038 0.0282318 0.998735 0.103533
127 0.984754 0.168953 -0.0414116 0.293967 -0.169811 0.98531 -0.0181237 0.158257 0.0377412 0.0248795 0.998978 0.102627
128 0.984568 0.170936 -0.0375141 0.292116 -0.171542 0.985084 -0.0135373 0.15504 0.0346405 0.0197636 0.999204 0.101845
129 0.984636 0.171523 -0.0327468 0.290422 -0.171951 0.985047 -0.0107122 0.151652 0.0304197 0.0161784 0.999406 0.100901
130 0.984712 0.171026 -0.0330405 0.290677 -0.171435 0.985145 -0.0099488 0.151084 0.0308482 0.015461 0.999404 0.100617
131 0.984972 0.170879 -0.025122 0.288179 -0.171125 0.985217 -0.00797029 0.147833 0.0233886 0.0121495 0.999653 0.0996201
132 0.985326 0.169863 -0.0167264 0.285096 -0.169998 0.98542 -0.00699176 0.14478 0.0152949 0.00973262 0.999836 0.0977612
133 0.985642 0.168703 -0.0069714 0.281571 -0.168741 0.985646 -0.00528439 0.142606 0.00597984 0.00638488 0.999962 0.0956803
134 0.985853 0.167529 0.00523568 0.276328 -0.16752 0.985866 -0.00210115 0.138871 -0.00551369 0.00119434 0.999984 0.0943327
135 0.986095 0.165414 0.0159348 0.269957 -0.165408 0.986224 -0.00173602 0.136588 -0.0160025 -0.000923864 0.999872 0.0923331
136 0.986208 0.164818 0.0151314 0.270444 -0.164811 0.986324 -0.00173835 0.136529 -0.015211 -0.000779457 0.999884 0.0923576
137 0.986515 0.161965 0.0235815 0.265091 -0.162019 0.986787 0.000416936 0.133484 -0.0232024 -0.00423197 0.999722 0.0910086
138 0.987119 0.156675 0.0323768 0.258619 -0.156808 0.987628 0.00158933 0.130743 -0.0317272 -0.00664579 0.999474 0.0895772
139 0.987843 0.150334 0.0395783 0.251904 -0.150541 0.988601 0.00229397 0.127153 -0.0387823 -0.00822424 0.999214 0.088596
140 0.988128 0.146054 0.0476511 0.244987 -0.1463 0.989239 0.00171111 0.125008 -0.0468884 -0.00866217 0.998863 0.0868503
141 0.988052 0.146416 0.0481118 0.244475 -0.146667 0.989184 0.00170694 0.125021 -0.0473415 -0.00874297 0.99884 0.0871208
142 0.988132 0.143129 0.055754 0.237218 -0.143551 0.989636 0.00362983 0.123001 -0.0546566 -0.0115903 0.998438 0.0860378
143 0.988116 0.140102 0.0632283 0.230412 -0.140782 0.99002 0.00641218 0.119311 -0.0616989 -0.0152374 0.997978 0.0857073
144 0.98808 0.135345 0.0733458 0.222472 -0.136169 0.990665 0.0063285 0.116433 -0.0718046 -0.0162405 0.997286 0.0841399
145 0.98778 0.132183 0.0825768 0.213342 -0.133124 0.991081 0.00596653 0.113782 -0.0810517 -0.0168866 0.996567 0.0829382
146 0.987442 0.129687 0.0902179 0.206281 -0.130758 0.991396 0.00603427 0.110359 -0.0886591 -0.0177552 0.995904 0.0819538
147 0.987188 0.123778 0.100687 0.198302 -0.124907 0.992156 0.0049592 0.108239 -0.0992838 -0.0174722 0.994906 0.0801129
148 0.987182 0.123794 0.100726 0.198272 -0.124913 0.992156 0.00485399 0.108327 -0.0993354 -0.0173738 0.994902 0.0801505
149 0.98666 0.118823 0.111277 0.189725 -0.12004 0.99276 0.00427577 0.10704 -0.109964 -0.0175764 0.99378 0.0784925
150 0.986082 0.114176 0.120853 0.181581 -0.115471 0.993304 0.00375064 0.106781 -0.119616 -0.0176535 0.992663 0.0775907
151 0.985354 0.110434 0.129931 0.173791 -0.112056 0.993688 0.00521657 0.105404 -0.128535 -0.0196998 0.991509 0.0766443
152 0.984477 0.106453 0.139544 0.166018 -0.108407 0.994086 0.00645595 0.103632 -0.138032 -0.0214833 0.990195 0.0757071
153 0.984471 0.106617 0.13946 0.166126 -0.108588 0.994065 0.00658057 0.103595 -0.137931 -0.0216222 0.990206 0.0756865
154 0.983554 0.100299 0.150208 0.158633 -0.102383 0.994726 0.00618828 0.101936 -0.148795 -0.0214653 0.988635 0.0747483
155 0.982774 0.0902786 0.16126 0.150107 -0.0921032 0.995742 0.00385952 0.100608 -0.160224 -0.0186455 0.986904 0.0733969
156 0.982153 0.0811947 0.169654 0.143295 -0.0826599 0.996577 0.00157949 0.100975 -0.168945 -0.0155749 0.985502 0.0715887
157 0.980516 0.0741529 0.181906 0.136005 -0.0755889 0.997139 0.000964581 0.100701 -0.181314 -0.0146959 0.983315 0.0704199
158 0.978725 0.0645332 0.194764 0.126312 -0.0657108 0.997839 -0.00041577 0.101098 -0.19437 -0.0123911 0.98085 0.0691152
159 0.978732 0.0644464 0.194756 0.126297 -0.0656546 0.997842 -0.000252431 0.100952 -0.194353 -0.0125396 0.980852 0.0690645
160 0.977587 0.0556165 0.203053 0.1173 -0.0564879 0.998402 -0.00150595 0.10037 -0.202812 -0.00999783 0.979167 0.0685155
161 0.976421 0.0502521 0.209944 0.109693 -0.0504617 0.998716 -0.00436192 0.100405 -0.209894 -0.00633508 0.977704 0.0674199
162 0.974958 0.0414304 0.218495 0.102357 -0.0412052 0.999135 -0.00558925 0.100384 -0.218538 -0.00355386 0.975822 0.0659242
163 0.973203 0.0275511 0.228289 0.0941902 -0.0267205 0.99962 -0.00672881 0.100504 -0.228388 0.000448483 0.97357 0.0646585
164 0.971101 0.0131206 0.238306 0.0843936 -0.0111131 0.999891 -0.00976577 0.101645 -0.238408 0.00683523 0.971141 0.0640126
165 0.969524 0.00236823 0.244985 0.0756946 0.000912313 0.999911 -0.0132764 0.103633 -0.244995 0.0130953 0.969436 0.0634873
166 0.967756 -0.00495164 0.251842 0.0685003 0.00908567 0.999842 -0.015255 0.105151 -0.251727 0.0170512 0.967648 0.0625143
167 0.965143 -0.0126892 0.261415 0.060681 0.0177908 0.999694 -0.0171582 0.10374 -0.261117 0.0212109 0.965074 0.0615027
168 0.961981 -0.0208433 0.272318 0.0514604 0.028918 0.999252 -0.0256716 0.103837 -0.27158 0.0325705 0.961865 0.0611889
169 0.958974 -0.0278498 0.282123 0.0420235 0.0396723 0.998554 -0.036279 0.106167 -0.280704 0.0459831 0.958692 0.0597541
170 0.956023 -0.0320688 0.291532 0.0327529 0.0465431 0.997997 -0.0428485 0.107624 -0.289574 0.054533 0.955601 0.0584035
171 0.952514 -0.0357492 0.302389 0.021808 0.0534038 0.997305 -0.0503161 0.109529 -0.299775 0.0640755 0.951856 0.058014
172 0.949146 -0.0406477 0.3122 0.0113077 0.0610075 0.996581 -0.0557216 0.11241 -0.308868 0.0719346 0.948381 0.0568754
173 0.945812 -0.0464631 0.321374 0.00097794 0.0687232 0.995933 -0.0582657 0.115249 -0.31736 0.0771942 0.945158 0.0559286
174 0.94225 -0.0509306 0.331015 -0.00876964 0.0743513 0.995516 -0.0584726 0.118564 -0.326553 0.0797073 0.941812 0.0544552
175 0.937669 -0.0548495 0.343174 -0.0210514 0.0794764 0.995142 -0.0581032 0.122001 -0.338319 0.0817558 0.937473 0.054651
176 0.934449 -0.0603024 0.350953 -0.0321256 0.0856589 0.994683 -0.0571645 0.124221 -0.34564 0.0834796 0.934646 0.0552751
177 0.931843 -0.067216 0.356582 -0.0409257 0.0932952 0.994038 -0.056428 0.126169 -0.350663 0.0858494 0.932558 0.0540053
178 0.92796 -0.0765619 0.364731 -0.0499935 0.104364 0.992898 -0.0571039 0.12837 -0.357769 0.091055 0.92936 0.054923
179 0.924987 -0.0813466 0.371189 -0.0569295 0.110736 0.992125 -0.0585247 0.130459 -0.363506 0.0952387 0.926711 0.0548056
180 0.920613 -0.0830634 0.381539 -0.0654869 0.114319 0.991633 -0.0599558 0.132624 -0.373366 0.0988133 0.922406 0.0547246
181 0.915749 -0.087871 0.392024 -0.0750523 0.121695 0.990615 -0.0622308 0.134317 -0.382877 0.104695 0.917848 0.0556392
182 0.911053 -0.0962551 0.400896 -0.0836744 0.133211 0.988935 -0.0652837 0.135843 -0.390176 0.112881 0.913795 0.0560715
183 0.906007 -0.105387 0.409934 -0.0916511 0.146438 0.986742 -0.069971 0.139257 -0.397125 0.123424 0.909428 0.0566054
184 0.901705 -0.109968 0.418132 -0.0993312 0.153379 0.985573 -0.071561 0.141161 -0.40423 0.12866 0.905563 0.0572884
185 0.897161 -0.111201 0.427477 -0.10644 0.156934 0.984896 -0.07316 0.142768 -0.412885 0.132722 0.901061 0.0578473
186 0.892123 -0.116364 0.43655 -0.114896 0.16446 0.983611 -0.073901 0.144921 -0.420796 0.137724 0.89664 0.0579222
187 0.888657 -0.119996 0.442593 -0.120247 0.168828 0.982978 -0.0724735 0.144989 -0.426363 0.139126 0.893789 0.0588322
188 0.882966 -0.12179 0.453364 -0.126511 0.173877 0.981918 -0.0748617 0.145827 -0.436049 0.14493 0.888176 0.0596706
189 0.875835 -0.129521 0.464905 -0.133747 0.185472 0.979669 -0.0764787 0.147067 -0.445547 0.15321 0.882051 0.0604411
190 0.86944 -0.134738 0.47531 -0.141765 0.194292 0.977821 -0.0782132 0.147405 -0.45423 0.160351 0.876335 0.0617789
191 0.864849 -0.136339 0.483164 -0.14958 0.198783 0.976757 -0.0801937 0.148914 -0.461001 0.1654 0.871849 0.0629881
192 0.861288 -0.137552 0.489144 -0.156368 0.202029 0.976001 -0.0812735 0.149317 -0.466226 0.168821 0.868408 0.0648143
193 0.856627 -0.137555 0.497262 -0.162229 0.204288 0.975463 -0.0820866 0.150815 -0.473769 0.171902 0.863709 0.0654666
194 0.848099 -0.142653 0.510272 -0.170147 0.212505 0.973801 -0.080957 0.151346 -0.485354 0.177095 0.856194 0.0695931
195 0.841932 -0.150124 0.51828 -0.177836 0.22397 0.971094 -0.0825484 0.15144 -0.490906 0.185579 0.851218 0.072955
196 0.83721 -0.155922 0.524183 -0.185878 0.234541 0.968242 -0.0865913 0.153302 -0.494035 0.195437 0.847192 0.0767613
197 0.833167 -0.161749 0.528839 -0.192283 0.243517 0.965875 -0.0882322 0.154368 -0.496521 0.202293 0.844123 0.0798411
198 0.828236 -0.164698 0.53563 -0.197869 0.249378 0.964298 -0.0891031 0.155367 -0.501832 0.207373 0.839739 0.0828672
199 0.822039 -0.166115 0.544664 -0.204169 0.253956 0.96306 -0.0895653 0.156827 -0.509666 0.211947 0.833858 0.0863054
200 0.815219 -0.169164 0.553897 -0.210995 0.260727 0.961192 -0.0901804 0.158218 -0.517146 0.217932 0.827687 0.0902588
201 0.808393 -0.172474 0.562809 -0.218689 0.266681 0.959671 -0.0889551 0.159973 -0.524769 0.222001 0.821786 0.0939294
202 0.802618 -0.177221 0.569559 -0.22732 0.272597 0.95828 -0.0859686 0.159587 -0.530562 0.22426 0.817442 0.0992549
203 0.799623 -0.179129 0.573162 -0.234546 0.275202 0.957653 -0.0846433 0.160964 -0.533728 0.225418 0.815059 0.103186
204 0.795885 -0.180667 0.577863 -0.240368 0.276354 0.957618 -0.081224 0.160839 -0.538698 0.22434 0.812082 0.107398
205 0.792095 -0.181845 0.582681 -0.24626 0.278101 0.957273 -0.0793019 0.15975 -0.543364 0.224859 0.808823 0.111251
206 0.788646 -0.182033 0.587283 -0.252838 0.280214 0.956617 -0.0797794 0.160937 -0.547282 0.227482 0.80544 0.115238
207 0.776581 -0.185841 0.601984 -0.265572 0.286547 0.955143 -0.0747895 0.161055 -0.561082 0.230577 0.794998 0.1242
208 0.770733 -0.191636 0.607656 -0.272964 0.294809 0.952728 -0.0734656 0.161625 -0.564853 0.235765 0.790795 0.129339
209 0.766656 -0.196953 0.611104 -0.279126 0.302951 0.950141 -0.0738437 0.162051 -0.566091 0.241747 0.788099 0.134821
210 0.762173 -0.202988 0.614726 -0.286159 0.312127 0.947135 -0.0742414 0.164403 -0.567158 0.248457 0.785239 0.139312
211 0.75841 -0.208127 0.617655 -0.291033 0.31739 0.945628 -0.0710766 0.165501 -0.569279 0.249943 0.783231 0.144401
212 0.752658 -0.209224 0.624285 -0.294495 0.318603 0.9455 -0.0672413 0.166277 -0.576193 0.249509 0.778297 0.149321
213 0.734376 -0.215927 0.64348 -0.310048 0.328319 0.942763 -0.058341 0.167188 -0.594052 0.254111 0.763236 0.159188
214 0.727657 -0.221766 0.649103 -0.315414 0.334816 0.940739 -0.0539326 0.166438 -0.598676 0.256575 0.758786 0.164507
215 0.721761 -0.221913 0.655603 -0.320664 0.337888 0.93964 -0.0539298 0.165957 -0.604063 0.260445 0.753177 0.169165
216 0.715163 -0.220468 0.663276 -0.326882 0.339601 0.939015 -0.0540458 0.168086 -0.610911 0.263901 0.746421 0.172839
217 0.70652 -0.220746 0.672384 -0.332816 0.341001 0.938725 -0.0501274 0.168454 -0.620119 0.2647 0.738503 0.178171
218 0.692852 -0.223296 0.685635 -0.345447 0.346465 0.936985 -0.0449569 0.169846 -0.632391 0.268697 0.726556 0.188879
219 0.687639 -0.228024 0.689317 -0.350408 0.351284 0.93537 -0.0410103 0.169962 -0.635415 0.270346 0.723298 0.194898
220 0.682226 -0.231875 0.693398 -0.353427 0.356804 0.933368 -0.0389341 0.169278 -0.638168 0.273969 0.719502 0.200482
221 0.674883 -0.233016 0.700169 -0.357594 0.362668 0.931072 -0.0397098 0.169389 -0.642655 0.280729 0.712872 0.204996
222 0.666655 -0.235337 0.70724 -0.363776 0.37022 0.928076 -0.0401544 0.170657 -0.646922 0.288604 0.705832 0.209476
223 0.660436 -0.239058 0.711812 -0.370424 0.376082 0.925807 -0.0380103 0.171991 -0.649913 0.292803 0.701341 0.214147
224 0.651153 -0.24363 0.71878 -0.376997 0.379774 0.924571 -0.0306604 0.171117 -0.657093 0.292939 0.694561 0.223623
225 0.643805 -0.246783 0.724302 -0.380593 0.386233 0.921939 -0.0291864 0.169992 -0.66056 0.29854 0.688865 0.22924
226 0.636346 -0.250304 0.729666 -0.384902 0.396292 0.917607 -0.0308335 0.170288 -0.661829 0.308781 0.683108 0.235047
227 0.630405 -0.254191 0.733469 -0.389081 0.404634 0.913952 -0.0310383 0.17106 -0.662465 0.316353 0.679014 0.239587
228 0.625563 -0.257869 0.736325 -0.392083 0.410685 0.911291 -0.0297636 0.171024 -0.663331 0.321016 0.675973 0.244791
229 0.619837 -0.260267 0.740313 -0.394754 0.417387 0.908228 -0.0301637 0.17099 -0.664522 0.327694 0.671585 0.249693
230 0.600137 -0.265888 0.754413 -0.401138 0.433611 0.90068 -0.0274989 0.172825 -0.672173 0.343625 0.655824 0.258319
231 0.58875 -0.269033 0.76223 -0.407308 0.440353 0.897521 -0.0233458 0.172404 -0.677837 0.349395 0.646885 0.264082
232 0.58415 -0.271845 0.764767 -0.411333 0.443242 0.896179 -0.0200032 0.172312 -0.67993 0.350661 0.643996 0.269089
233 0.580074 -0.27426 0.767004 -0.412986 0.445379 0.895185 -0.0167401 0.171743 -0.68202 0.351318 0.641423 0.274235
234 0.563519 -0.278976 0.777573 -0.419039 0.456442 0.889678 -0.0115938 0.174139 -0.688554 0.36145 0.628686 0.283675
235 0.555793 -0.283473 0.781497 -0.421121 0.460631 0.887574 -0.00564535 0.17245 -0.692036 0.363119 0.623884 0.288608
236 0.549448 -0.284676 0.785536 -0.422206 0.464828 0.885391 -0.00426363 0.171043 -0.694293 0.367482 0.618801 0.293115
237 0.543823 -0.281839 0.790458 -0.42436 0.466481 0.884514 -0.00555704 0.170833 -0.697605 0.371756 0.612491 0.297541
238 0.538818 -0.279101 0.794845 -0.426797 0.468134 0.883629 -0.00706724 0.170466 -0.700375 0.375902 0.606772 0.302084
239 0.53158 -0.280824 0.7991 -0.430902 0.477896 0.878368 -0.00922671 0.169729 -0.699313 0.386791 0.601128 0.310301
240 0.52826 -0.278958 0.80195 -0.432789 0.479612 0.877415 -0.0107209 0.169775 -0.700652 0.390288 0.597295 0.315131
241 0.523305 -0.278601 0.805316 -0.433426 0.482129 0.87604 -0.0102256 0.168747 -0.70264 0.393617 0.592758 0.319229
242 0.517055 -0.278613 0.809339 -0.434785 0.48816 0.872679 -0.0114483 0.167183 -0.703103 0.401006 0.587231 0.32417
243 0.512723 -0.279792 0.811684 -0.438005 0.498931 0.866485 -0.0164814 0.166296 -0.698701 0.413425 0.583864 0.328277
244 0.511873 -0.280488 0.81198 -0.440948 0.50623 0.862135 -0.0213147 0.167758 -0.694058 0.421959 0.583295 0.331406
245 0.505802 -0.280534 0.81576 -0.444003 0.511017 0.859306 -0.0213402 0.166133 -0.695001 0.427661 0.577996 0.33962
246 0.503283 -0.280727 0.81725 -0.446974 0.515811 0.856381 -0.0234804 0.166173 -0.693286 0.433364 0.575804 0.345452
247 0.503463 -0.281389 0.816912 -0.448301 0.517951 0.855054 -0.0246864 0.166083 -0.691557 0.43555 0.576233 0.348927
248 0.501462 -0.279891 0.818656 -0.44855 0.518275 0.854843 -0.0252032 0.16649 -0.692768 0.436927 0.573731 0.352194
249 0.495672 -0.279026 0.822468 -0.450548 0.519554 0.854118 -0.0233528 0.166984 -0.695969 0.438892 0.568332 0.355088
250 0.492036 -0.281846 0.823689 -0.453358 0.525285 0.850623 -0.0227201 0.16667 -0.694245 0.44385 0.566587 0.362027
251 0.489557 -0.283573 0.824573 -0.453368 0.529364 0.848093 -0.0226276 0.166795 -0.692898 0.447577 0.565303 0.365289
252 0.485676 -0.285402 0.826235 -0.454869 0.535268 0.84437 -0.0229743 0.166364 -0.691091 0.453415 0.562857 0.368805
253 0.483763 -0.28604 0.827136 -0.457008 0.539053 0.841926 -0.0241191 0.166255 -0.689489 0.457538 0.561484 0.373496
254 0.484874 -0.285123 0.826802 -0.459116 0.539011 0.841904 -0.025769 0.166257 -0.688741 0.45815 0.561902 0.376925
255 0.489148 -0.285291 0.824223 -0.46223 0.535816 0.843938 -0.0258735 0.16606 -0.688211 0.454288 0.565675 0.380362
256 0.501423 -0.28531 0.816807 -0.463654 0.527797 0.848926 -0.0274757 0.165747 -0.68557 0.444885 0.576257 0.387698
257 0.508013 -0.284407 0.813041 -0.464275 0.524082 0.851149 -0.0297258 0.166318 -0.683565 0.441202 0.581447 0.391081
258 0.513173 -0.283763 0.81002 -0.463401 0.520344 0.853405 -0.0306932 0.165931 -0.682565 0.43724 0.585599 0.394395
259 0.515603 -0.283501 0.808567 -0.464711 0.521021 0.852898 -0.0331974 0.16629 -0.680213 0.438397 0.587467 0.397987
260 0.519204 -0.282532 0.806599 -0.466317 0.518447 0.854416 -0.0344411 0.167081 -0.679441 0.436061 0.590094 0.400829
261 0.522088 -0.281575 0.805071 -0.467662 0.515195 0.856375 -0.034585 0.16749 -0.679705 0.432825 0.592169 0.404278
262 0.525175 -0.282278 0.802814 -0.468165 0.513941 0.857118 -0.0348313 0.167851 -0.678275 0.430892 0.595211 0.407479
263 0.530821 -0.281149 0.79949 -0.469805 0.50917 0.859927 -0.035661 0.168206 -0.677476 0.426006 0.59962 0.413393
264 0.536116 -0.277604 0.797192 -0.470022 0.502115 0.864017 -0.0368002 0.168086 -0.678572 0.420011 0.602603 0.416347
265 0.543087 -0.27608 0.792992 -0.468776 0.497587 0.866533 -0.039093 0.168146 -0.676361 0.415813 0.607976 0.417227
266 0.548054 -0.274338 0.790174 -0.470345 0.494427 0.868228 -0.0414907 0.168523 -0.674669 0.413423 0.611476 0.420077
267 0.553585 -0.274021 0.78642 -0.471358 0.491011 0.870118 -0.042453 0.168965 -0.672646 0.409642 0.616231 0.42282
268 0.557791 -0.273821 0.783512 -0.471487 0.488615 0.871424 -0.0433057 0.169353 -0.670914 0.406991 0.619865 0.425466
269 0.561415 -0.272435 0.781404 -0.472581 0.48489 0.873476 -0.0438431 0.168857 -0.670593 0.403509 0.622483 0.428166
270 0.577538 -0.267168 0.771409 -0.476281 0.470438 0.881179 -0.0470217 0.167912 -0.667186 0.390057 0.6346 0.434302
271 0.588699 -0.262767 0.764452 -0.475111 0.460536 0.88623 -0.0500288 0.168504 -0.664334 0.381509 0.642737 0.435445
272 0.595212 -0.259438 0.760536 -0.47566 0.45428 0.889331 -0.0521559 0.168463 -0.662837 0.37654 0.647198 0.43778
273 0.600672 -0.257377 0.756935 -0.477539 0.450192 0.891285 -0.054195 0.168715 -0.660696 0.37332 0.651239 0.439863
274 0.607391 -0.256182 0.751962 -0.476756 0.445627 0.893493 -0.055552 0.168931 -0.657641 0.368837 0.656862 0.441725
275 0.612241 -0.254564 0.748571 -0.476729 0.442591 0.894867 -0.0576719 0.168973 -0.65519 0.36662 0.660542 0.443412
276 0.615817 -0.253564 0.745973 -0.478024 0.440957 0.895546 -0.0596134 0.169055 -0.652937 0.365653 0.663303 0.444752
277 0.620705 -0.251787 0.742515 -0.479252 0.436682 0.897567 -0.060679 0.169364 -0.651179 0.361907 0.667075 0.446377
278 0.627389 -0.2492 0.737755 -0.47831 0.430129 0.900666 -0.0615552 0.169036 -0.649131 0.355949 0.672256 0.447962
279 0.633419 -0.246718 0.733424 -0.480456 0.424437 0.903284 -0.0627063 0.168697 -0.647019 0.351012 0.676873 0.447777
280 0.639532 -0.246082 0.728315 -0.482191 0.420522 0.90506 -0.0634595 0.168432 -0.643553 0.346857 0.682298 0.449655
281 0.648407 -0.244262 0.721044 -0.482079 0.414189 0.907873 -0.0649116 0.168048 -0.638761 0.340738 0.689842 0.450853
282 0.656847 -0.238336 0.715366 -0.482828 0.404418 0.912083 -0.067461 0.167707 -0.636394 0.333619 0.695486 0.451969
283 0.665543 -0.232282 0.709294 -0.486289 0.394077 0.916434 -0.0696528 0.167082 -0.633842 0.325874 0.701463 0.453549
284 0.676593 -0.228821 0.699902 -0.487183 0.38585 0.919723 -0.0723124 0.167531 -0.627169 0.318984 0.710569 0.454945
285 0.685786 -0.2254 0.692021 -0.487085 0.378605 0.922538 -0.0747108 0.167942 -0.621576 0.313238 0.718001 0.455309
286 0.696192 -0.218864 0.683678 -0.487042 0.367606 0.926733 -0.0776628 0.168504 -0.61659 0.305393 0.725639 0.455732
287 0.704649 -0.213038 0.676819 -0.487747 0.358277 0.930162 -0.0802268 0.1691 -0.61246 0.29902 0.731764 0.455799
288 0.710923 -0.21112 0.670833 -0.490246 0.353757 0.931766 -0.0816602 0.168984 -0.607819 0.295366 0.737099 0.456667
289 0.720191 -0.208621 0.661666 -0.49066 0.34739 0.933984 -0.0836348 0.169257 -0.600537 0.290089 0.74512 0.457063
290 0.729887 -0.202519 0.652879 -0.489672 0.337831 0.93718 -0.0869709 0.169639 -0.594251 0.284042 0.752453 0.457029
291 0.737675 -0.197164 0.645726 -0.492338 0.32935 0.939982 -0.0892358 0.168897 -0.589377 0.278497 0.758337 0.457251
292 0.746657 -0.192024 0.636891 -0.495296 0.320692 0.942732 -0.0917269 0.168637 -0.582804 0.272735 0.765477 0.458091
293 0.75677 -0.187337 0.626262 -0.495286 0.312529 0.945153 -0.0949289 0.168926 -0.574129 0.267564 0.773812 0.457514
294 0.765534 -0.181704 0.617205 -0.495476 0.304064 0.94758 -0.0981722 0.168899 -0.567012 0.262824 0.780654 0.457172
295 0.774152 -0.174459 0.608484 -0.496115 0.294103 0.950347 -0.101703 0.168738 -0.560528 0.257691 0.787022 0.456844
296 0.782566 -0.167909 0.599498 -0.498005 0.285177 0.952658 -0.105438 0.168313 -0.553413 0.253475 0.793401 0.456967
297 0.792779 -0.162681 0.587398 -0.498518 0.277346 0.954455 -0.10998 0.167762 -0.542753 0.250102 0.80179 0.45643
298 0.802628 -0.15567 0.575808 -0.500135 0.268062 0.956506 -0.115064 0.167026 -0.532852 0.246706 0.809447 0.455057
299 0.812297 -0.147886 0.564184 -0.500888 0.2581 0.958595 -0.120336 0.167044 -0.523027 0.243364 0.816833 0.454034
300 0.821771 -0.140877 0.552128 -0.501675 0.248181 0.960711 -0.124258 0.167303 -0.51293 0.23914 0.824448 0.452844
301 0.830577 -0.134906 0.540317 -0.501983 0.239216 0.962574 -0.127388 0.167181 -0.502909 0.235058 0.831763 0.451407
302 0.838279 -0.129085 0.529741 -0.502269 0.230809 0.964238 -0.130276 0.167107 -0.49398 0.231477 0.838094 0.449509
303 0.84589 -0.123643 0.518828 -0.502658 0.221895 0.966159 -0.131527 0.167193 -0.485008 0.226383 0.8447 0.446984
304 0.852982 -0.117499 0.508543 -0.502735 0.212539 0.968084 -0.132817 0.167248 -0.476706 0.221376 0.850731 0.444747
305 0.858816 -0.113383 0.49958 -0.502961 0.206427 0.969116 -0.134917 0.167791 -0.468853 0.218995 0.855697 0.442543
306 0.863986 -0.111828 0.49094 -0.503295 0.202779 0.969738 -0.135972 0.167929 -0.460878 0.21703 0.860517 0.440399
307 0.868687 -0.111241 0.48271 -0.50357 0.199958 0.970286 -0.136242 0.16789 -0.453211 0.214873 0.865118 0.438551
308 0.872771 -0.11001 0.475571 -0.503963 0.196472 0.97104 -0.135943 0.168206 -0.446843 0.212084 0.86911 0.437378
309 0.877587 -0.108815 0.466905 -0.504246 0.193025 0.971674 -0.136352 0.167995 -0.438842 0.209785 0.873732 0.433754
310 0.882147 -0.107558 0.458528 -0.505495 0.190651 0.971791 -0.138832 0.168611 -0.430661 0.209889 0.877768 0.43155
311 0.88807 -0.10694 0.447096 -0.506499 0.187451 0.972278 -0.139778 0.169026 -0.419754 0.207942 0.883497 0.427954
312 0.894106 -0.103568 0.435716 -0.50682 0.180621 0.973651 -0.139209 0.169162 -0.409818 0.203167 0.889254 0.424415
313 0.899366 -0.0979968 0.426071 -0.507506 0.171881 0.975335 -0.138485 0.169888 -0.401991 0.197782 0.894028 0.421225
314 0.904258 -0.0932873 0.416672 -0.508201 0.164356 0.976698 -0.138013 0.170558 -0.394088 0.193282 0.898519 0.418371
315 0.90896 -0.0898001 0.407096 -0.509586 0.158059 0.97785 -0.137213 0.17119 -0.385757 0.189066 0.90302 0.414463
316 0.913134 -0.0868502 0.398299 -0.510282 0.152137 0.979055 -0.135301 0.171788 -0.378206 0.184144 0.907222 0.41111
317 0.916407 -0.0874077 0.390586 -0.511277 0.149858 0.979811 -0.132333 0.172235 -0.371134 0.179804 0.911005 0.407185
318 0.920567 -0.0882785 0.380478 -0.512488 0.148291 0.98018 -0.131368 0.173141 -0.36134 0.177354 0.915412 0.403296
319 0.925522 -0.0844459 0.36916 -0.513204 0.141426 0.981365 -0.130082 0.173651 -0.351296 0.172602 0.920217 0.399404
320 0.92916 -0.0800039 0.360916 -0.514187 0.13508 0.982267 -0.130017 0.174128 -0.344115 0.169559 0.923491 0.396955
321 0.933019 -0.0770232 0.351487 -0.514819 0.130345 0.982826 -0.130628 0.175589 -0.335389 0.167693 0.927035 0.391137
322 0.936308 -0.0730355 0.343502 -0.515578 0.124601 0.983587 -0.130504 0.176327 -0.328333 0.164993 0.93004 0.386799
323 0.939747 -0.0698133 0.334666 -0.516705 0.119311 0.984351 -0.129686 0.176993 -0.320375 0.161801 0.93337 0.381852
324 0.94384 -0.0669175 0.323556 -0.51764 0.114165 0.985011 -0.129309 0.177701 -0.310053 0.158985 0.937332 0.377189
325 0.947901 -0.0615238 0.312568 -0.518507 0.106014 0.986171 -0.127389 0.178464 -0.300408 0.153888 0.941315 0.372142
326 0.951335 -0.0526047 0.303635 -0.518948 0.0937923 0.988003 -0.122694 0.179002 -0.293538 0.145202 0.944855 0.368317
327 0.954062 -0.0453299 0.296159 -0.518711 0.084294 0.989171 -0.120147 0.181062 -0.287506 0.139592 0.947552 0.363344
328 0.955931 -0.0441907 0.290247 -0.519428 0.0816811 0.989607 -0.118348 0.181942 -0.282 0.13684 0.949606 0.359243
329 0.957896 -0.0432851 0.283833 -0.519866 0.0789298 0.990181 -0.115372 0.182681 -0.276053 0.132917 0.951908 0.354409
330 0.959281 -0.040337 0.279559 -0.52072 0.0739967 0.991072 -0.110913 0.183167 -0.272589 0.127083 0.953701 0.350606
331 0.96076 -0.0379717 0.274769 -0.521446 0.0701382 0.991651 -0.108205 0.183909 -0.268366 0.123231 0.955402 0.347352
332 0.96243 -0.0360237 0.26913 -0.521938 0.0668024 0.99211 -0.106095 0.184569 -0.263184 0.120087 0.957242 0.344155
333 0.963289 -0.0330262 0.266428 -0.523322 0.0629668 0.992516 -0.104629 0.184516 -0.260978 0.117564 0.958159 0.342816
334 0.964168 -0.0311972 0.263453 -0.523887 0.0608272 0.992603 -0.105071 0.184958 -0.258226 0.117331 0.958933 0.340292
335 0.964341 -0.0313668 0.262797 -0.523562 0.0608926 0.992609 -0.104972 0.184935 -0.257562 0.117231 0.959124 0.339188
336 0.965531 -0.0316714 0.258352 -0.524171 0.0609719 0.992474 -0.106201 0.185337 -0.253044 0.118293 0.960196 0.335345
337 0.967527 -0.0318957 0.250746 -0.521852 0.0612418 0.99203 -0.110118 0.18686 -0.245235 0.121898 0.96177 0.328254
338 0.968169 -0.0283352 0.248688 -0.522711 0.0585995 0.991618 -0.11515 0.187484 -0.24334 0.126058 0.961715 0.325752
339 0.969495 -0.0215809 0.244161 -0.523282 0.0522772 0.991403 -0.11995 0.187964 -0.239473 0.129055 0.962288 0.322701
340 0.970888 -0.0140478 0.239122 -0.524185 0.0446591 0.991391 -0.123085 0.187925 -0.235334 0.13018 0.963157 0.319753
341 0.971979 -0.00894364 0.234896 -0.525169 0.0397041 0.991165 -0.126553 0.187804 -0.231689 0.132334 0.963747 0.317275
342 0.972926 -0.00460639 0.231072 -0.526118 0.0358678 0.990697 -0.131272 0.188479 -0.228317 0.136006 0.96404 0.3149
343 0.974133 0.000793012 0.225974 -0.526885 0.0305933 0.990324 -0.135358 0.188701 -0.223895 0.13877 0.964683 0.312426
344 0.975414 0.00666202 0.22028 -0.52767 0.0248867 0.98982 -0.140135 0.188595 -0.218971 0.142172 0.965318 0.309917
345 0.975446 0.00648097 0.220142 -0.527687 0.0249904 0.989854 -0.139874 0.188309 -0.218815 0.141941 0.965387 0.309586
346 0.975797 0.0120967 0.218345 -0.528298 0.0201444 0.989251 -0.144832 0.188918 -0.21775 0.145725 0.965064 0.308544
347 0.97651 0.0161519 0.214864 -0.529539 0.0165905 0.98859 -0.149715 0.189652 -0.21483 0.149763 0.9651 0.304838
348 0.978836 0.0223804 0.203421 -0.528739 0.00942075 0.988021 -0.154034 0.192077 -0.204432 0.15269 0.966899 0.29649
349 0.979674 0.0301078 0.198324 -0.529658 0.000851971 0.988039 -0.154204 0.192098 -0.200595 0.151238 0.96793 0.293437
350 0.980304 0.0364212 0.194105 -0.530616 -0.00583289 0.987759 -0.155881 0.193047 -0.197407 0.151679 0.968516 0.290187
