9 0.999319 -0.0367473 0.00339132 -0.00646162 0.0365517 0.998263 0.0462097 -0.0153975 -0.00508351 -0.0460543 0.998926 0.0268563
10 0.999344 -0.0362063 0.000732208 -0.00754693 0.0361106 0.997821 0.0552219 -0.0181499 -0.00272999 -0.0551592 0.998474 0.0310199
11 0.999386 -0.035029 -0.000547315 -0.00917745 0.0349937 0.997392 0.0631226 -0.0195963 -0.00166524 -0.063103 0.998006 0.0365249
12 0.999364 -0.0356206 -0.00175958 -0.0104697 0.035657 0.996965 0.0692049 -0.0204132 -0.000710879 -0.0692236 0.997601 0.0412281
13 0.999345 -0.0361694 -0.000754592 -0.0125127 0.0361201 0.996374 0.0770281 -0.0236457 -0.0020342 -0.0770049 0.997029 0.0472219
14 0.999239 -0.0387329 0.00461648 -0.0150962 0.0381463 0.995047 0.091792 -0.0278664 -0.00814898 -0.0915461 0.995768 0.0569464
15 0.999123 -0.0401243 0.0119738 -0.0186844 0.0387379 0.994286 0.0994768 -0.0315447 -0.0158968 -0.0989257 0.994968 0.0639953
16 0.999079 -0.0399945 0.0155609 -0.0196461 0.038274 0.994406 0.0984509 -0.0323491 -0.0194114 -0.0977646 0.99502 0.0684324
17 0.999115 -0.0383756 0.0172424 -0.019498 0.036456 0.994274 0.100454 -0.0349507 -0.0209986 -0.0997363 0.994792 0.0711304
18 0.999154 -0.0370784 0.0178019 -0.020003 0.034912 0.993369 0.109542 -0.0395833 -0.0217455 -0.108828 0.993823 0.0747528
19 0.998941 -0.0410314 0.0208187 -0.0224281 0.0383677 0.99259 0.115295 -0.0402057 -0.0253952 -0.114374 0.993113 0.0814498
20 0.998672 -0.0455189 0.0241494 -0.0236386 0.0424057 0.992266 0.116665 -0.0406873 -0.0292731 -0.115486 0.992878 0.0866554
21 0.998167 -0.0509212 0.0326968 -0.0276858 0.0466237 0.991567 0.120914 -0.0442684 -0.0385782 -0.119168 0.992124 0.0989743
22 0.997632 -0.055245 0.0409771 -0.0309308 0.0495789 0.990492 0.128323 -0.0513514 -0.0476767 -0.125987 0.990886 0.104019
23 0.997265 -0.0592252 0.0442209 -0.0313363 0.0527068 0.989266 0.136289 -0.0563602 -0.051818 -0.133586 0.989682 0.107865
24 0.996761 -0.0642388 0.0483806 -0.0325449 0.0568703 0.988414 0.140726 -0.0566734 -0.0568602 -0.137519 0.988866 0.113841
25 0.996452 -0.0669755 0.0509585 -0.0333242 0.0592677 0.988364 0.140089 -0.0565463 -0.059748 -0.136571 0.988827 0.118781
26 0.996103 -0.0677249 0.0564973 -0.0357334 0.0590513 0.987939 0.143139 -0.060153 -0.06551 -0.139245 0.988089 0.125502
27 0.995504 -0.06916 0.0647239 -0.038238 0.059247 0.987772 0.144208 -0.0628909 -0.0739059 -0.139725 0.987428 0.131672
28 0.994561 -0.0683108 0.07863 -0.0401798 0.0555359 0.986428 0.154519 -0.0714447 -0.0881181 -0.149311 0.984856 0.138731
29 0.994074 -0.0688447 0.0841284 -0.0409716 0.0548101 0.985752 0.159025 -0.0728906 -0.0938778 -0.153471 0.983684 0.143129
30 0.993656 -0.0694614 0.0884461 -0.0415928 0.0544734 0.985314 0.161833 -0.0736847 -0.0983883 -0.155988 0.982847 0.147215
31 0.993051 -0.0706165 0.0941459 -0.0431219 0.0544982 0.984962 0.163949 -0.0749605 -0.104308 -0.157679 0.981966 0.151986
32 0.992236 -0.0722622 0.101221 -0.044839 0.0548035 0.984648 0.165725 -0.0767945 -0.111642 -0.158891 0.980964 0.157014
33 0.990936 -0.0750528 0.111412 -0.0469056 0.0553271 0.983781 0.170627 -0.0807609 -0.122411 -0.162917 0.979017 0.161122
34 0.989124 -0.0844381 0.120432 -0.0463718 0.0609608 0.980508 0.186782 -0.0853383 -0.133856 -0.177409 0.974992 0.165142
35 0.988529 -0.086183 0.124028 -0.0463418 0.0612738 0.979438 0.192214 -0.0852988 -0.138044 -0.182409 0.973484 0.16827
36 0.987967 -0.0856008 0.128818 -0.0472374 0.0590018 0.978485 0.197699 -0.0862327 -0.14297 -0.18772 0.971762 0.17192
37 0.987223 -0.0867184 0.133679 -0.048026 0.0590274 0.978281 0.198699 -0.0853274 -0.148006 -0.188269 0.970901 0.175205
38 0.986597 -0.08834 0.137193 -0.0481891 0.0596311 0.977816 0.2008 -0.0865198 -0.151888 -0.189927 0.969978 0.176904
39 0.985155 -0.0909242 0.145608 -0.0497026 0.0580338 0.974671 0.215983 -0.0913792 -0.161558 -0.204327 0.965479 0.18308
40 0.983429 -0.0935528 0.155292 -0.0519676 0.0567636 0.972395 0.226331 -0.0944384 -0.172179 -0.213766 0.961592 0.18772
41 0.981805 -0.0964385 0.163578 -0.0530292 0.0575716 0.972065 0.227539 -0.0935158 -0.180952 -0.213982 0.959931 0.191375
42 0.981206 -0.0963937 0.167159 -0.0522544 0.0567007 0.972073 0.227727 -0.0939015 -0.184442 -0.213969 0.95927 0.19216
43 0.98081 -0.094292 0.170649 -0.052434 0.0529587 0.971211 0.23226 -0.0959341 -0.187637 -0.218766 0.957567 0.194355
44 0.979145 -0.0949877 0.179588 -0.0546706 0.0508001 0.970358 0.236271 -0.096998 -0.196708 -0.222221 0.954947 0.19938
45 0.976481 -0.0997762 0.191127 -0.0564413 0.0515191 0.968776 0.242527 -0.0997858 -0.209358 -0.226976 0.951132 0.203417
46 0.971818 -0.104946 0.211083 -0.0574527 0.0513671 0.968194 0.244873 -0.10039 -0.230067 -0.227129 0.946299 0.210457
47 0.970344 -0.101391 0.219435 -0.0578275 0.044806 0.967492 0.2489 -0.103595 -0.237538 -0.231687 0.943343 0.212822
48 0.967308 -0.103051 0.231723 -0.0593931 0.041238 0.965473 0.257219 -0.106419 -0.250229 -0.239254 0.938159 0.217203
49 0.96288 -0.110048 0.24648 -0.0609931 0.0423298 0.963383 0.264768 -0.107946 -0.266592 -0.244506 0.93228 0.221834
50 0.957764 -0.119236 0.26167 -0.0622249 0.0457315 0.961557 0.27077 -0.1091 -0.283896 -0.247367 0.926398 0.227146
51 0.946395 -0.129672 0.295841 -0.064626 0.0433676 0.958599 0.281437 -0.113911 -0.320088 -0.25352 0.912837 0.236681
52 0.938893 -0.13496 0.316646 -0.0665317 0.0414815 0.957588 0.285141 -0.115058 -0.341699 -0.254582 0.904671 0.242167
53 0.931009 -0.141072 0.336631 -0.0673405 0.0406725 0.956641 0.288415 -0.116935 -0.362723 -0.254825 0.89638 0.246082
54 0.924032 -0.146435 0.35316 -0.0667877 0.0407964 0.956232 0.289751 -0.117218 -0.380133 -0.253332 0.889563 0.248649
55 0.917134 -0.150715 0.368984 -0.068352 0.0397336 0.955712 0.291609 -0.118603 -0.396593 -0.252783 0.882505 0.253808
56 0.896209 -0.16542 0.411637 -0.0705066 0.0426585 0.955714 0.291188 -0.120908 -0.441575 -0.243405 0.863577 0.264225
57 0.886385 -0.168975 0.431009 -0.072301 0.0418183 0.956427 0.288962 -0.122944 -0.461056 -0.238108 0.854829 0.270055
58 0.876458 -0.171942 0.44973 -0.0730852 0.0402278 0.956946 0.287465 -0.125261 -0.479795 -0.233859 0.84564 0.272677
59 0.865264 -0.17741 0.468876 -0.073305 0.0389341 0.956244 0.289968 -0.127546 -0.499803 -0.232643 0.834311 0.275316
60 0.846702 -0.182755 0.499696 -0.0733882 0.0348365 0.956186 0.290681 -0.128543 -0.530926 -0.228712 0.815971 0.284044
61 0.836727 -0.184365 0.515653 -0.0747661 0.0328097 0.95681 0.288857 -0.129724 -0.546637 -0.224776 0.806637 0.288816
62 0.826286 -0.184872 0.532047 -0.0753571 0.0292686 0.957417 0.287222 -0.131409 -0.56249 -0.221755 0.796511 0.292679
63 0.809083 -0.190509 0.55596 -0.0756553 0.0317878 0.958803 0.282289 -0.132252 -0.586834 -0.210723 0.781807 0.298365
64 0.803331 -0.196412 0.562211 -0.0754739 0.0357964 0.958266 0.283628 -0.133189 -0.594456 -0.207722 0.776836 0.299754
65 0.799868 -0.197923 0.566601 -0.0738733 0.0340532 0.957505 0.2864 -0.134099 -0.599209 -0.209788 0.772618 0.302374
66 0.792198 -0.204333 0.57504 -0.0749837 0.0410976 0.958003 0.283797 -0.134449 -0.608879 -0.20119 0.767325 0.30932
67 0.783515 -0.212676 0.583844 -0.0764839 0.0480382 0.957523 0.284328 -0.135272 -0.619514 -0.194728 0.76045 0.315209
68 0.776324 -0.220018 0.590689 -0.0754548 0.0535065 0.956724 0.286036 -0.137327 -0.628059 -0.190451 0.7545 0.317491
69 0.768067 -0.225378 0.599398 -0.0753877 0.0561533 0.956117 0.287552 -0.137934 -0.637903 -0.187201 0.747018 0.320074
70 0.748462 -0.234913 0.620178 -0.0742141 0.0607078 0.955504 0.288663 -0.13882 -0.660393 -0.178404 0.72942 0.323792
71 0.740165 -0.242202 0.627291 -0.0737965 0.0655023 0.954412 0.291217 -0.139475 -0.669228 -0.17446 0.722287 0.326727
72 0.722343 -0.252971 0.643604 -0.0720764 0.0716089 0.953048 0.29423 -0.14034 -0.687817 -0.166447 0.706543 0.333918
73 0.708361 -0.261464 0.655638 -0.0730701 0.0774072 0.952036 0.296034 -0.141064 -0.701593 -0.158948 0.694624 0.333765
74 0.698517 -0.269605 0.662863 -0.0702238 0.0824811 0.950472 0.299666 -0.141316 -0.710824 -0.154648 0.686159 0.337469
75 0.690864 -0.270964 0.670288 -0.0698109 0.0819493 0.950486 0.299769 -0.141731 -0.718325 -0.15217 0.678862 0.339524
76 0.662319 -0.274146 0.697264 -0.071238 0.0732954 0.949895 0.303852 -0.1443 -0.745628 -0.150141 0.649227 0.348501
77 0.644642 -0.277368 0.712393 -0.0715985 0.0708798 0.949531 0.305559 -0.14499 -0.761192 -0.146482 0.631767 0.352473
78 0.627128 -0.280976 0.726472 -0.0718638 0.0668001 0.948636 0.309237 -0.147514 -0.776046 -0.145403 0.613686 0.35865
79 0.614797 -0.281421 0.736768 -0.0701434 0.0650163 0.949077 0.308263 -0.147614 -0.786001 -0.141617 0.601786 0.362608
80 0.585502 -0.2852 0.758847 -0.0694165 0.0613033 0.948969 0.309355 -0.148939 -0.80835 -0.134608 0.573107 0.367893
81 0.567081 -0.287349 0.771913 -0.0682097 0.0531058 0.947978 0.313876 -0.152595 -0.821948 -0.137 0.55284 0.374776
82 0.55328 -0.286151 0.782304 -0.0662175 0.0506308 0.948961 0.311303 -0.15247 -0.831455 -0.132629 0.539529 0.377963
83 0.54049 -0.287138 0.790836 -0.0626927 0.0541078 0.949878 0.307904 -0.152135 -0.839609 -0.123628 0.528936 0.381835
84 0.513893 -0.286319 0.808663 -0.0599624 0.0527053 0.951414 0.303369 -0.156312 -0.856234 -0.113278 0.504016 0.391529
85 0.501346 -0.282927 0.817682 -0.0582031 0.0535452 0.953361 0.297044 -0.156859 -0.863588 -0.105139 0.493113 0.395096
86 0.488698 -0.278306 0.826873 -0.0574345 0.05447 0.955641 0.289454 -0.156853 -0.870751 -0.0964158 0.482179 0.399469
87 0.469648 -0.267831 0.841247 -0.0555163 0.0553838 0.959934 0.274698 -0.158871 -0.881115 -0.0824199 0.465665 0.406369
88 0.458244 -0.264524 0.848551 -0.054745 0.0574665 0.961507 0.268703 -0.158492 -0.886967 -0.0743682 0.455806 0.408234
89 0.445535 -0.262455 0.85593 -0.0539492 0.0555575 0.962326 0.26616 -0.158772 -0.893539 -0.0710304 0.443331 0.414359
90 0.439036 -0.258266 0.86055 -0.0507464 0.0568526 0.963862 0.260266 -0.158426 -0.896669 -0.0653418 0.437853 0.41491
91 0.414313 -0.2604 0.872087 -0.0486298 0.0577789 0.963789 0.260332 -0.157127 -0.908299 -0.0574705 0.414356 0.421571
92 0.401424 -0.265595 0.876537 -0.0475721 0.0589458 0.962539 0.264658 -0.156655 -0.913993 -0.0545722 0.402042 0.425481
93 0.391955 -0.269538 0.879614 -0.0443722 0.061103 0.961634 0.267444 -0.156007 -0.917953 -0.0510789 0.393387 0.428054
94 0.38169 -0.273274 0.882969 -0.0425308 0.0643096 0.960831 0.269572 -0.155927 -0.92205 -0.0461095 0.384314 0.431582
95 0.373599 -0.273538 0.886342 -0.0402455 0.0666515 0.960977 0.268477 -0.155584 -0.925193 -0.0412267 0.377251 0.433782
96 0.356085 -0.272919 0.893711 -0.0371609 0.0648167 0.961309 0.267737 -0.154205 -0.932203 -0.0374097 0.359997 0.437741
97 0.345573 -0.276808 0.896636 -0.0351039 0.0654295 0.960285 0.271241 -0.153503 -0.936108 -0.0350671 0.34996 0.444115
98 0.345067 -0.277509 0.896614 -0.0328913 0.0691579 0.960211 0.270577 -0.153213 -0.936027 -0.0313592 0.350529 0.445935
99 0.343163 -0.279579 0.896702 -0.0311736 0.0725314 0.959711 0.271467 -0.152959 -0.936471 -0.0281184 0.349616 0.447375
100 0.341516 -0.280911 0.896915 -0.0293227 0.0719138 0.959303 0.273068 -0.152614 -0.937121 -0.0287566 0.347819 0.449071
101 0.344257 -0.288364 0.893495 -0.0252793 0.072847 0.957 0.280792 -0.15089 -0.936045 -0.0315762 0.35046 0.453075
102 0.350774 -0.29234 0.88966 -0.0231342 0.0713115 0.955604 0.285893 -0.151061 -0.933741 -0.0368409 0.356049 0.454154
103 0.349404 -0.296585 0.888793 -0.0222794 0.0671432 0.954067 0.291971 -0.151596 -0.934563 -0.0423396 0.353269 0.458032
104 0.351653 -0.29847 0.887274 -0.019212 0.0588492 0.952984 0.297251 -0.150886 -0.934279 -0.0523135 0.352684 0.46015
105 0.355258 -0.296951 0.886347 -0.017245 0.0501587 0.95289 0.299141 -0.150549 -0.933421 -0.0618143 0.353417 0.46204
106 0.356705 -0.303392 0.883581 -0.0141083 0.0504442 0.950673 0.306065 -0.150009 -0.932854 -0.0646032 0.354414 0.465108
107 0.360588 -0.308798 0.880125 -0.0117949 0.0507748 0.948705 0.312058 -0.149637 -0.931342 -0.0678361 0.357771 0.466313
108 0.363412 -0.310005 0.878538 -0.00855947 0.0507477 0.9482 0.313595 -0.148979 -0.930245 -0.0693803 0.36032 0.467882
109 0.366747 -0.310121 0.87711 -0.00663039 0.0516129 0.948134 0.313652 -0.149056 -0.928888 -0.0697605 0.363731 0.468049
110 0.369611 -0.308288 0.876553 -0.00455768 0.0487496 0.94849 0.313033 -0.148863 -0.927907 -0.0729688 0.365602 0.469516
111 0.375423 -0.304294 0.875479 -0.00213515 0.0447108 0.949416 0.31082 -0.148251 -0.925775 -0.0775456 0.370038 0.470458
112 0.391619 -0.299129 0.870147 0.00238368 0.0449693 0.950773 0.306607 -0.147884 -0.919028 -0.0809431 0.385792 0.472741
113 0.393332 -0.301015 0.868723 0.00153229 0.0504965 0.950531 0.306498 -0.149509 -0.918009 -0.076688 0.389074 0.47619
114 0.397939 -0.308338 0.864044 0.00263412 0.055968 0.948233 0.312605 -0.149454 -0.915703 -0.0760393 0.394596 0.476295
115 0.404047 -0.310322 0.860492 0.00697177 0.0537647 0.947128 0.31632 -0.148656 -0.913157 -0.0815441 0.399369 0.478373
116 0.409938 -0.304018 0.859956 0.0102479 0.0516302 0.949039 0.310899 -0.148344 -0.910651 -0.0830496 0.404744 0.478342
117 0.410072 -0.30052 0.861121 0.0104755 0.0535272 0.950459 0.306207 -0.14843 -0.910481 -0.0794738 0.405843 0.478255
118 0.405465 -0.295146 0.865152 0.0131533 0.0416542 0.951423 0.305055 -0.147993 -0.913161 -0.087652 0.398063 0.477633
119 0.401419 -0.292408 0.867963 0.0163745 0.035688 0.951941 0.304194 -0.146764 -0.915199 -0.0911337 0.392563 0.479869
120 0.405076 -0.29022 0.866998 0.019474 0.0366904 0.952678 0.301758 -0.146018 -0.913547 -0.0904242 0.396555 0.48016
121 0.408141 -0.29102 0.865291 0.0216225 0.0441386 0.953011 0.299703 -0.145991 -0.911851 -0.0841283 0.401808 0.480562
122 0.413905 -0.287696 0.863663 0.0240125 0.0458792 0.954134 0.295845 -0.145516 -0.909163 -0.0828274 0.408119 0.482529
123 0.428491 -0.280686 0.858843 0.0261973 0.0411252 0.955598 0.29179 -0.146001 -0.90261 -0.0897092 0.421009 0.482825
124 0.443663 -0.272755 0.853679 0.0283352 0.0358676 0.957202 0.287191 -0.146194 -0.895476 -0.0967962 0.434458 0.482573
125 0.458774 -0.261667 0.849151 0.0305169 0.0175992 0.958144 0.285745 -0.146126 -0.888379 -0.116148 0.444177 0.481817
126 0.457627 -0.259112 0.850552 0.0303906 0.00329659 0.957084 0.289793 -0.14627 -0.889138 -0.129813 0.438841 0.478769
127 0.457642 -0.255631 0.851597 0.0324374 -0.0139397 0.955599 0.294341 -0.146026 -0.889027 -0.146574 0.433758 0.480122
128 0.470831 -0.252863 0.845209 0.034788 -0.025183 0.953802 0.299379 -0.14567 -0.881864 -0.162242 0.442711 0.481488
129 0.496479 -0.246937 0.832184 0.0380996 -0.0295624 0.953318 0.300519 -0.144955 -0.867545 -0.173803 0.466002 0.483477
130 0.519653 -0.238202 0.8205 0.0393555 -0.0302499 0.954617 0.296296 -0.145001 -0.853842 -0.178791 0.488864 0.482548
131 0.534551 -0.21587 0.817102 0.0423495 -0.0572819 0.955351 0.289868 -0.144756 -0.843193 -0.201754 0.498318 0.482688
132 0.536685 -0.209905 0.817257 0.0420678 -0.0699434 0.954163 0.291 -0.145454 -0.840879 -0.213337 0.497404 0.482578
133 0.541689 -0.208205 0.814385 0.0421607 -0.0690399 0.954545 0.28996 -0.145894 -0.837739 -0.213293 0.502692 0.48219
134 0.547964 -0.210322 0.80963 0.0410863 -0.0704527 0.952833 0.295205 -0.146502 -0.83353 -0.218802 0.5073 0.481385
135 0.559347 -0.212332 0.801278 0.0419441 -0.0800642 0.948279 0.307176 -0.147032 -0.825058 -0.235972 0.513417 0.482966
136 0.59096 -0.209554 0.779008 0.0478951 -0.0982626 0.939782 0.327345 -0.145752 -0.800694 -0.269995 0.534782 0.486502
137 0.602831 -0.205378 0.770983 0.0498002 -0.105449 0.937318 0.332137 -0.145455 -0.79087 -0.281522 0.543388 0.487727
138 0.611809 -0.202419 0.764667 0.0504632 -0.104542 0.937531 0.331823 -0.145807 -0.784067 -0.282952 0.552429 0.488524
139 0.621355 -0.204335 0.756416 0.0489361 -0.0994385 0.937025 0.334807 -0.146881 -0.777194 -0.283251 0.561907 0.487986
140 0.635984 -0.205875 0.743734 0.0498816 -0.0994907 0.93384 0.343576 -0.147049 -0.765262 -0.292503 0.573424 0.488223
141 0.653804 -0.202323 0.729114 0.0502699 -0.105998 0.929598 0.353005 -0.147426 -0.749203 -0.30808 0.586329 0.489225
142 0.671476 -0.198546 0.713932 0.0509355 -0.11225 0.925067 0.362838 -0.147924 -0.732475 -0.323776 0.598873 0.490542
143 0.70184 -0.177807 0.689786 0.0533781 -0.128986 0.920617 0.368548 -0.148451 -0.700559 -0.347635 0.623191 0.493433
144 0.714718 -0.169567 0.678547 0.0540238 -0.13552 0.918205 0.372202 -0.148553 -0.686158 -0.357976 0.633277 0.495104
145 0.730089 -0.159076 0.664578 0.0549206 -0.143016 0.915421 0.376233 -0.148784 -0.668218 -0.36973 0.645588 0.496896
146 0.747463 -0.142198 0.648906 0.056396 -0.151343 0.914683 0.374768 -0.148648 -0.646834 -0.378332 0.662171 0.498878
147 0.764041 -0.125068 0.63293 0.0553661 -0.158934 0.914311 0.372526 -0.149405 -0.625286 -0.385219 0.678693 0.498462
148 0.777063 -0.10938 0.619846 0.0558321 -0.170443 0.911424 0.374507 -0.149711 -0.605906 -0.396664 0.689591 0.498725
149 0.78846 -0.0885467 0.608679 0.0568915 -0.187841 0.907645 0.375361 -0.149621 -0.585702 -0.410292 0.699009 0.501071
150 0.800988 -0.0685028 0.594748 0.0570451 -0.198812 0.906619 0.372178 -0.149852 -0.564705 -0.416353 0.712572 0.501672
151 0.813779 -0.0567727 0.578394 0.056184 -0.202199 0.905385 0.373355 -0.150736 -0.544866 -0.42078 0.725304 0.500435
152 0.826462 -0.0497801 0.560787 0.0569276 -0.203829 0.902052 0.380468 -0.150783 -0.524799 -0.428747 0.735365 0.501975
153 0.838979 -0.0363964 0.542946 0.0575273 -0.209945 0.898862 0.38467 -0.151089 -0.502034 -0.436719 0.746484 0.503659
154 0.848399 -0.0205913 0.528957 0.0579333 -0.218784 0.896266 0.385799 -0.151537 -0.48203 -0.443039 0.755886 0.504375
155 0.856537 0.00022647 0.516085 0.0580629 -0.232643 0.892802 0.385722 -0.153561 -0.460675 -0.450449 0.764771 0.505568
156 0.864401 0.0109368 0.502684 0.0585183 -0.237341 0.890245 0.388757 -0.154017 -0.44326 -0.45535 0.772125 0.506519
157 0.871517 0.0197469 0.489968 0.0585259 -0.239447 0.889104 0.390076 -0.155454 -0.42793 -0.457279 0.779597 0.507104
158 0.873542 0.0338387 0.48557 0.058194 -0.245108 0.892449 0.378757 -0.156867 -0.42053 -0.449878 0.787886 0.507175
159 0.876121 0.0462752 0.479865 0.0580971 -0.246218 0.898722 0.36287 -0.158357 -0.414474 -0.43607 0.798783 0.506638
160 0.881409 0.0582226 0.468753 0.0577029 -0.246839 0.902868 0.351995 -0.159457 -0.402728 -0.425958 0.810167 0.506301
161 0.885813 0.0696772 0.458782 0.0571303 -0.248004 0.906708 0.341138 -0.161142 -0.392212 -0.415964 0.820453 0.505228
162 0.889371 0.0854521 0.449129 0.0564216 -0.2559 0.907117 0.334146 -0.162282 -0.378859 -0.412112 0.828631 0.504737
163 0.894084 0.0887754 0.439014 0.0558078 -0.25316 0.908739 0.331818 -0.164993 -0.369492 -0.407814 0.834963 0.504516
164 0.89637 0.1001 0.431857 0.055525 -0.260312 0.907385 0.329986 -0.16669 -0.358829 -0.408207 0.83941 0.50396
165 0.899658 0.116559 0.420749 0.0553705 -0.269606 0.906326 0.325401 -0.167757 -0.343407 -0.406186 0.846808 0.504067
166 0.901648 0.12812 0.413057 0.0545781 -0.276007 0.905779 0.321535 -0.169418 -0.332943 -0.403918 0.852056 0.502646
167 0.903656 0.142303 0.403925 0.0540397 -0.285576 0.903095 0.320726 -0.170441 -0.319142 -0.405178 0.856726 0.5017
168 0.909234 0.143574 0.390742 0.0535564 -0.282637 0.902047 0.326232 -0.174002 -0.305629 -0.40706 0.860751 0.501906
169 0.912432 0.153638 0.379292 0.053328 -0.288502 0.898837 0.329937 -0.175446 -0.290231 -0.410472 0.864453 0.501117
170 0.914631 0.166443 0.368438 0.0530775 -0.296752 0.895304 0.332217 -0.176551 -0.274569 -0.413191 0.868265 0.500517
171 0.915933 0.180718 0.35834 0.0529623 -0.306304 0.891707 0.333222 -0.177665 -0.259315 -0.41497 0.872099 0.499786
172 0.91617 0.194998 0.350154 0.0525393 -0.316292 0.888351 0.332854 -0.178575 -0.246153 -0.415702 0.875557 0.498827
173 0.917081 0.207925 0.340191 0.0524846 -0.324496 0.885012 0.33385 -0.17946 -0.231658 -0.416558 0.879099 0.497891
174 0.921277 0.210115 0.327262 0.0530716 -0.321138 0.885642 0.335423 -0.183207 -0.219359 -0.414114 0.883398 0.497543
175 0.922672 0.22628 0.312207 0.0528855 -0.329745 0.882744 0.334711 -0.184251 -0.19986 -0.411777 0.889098 0.496135
176 0.923536 0.237084 0.301452 0.0521757 -0.336055 0.879018 0.338222 -0.185681 -0.184795 -0.413664 0.891478 0.493846
177 0.924128 0.248138 0.290541 0.0525071 -0.342977 0.873856 0.34459 -0.186682 -0.168385 -0.418094 0.892661 0.493062
178 0.925009 0.264048 0.273199 0.0528304 -0.351162 0.868682 0.349395 -0.187157 -0.145066 -0.41913 0.896262 0.492585
179 0.929135 0.267575 0.255169 0.0529298 -0.347864 0.86648 0.358055 -0.191304 -0.125292 -0.421446 0.898157 0.490243
180 0.930172 0.275498 0.242654 0.052647 -0.351 0.861094 0.367854 -0.192726 -0.107605 -0.427339 0.897665 0.488625
181 0.930533 0.286325 0.228312 0.0534238 -0.355432 0.856272 0.374788 -0.193444 -0.0881858 -0.429902 0.898559 0.488036
182 0.930453 0.296858 0.214783 0.0530311 -0.35957 0.852499 0.379415 -0.194495 -0.0704695 -0.430257 0.899951 0.48674
183 0.931096 0.302535 0.203796 0.0525778 -0.360332 0.849748 0.384823 -0.1957 -0.0567526 -0.431742 0.90021 0.484606
184 0.933945 0.302327 0.190643 0.0526157 -0.354859 0.848035 0.393589 -0.198786 -0.0426796 -0.435242 0.899301 0.482994
185 0.93501 0.309139 0.173748 0.0529438 -0.35385 0.845599 0.399691 -0.199329 -0.0233613 -0.435196 0.900033 0.482251
186 0.936562 0.314201 0.155335 0.0528944 -0.350488 0.843341 0.407349 -0.199826 -0.00301076 -0.435951 0.899965 0.480475
187 0.937605 0.319641 0.136848 0.0526459 -0.347193 0.839341 0.418286 -0.200683 0.018839 -0.4397 0.897947 0.479627
188 0.936625 0.328286 0.122319 0.0525282 -0.348209 0.833975 0.428061 -0.202305 0.0385157 -0.443525 0.895434 0.479879
189 0.936331 0.334641 0.106299 0.0527198 -0.346539 0.832013 0.433204 -0.2021 0.0565259 -0.442459 0.895006 0.479528
190 0.93626 0.340188 0.0876902 0.0527259 -0.342808 0.830108 0.439776 -0.202245 0.0768141 -0.441805 0.893816 0.479172
191 0.934877 0.347397 0.0729395 0.052424 -0.342056 0.826716 0.446698 -0.202824 0.0948811 -0.442557 0.891707 0.478302
192 0.933383 0.354212 0.0577079 0.0528119 -0.340741 0.824194 0.452328 -0.202401 0.112657 -0.441858 0.889983 0.478543
193 0.929852 0.36593 0.0383345 0.0533438 -0.341426 0.819338 0.460558 -0.201979 0.137123 -0.44134 0.886801 0.478684
194 0.926537 0.375578 0.0216696 0.0530938 -0.341105 0.814408 0.469454 -0.202964 0.158669 -0.442358 0.882691 0.478009
195 0.923068 0.384583 0.00640875 0.0531008 -0.341237 0.811114 0.475028 -0.201723 0.177489 -0.44067 0.879947 0.47911
196 0.918977 0.394116 -0.0123857 0.0533032 -0.34008 0.808094 0.480968 -0.202076 0.199566 -0.437787 0.87665 0.479067
197 0.914533 0.403502 -0.0285438 0.0531635 -0.339274 0.803557 0.48907 -0.202708 0.220277 -0.437587 0.871777 0.478642
198 0.908235 0.416438 -0.0411003 0.0532731 -0.343051 0.797208 0.496766 -0.202137 0.239638 -0.43708 0.866911 0.480241
199 0.90414 0.424322 -0.0498125 0.0530535 -0.345032 0.793956 0.500586 -0.2025 0.251959 -0.435413 0.864252 0.480134
200 0.900686 0.430464 -0.0588608 0.0533671 -0.34497 0.790912 0.505425 -0.202873 0.264121 -0.434925 0.86086 0.480047
201 0.897914 0.434853 -0.0682211 0.0533924 -0.343069 0.78848 0.510492 -0.202999 0.27578 -0.434973 0.857172 0.480121
202 0.894609 0.440172 -0.0769627 0.0533793 -0.342333 0.785819 0.515069 -0.202652 0.287198 -0.434438 0.853686 0.480415
203 0.891482 0.444671 -0.0867642 0.0532914 -0.340932 0.78456 0.517911 -0.20204 0.298372 -0.432127 0.851023 0.48116
204 0.890183 0.445877 -0.093641 0.0528595 -0.338382 0.78466 0.519429 -0.202171 0.305078 -0.4307 0.849367 0.481301
205 0.887755 0.448928 -0.101759 0.0536172 -0.3364 0.783617 0.522283 -0.203258 0.314207 -0.429428 0.846679 0.481193
206 0.884962 0.451672 -0.113291 0.054783 -0.331164 0.781484 0.528784 -0.204844 0.327372 -0.430436 0.841161 0.481301
207 0.884348 0.450363 -0.122887 0.0545911 -0.324672 0.782507 0.531291 -0.204301 0.335434 -0.429948 0.83823 0.48186
208 0.883746 0.448799 -0.132559 0.054497 -0.31819 0.783994 0.533017 -0.204495 0.343144 -0.428873 0.835656 0.482017
209 0.881877 0.450006 -0.140667 0.054988 -0.313487 0.782505 0.53797 -0.20578 0.352162 -0.430326 0.831145 0.481672
210 0.880565 0.451151 -0.145147 0.055147 -0.310267 0.780292 0.543028 -0.206096 0.358245 -0.433137 0.827075 0.481933
211 0.878448 0.453447 -0.150717 0.0550229 -0.309025 0.779682 0.544609 -0.205723 0.364463 -0.431835 0.825036 0.482303
212 0.877127 0.454282 -0.15581 0.0552793 -0.306099 0.778801 0.547515 -0.206119 0.370071 -0.432547 0.822162 0.482005
213 0.876949 0.452693 -0.161338 0.055594 -0.30059 0.778611 0.550827 -0.20587 0.374975 -0.434551 0.818877 0.481854
214 0.875033 0.453746 -0.168619 0.0557305 -0.296404 0.777646 0.554447 -0.205891 0.382704 -0.43518 0.814958 0.481952
215 0.872774 0.455527 -0.175386 0.0563352 -0.29193 0.775083 0.560378 -0.207104 0.391206 -0.437883 0.809454 0.482381
216 0.871449 0.455747 -0.181304 0.0562469 -0.287585 0.774203 0.56383 -0.206611 0.39733 -0.439209 0.805744 0.482701
217 0.868959 0.457313 -0.18914 0.0567705 -0.282853 0.772566 0.568451 -0.207273 0.406084 -0.440461 0.800681 0.482446
218 0.866667 0.458697 -0.19618 0.0570555 -0.277558 0.770085 0.574396 -0.207501 0.414548 -0.443359 0.794722 0.482401
219 0.865069 0.458646 -0.203224 0.0564272 -0.272153 0.769386 0.577909 -0.206581 0.421413 -0.444623 0.790393 0.483169
220 0.862949 0.459467 -0.210261 0.0562852 -0.267925 0.768878 0.580554 -0.206755 0.42841 -0.444654 0.786605 0.483454
221 0.861213 0.459956 -0.216224 0.0565001 -0.263985 0.768363 0.583035 -0.206908 0.43431 -0.445037 0.783145 0.483387
222 0.859827 0.458881 -0.223887 0.05622 -0.258755 0.769631 0.583707 -0.206218 0.440163 -0.443955 0.780488 0.483684
223 0.856447 0.458939 -0.236376 0.056403 -0.252985 0.772258 0.582766 -0.205933 0.449997 -0.439309 0.777503 0.4837
224 0.851006 0.46215 -0.24941 0.0571988 -0.247901 0.772205 0.585016 -0.206771 0.462961 -0.436024 0.771719 0.48451
225 0.847276 0.461302 -0.263295 0.0573291 -0.23976 0.774488 0.585391 -0.206602 0.473961 -0.43286 0.766807 0.484458
226 0.843073 0.461036 -0.276899 0.0568899 -0.233115 0.77727 0.584387 -0.206233 0.484649 -0.428132 0.76277 0.484753
227 0.836927 0.465448 -0.287943 0.0566552 -0.232499 0.778621 0.582832 -0.206404 0.495477 -0.420842 0.759865 0.484706
228 0.830859 0.471146 -0.296132 0.0565603 -0.234619 0.779121 0.581312 -0.206653 0.504606 -0.413511 0.75788 0.485107
229 0.825587 0.472594 -0.30832 0.0571625 -0.232413 0.782695 0.577385 -0.206998 0.514189 -0.405023 0.75602 0.485849
230 0.817684 0.477365 -0.32174 0.0580982 -0.231302 0.784239 0.575733 -0.208388 0.527155 -0.396348 0.751675 0.485525
231 0.808893 0.482978 -0.335296 0.0586755 -0.228929 0.783992 0.577017 -0.209272 0.541556 -0.389986 0.744733 0.485215
232 0.800497 0.487715 -0.348337 0.0587186 -0.226045 0.783966 0.578187 -0.209433 0.555075 -0.384097 0.737808 0.48553
233 0.784079 0.497896 -0.370566 0.0588446 -0.224778 0.784315 0.578208 -0.209727 0.578528 -0.370065 0.726882 0.485095
234 0.774052 0.503491 -0.38385 0.0597957 -0.219679 0.782202 0.583011 -0.211039 0.593789 -0.366957 0.716071 0.486942
235 0.763191 0.510115 -0.396639 0.0602021 -0.218573 0.781442 0.584443 -0.21137 0.608084 -0.359347 0.707887 0.487373
236 0.74385 0.523552 -0.415428 0.0601539 -0.217058 0.777124 0.590731 -0.212048 0.632118 -0.349243 0.691705 0.487487
237 0.735247 0.530313 -0.422113 0.0600113 -0.220731 0.77616 0.590639 -0.211653 0.640851 -0.341092 0.687725 0.487784
238 0.717319 0.542084 -0.437719 0.0603001 -0.221862 0.773245 0.594029 -0.212183 0.660477 -0.328995 0.674931 0.487871
239 0.69901 0.550365 -0.4566 0.0607517 -0.217687 0.771963 0.597232 -0.212211 0.681174 -0.318075 0.659416 0.489367
240 0.690285 0.554635 -0.464636 0.0607249 -0.21844 0.77196 0.596961 -0.212339 0.689776 -0.310579 0.654026 0.489373
241 0.671529 0.561678 -0.483288 0.0607469 -0.209513 0.769544 0.603246 -0.212701 0.710742 -0.303842 0.63445 0.489792
242 0.661352 0.566289 -0.491864 0.0605601 -0.206144 0.767725 0.606714 -0.212513 0.721192 -0.299857 0.624474 0.490094
243 0.64422 0.572765 -0.506874 0.0603852 -0.198941 0.765392 0.612044 -0.212502 0.738515 -0.293453 0.607027 0.490043
244 0.625323 0.578379 -0.523878 0.0609183 -0.182975 0.76128 0.622072 -0.213456 0.758611 -0.293139 0.581875 0.490921
245 0.618116 0.580731 -0.529797 0.060922 -0.178125 0.759909 0.625148 -0.213619 0.76564 -0.292044 0.573154 0.490745
246 0.605793 0.585214 -0.539017 0.0605781 -0.171351 0.757545 0.629892 -0.213135 0.776951 -0.289224 0.559193 0.49136
247 0.593807 0.590014 -0.547062 0.0604989 -0.162073 0.753685 0.636939 -0.213312 0.788115 -0.289555 0.543169 0.4912
248 0.582154 0.594641 -0.554526 0.0604133 -0.156745 0.751291 0.641087 -0.213187 0.797827 -0.286292 0.530574 0.491662
249 0.574021 0.601356 -0.555762 0.0606481 -0.159579 0.74786 0.644391 -0.213178 0.803141 -0.281206 0.525251 0.491526
250 0.560839 0.604831 -0.565366 0.0604987 -0.153176 0.746885 0.647071 -0.212909 0.813632 -0.276301 0.511527 0.491819
251 0.54713 0.608842 -0.574422 0.060289 -0.145574 0.745001 0.650986 -0.212737 0.824292 -0.272553 0.496243 0.492078
252 0.534255 0.614151 -0.580854 0.0600923 -0.140368 0.742051 0.655482 -0.212645 0.833588 -0.268661 0.482651 0.492266
253 0.522013 0.620315 -0.585415 0.0598112 -0.137626 0.738616 0.659928 -0.212293 0.841761 -0.263923 0.470939 0.492625
254 0.511552 0.624606 -0.590069 0.059505 -0.128737 0.734686 0.666081 -0.212025 0.849554 -0.264771 0.45624 0.493
255 0.500368 0.630583 -0.593293 0.0597557 -0.125667 0.730882 0.670835 -0.212383 0.856644 -0.261107 0.444953 0.492908
256 0.493502 0.632713 -0.596767 0.0594686 -0.118556 0.728672 0.674523 -0.211984 0.861627 -0.262128 0.434613 0.493181
257 0.487088 0.636113 -0.598419 0.0590757 -0.113282 0.725426 0.678914 -0.21157 0.865975 -0.262901 0.425407 0.493504
258 0.480008 0.638819 -0.601251 0.0587398 -0.105884 0.722549 0.683163 -0.210902 0.870851 -0.264261 0.41447 0.493557
259 0.476289 0.63892 -0.604095 0.0584371 -0.0906999 0.719061 0.689003 -0.210024 0.874598 -0.273373 0.400431 0.493379
260 0.47223 0.635444 -0.610909 0.0577774 -0.0687753 0.717501 0.693154 -0.209617 0.878788 -0.285313 0.382528 0.493402
261 0.468967 0.624697 -0.624359 0.0573651 -0.031336 0.718239 0.695091 -0.208832 0.88266 -0.30641 0.356406 0.494384
262 0.476054 0.609683 -0.633766 0.0572591 0.0017262 0.720018 0.693953 -0.208754 0.879414 -0.331454 0.341715 0.49423
263 0.479912 0.593595 -0.64601 0.0565847 0.0385471 0.72137 0.691476 -0.208021 0.876469 -0.35675 0.323313 0.494951
264 0.49243 0.571903 -0.656079 0.0563013 0.0728181 0.724094 0.685846 -0.207473 0.867301 -0.385505 0.314921 0.495337
265 0.503393 0.548742 -0.667441 0.0562411 0.112094 0.724449 0.680154 -0.207194 0.856756 -0.417201 0.303172 0.495448
266 0.518788 0.516458 -0.681271 0.0547939 0.15602 0.726319 0.669417 -0.205663 0.840546 -0.453577 0.296227 0.496886
267 0.531893 0.496429 -0.686038 0.0544284 0.170843 0.730576 0.661113 -0.205247 0.829399 -0.468846 0.303777 0.497262
268 0.549559 0.480137 -0.683705 0.0538999 0.176889 0.732939 0.656894 -0.204578 0.816514 -0.481942 0.317863 0.497927
269 0.56991 0.468113 -0.675332 0.0539385 0.161512 0.742016 0.650635 -0.204683 0.805678 -0.479877 0.347277 0.498011
270 0.591423 0.459965 -0.662307 0.0543151 0.142777 0.748641 0.647419 -0.205255 0.793621 -0.47746 0.377091 0.498689
271 0.625068 0.451515 -0.636729 0.0546145 0.112223 0.755266 0.64574 -0.206301 0.772461 -0.475087 0.421422 0.499671
272 0.648399 0.446846 -0.616367 0.0553105 0.0810085 0.76453 0.639478 -0.206315 0.756979 -0.464568 0.459522 0.49998
273 0.669965 0.442614 -0.59602 0.0548625 0.0532361 0.772127 0.633235 -0.20637 0.740481 -0.455975 0.493735 0.500384
274 0.688536 0.436097 -0.579429 0.0549658 0.0292439 0.781643 0.62304 -0.206673 0.724612 -0.44593 0.525436 0.501333
275 0.707637 0.427882 -0.562288 0.0546882 0.00750133 0.791197 0.611515 -0.207027 0.706537 -0.436948 0.556671 0.50156
276 0.713029 0.426169 -0.556749 0.0546505 -0.000319396 0.794266 0.60757 -0.207766 0.701134 -0.433037 0.566471 0.502266
277 0.731968 0.417327 -0.538573 0.0541634 -0.0190282 0.802676 0.596112 -0.207719 0.681073 -0.426087 0.595474 0.502871
278 0.744623 0.409911 -0.526791 0.0536292 -0.0303891 0.809219 0.586721 -0.207749 0.666793 -0.420877 0.61502 0.503315
279 0.755962 0.406779 -0.512886 0.0530215 -0.0465542 0.814916 0.577706 -0.207707 0.652958 -0.412847 0.634983 0.504479
280 0.765124 0.412934 -0.494035 0.0526079 -0.0823263 0.823716 0.560994 -0.207569 0.638598 -0.388558 0.66424 0.504774
281 0.768 0.418302 -0.484974 0.0521864 -0.0990268 0.825692 0.555361 -0.207552 0.632748 -0.378492 0.675554 0.505267
282 0.773784 0.429565 -0.465544 0.0518579 -0.132412 0.828386 0.544283 -0.207775 0.619455 -0.359514 0.697872 0.505295
283 0.777952 0.439865 -0.448675 0.051176 -0.156984 0.827505 0.539065 -0.207531 0.608397 -0.348932 0.712811 0.505609
284 0.779851 0.447291 -0.437907 0.0509341 -0.172087 0.825812 0.537047 -0.207375 0.601846 -0.343459 0.720984 0.505858
285 0.786582 0.457381 -0.414839 0.0498228 -0.199998 0.824314 0.52963 -0.207322 0.5842 -0.33363 0.739866 0.50616
286 0.788846 0.46087 -0.406596 0.0494721 -0.210695 0.824274 0.525529 -0.207177 0.577347 -0.328894 0.747328 0.50633
287 0.79157 0.471623 -0.388574 0.0487631 -0.232904 0.820729 0.521689 -0.206891 0.564954 -0.322452 0.759507 0.506829
288 0.793655 0.475725 -0.379206 0.047775 -0.244536 0.820205 0.517172 -0.20665 0.557058 -0.317726 0.767291 0.506619
289 0.7987 0.479507 -0.363527 0.0469692 -0.263599 0.821901 0.50497 -0.206405 0.54092 -0.307494 0.78285 0.50691
290 0.801112 0.486261 -0.348956 0.0463949 -0.280081 0.819835 0.499425 -0.206359 0.528937 -0.302359 0.792972 0.506714
291 0.802381 0.489406 -0.341566 0.0459716 -0.288332 0.818976 0.496128 -0.206136 0.522542 -0.299599 0.798242 0.50721
292 0.803433 0.493629 -0.332904 0.045236 -0.300482 0.818873 0.489037 -0.206232 0.514009 -0.292876 0.806237 0.50621
293 0.808054 0.499748 -0.31193 0.0444827 -0.318079 0.815795 0.483015 -0.20638 0.495857 -0.291084 0.818167 0.50574
294 0.809425 0.502289 -0.304199 0.0441816 -0.324511 0.814351 0.481171 -0.206251 0.489412 -0.290755 0.822154 0.505977
295 0.811447 0.50666 -0.291289 0.0436445 -0.338135 0.813537 0.473098 -0.206248 0.476674 -0.285399 0.831462 0.506092
296 0.811029 0.512293 -0.282469 0.043012 -0.350195 0.811929 0.46705 -0.206413 0.468611 -0.279872 0.8379 0.505101
297 0.814228 0.513237 -0.27133 0.0421194 -0.356633 0.810982 0.463812 -0.206626 0.458089 -0.280884 0.843362 0.505025
298 0.814208 0.51395 -0.270039 0.0420858 -0.359079 0.811283 0.461391 -0.206552 0.45621 -0.278703 0.845102 0.505181
299 0.818157 0.512843 -0.260023 0.041663 -0.365916 0.81321 0.452543 -0.20672 0.443537 -0.275105 0.85299 0.504787
300 0.820847 0.509191 -0.258715 0.0414115 -0.362666 0.814617 0.452629 -0.206826 0.441229 -0.277712 0.853342 0.505051
301 0.82347 0.504934 -0.258727 0.0417473 -0.363665 0.819771 0.442407 -0.206859 0.435483 -0.270219 0.858683 0.504832
302 0.826236 0.502888 -0.253845 0.041795 -0.366024 0.821793 0.436672 -0.206947 0.428205 -0.267881 0.863064 0.504615
303 0.833693 0.493384 -0.248051 0.0415902 -0.361287 0.827022 0.430705 -0.207247 0.417646 -0.269458 0.867735 0.504672
304 0.834958 0.49347 -0.243582 0.0411601 -0.364734 0.827674 0.426527 -0.207682 0.412084 -0.267289 0.871058 0.503482
305 0.838338 0.489692 -0.239565 0.0412759 -0.364002 0.829954 0.422703 -0.207816 0.405822 -0.267166 0.874031 0.503242
306 0.846535 0.480249 -0.229652 0.0415718 -0.361585 0.835359 0.414042 -0.207946 0.390685 -0.267462 0.880812 0.503065
307 0.849973 0.478259 -0.22094 0.0418708 -0.364477 0.836646 0.408877 -0.207932 0.380397 -0.267007 0.885441 0.503093
308 0.860723 0.468367 -0.199468 0.0419118 -0.365591 0.84137 0.398045 -0.208231 0.354258 -0.269683 0.895417 0.503332
309 0.865771 0.463365 -0.189035 0.0418923 -0.366125 0.843989 0.391962 -0.208341 0.341165 -0.270139 0.900351 0.503021
310 0.875289 0.456147 -0.160622 0.0418957 -0.371622 0.84697 0.380183 -0.208853 0.309462 -0.273079 0.910857 0.502376
311 0.881492 0.448824 -0.14673 0.0419388 -0.370573 0.850119 0.374131 -0.209047 0.292657 -0.275419 0.915694 0.50235
312 0.887964 0.439986 -0.133915 0.0418494 -0.366867 0.853224 0.370698 -0.209574 0.277361 -0.280037 0.919048 0.501871
313 0.893219 0.433572 -0.11906 0.0418305 -0.365311 0.854194 0.37 -0.209885 0.262123 -0.286997 0.921371 0.501218
314 0.903584 0.420934 -0.0796873 0.0419157 -0.365504 0.85448 0.369149 -0.210121 0.223479 -0.304431 0.925947 0.501399
315 0.90818 0.414288 -0.0597892 0.0418594 -0.366108 0.855431 0.366337 -0.210473 0.202915 -0.310811 0.928559 0.500899
316 0.912968 0.405949 -0.0411765 0.0415861 -0.363309 0.854687 0.370832 -0.211326 0.185732 -0.323598 0.927787 0.500311
317 0.917455 0.397381 -0.0190728 0.0406826 -0.360955 0.851601 0.380115 -0.212098 0.167293 -0.341854 0.924743 0.500065
318 0.923269 0.384144 -0.00278406 0.0407252 -0.353002 0.851237 0.388311 -0.212216 0.151537 -0.357533 0.921524 0.499894
319 0.929947 0.367536 0.0107731 0.0406154 -0.340794 0.850545 0.400541 -0.212855 0.13805 -0.376153 0.916216 0.499698
320 0.937119 0.34478 0.0541779 0.0393728 -0.333169 0.837501 0.433117 -0.213782 0.103956 -0.423932 0.899708 0.499738
321 0.940606 0.332099 0.0705089 0.0399008 -0.327866 0.834658 0.442549 -0.212877 0.0881192 -0.439382 0.893968 0.500064
322 0.943813 0.319136 0.0858406 0.0398738 -0.322338 0.831664 0.452144 -0.213009 0.0729051 -0.454409 0.887805 0.500648
323 0.946066 0.30612 0.10606 0.0390718 -0.319752 0.829612 0.457716 -0.213062 0.0521277 -0.466942 0.88275 0.500557
324 0.948449 0.293125 0.120512 0.0390502 -0.314949 0.829261 0.461663 -0.21328 0.0353895 -0.475819 0.878831 0.500935
325 0.949913 0.282705 0.133202 0.0389026 -0.311755 0.827518 0.466929 -0.21373 0.0217764 -0.485068 0.874205 0.500518
326 0.951646 0.269301 0.147808 0.0384706 -0.307104 0.82212 0.479381 -0.214673 0.00758234 -0.501593 0.86507 0.500411
327 0.953162 0.25629 0.160619 0.0385341 -0.302401 0.818135 0.489089 -0.214413 -0.00605893 -0.514752 0.857318 0.500569
328 0.954368 0.242636 0.174098 0.0381473 -0.297867 0.815169 0.496765 -0.21425 -0.0213867 -0.525954 0.850244 0.501154
329 0.955605 0.231899 0.181772 0.0382823 -0.292931 0.814244 0.501197 -0.214148 -0.03178 -0.532194 0.846026 0.501356
330 0.956484 0.222102 0.189231 0.0379864 -0.289088 0.809294 0.511343 -0.214935 -0.0395728 -0.543796 0.838284 0.501107
331 0.958218 0.202148 0.202371 0.0379561 -0.28079 0.799672 0.530736 -0.21472 -0.0545437 -0.565385 0.823022 0.501963
332 0.958414 0.196216 0.207226 0.0380107 -0.278897 0.797905 0.534381 -0.21462 -0.0604924 -0.569953 0.819447 0.502212
333 0.95801 0.192292 0.212699 0.037942 -0.279118 0.795243 0.53822 -0.214717 -0.0656523 -0.574989 0.815523 0.502624
334 0.958206 0.188004 0.21563 0.0382688 -0.277394 0.794915 0.539595 -0.214077 -0.0699613 -0.576857 0.813843 0.503097
335 0.958277 0.184571 0.218263 0.0383526 -0.276213 0.794443 0.540895 -0.213928 -0.0735646 -0.578614 0.812277 0.503451
336 0.958015 0.182023 0.22153 0.0383668 -0.275995 0.794776 0.540515 -0.213776 -0.0776805 -0.578963 0.811645 0.503679
337 0.957046 0.179449 0.227731 0.0380927 -0.277761 0.792696 0.542662 -0.214166 -0.0831414 -0.582607 0.808491 0.50344
338 0.957271 0.173599 0.23129 0.0382501 -0.275447 0.790961 0.54636 -0.213903 -0.0880943 -0.586723 0.804982 0.503945
339 0.95833 0.166355 0.232226 0.0384528 -0.270278 0.791208 0.548579 -0.213804 -0.0924804 -0.588486 0.803201 0.504762
340 0.958869 0.158125 0.235726 0.0385117 -0.265738 0.791969 0.549698 -0.213967 -0.0997669 -0.58973 0.801415 0.504901
341 0.958212 0.15318 0.241589 0.0384442 -0.26534 0.791503 0.550561 -0.214023 -0.106884 -0.591658 0.799073 0.504941
342 0.95972 0.138759 0.244301 0.0388277 -0.255203 0.794215 0.551447 -0.213476 -0.11751 -0.591581 0.797636 0.506225
343 0.960359 0.136513 0.243053 0.0389375 -0.251858 0.798626 0.546593 -0.213343 -0.119492 -0.58614 0.80135 0.506654
344 0.96089 0.139981 0.238948 0.0389296 -0.2514 0.802789 0.540674 -0.213494 -0.116141 -0.5796 0.806583 0.506759
345 0.963534 0.142572 0.226439 0.0390409 -0.245578 0.807233 0.536719 -0.213517 -0.106268 -0.572755 0.812809 0.506866
346 0.9677 0.139815 0.209783 0.0389513 -0.233287 0.812078 0.53489 -0.213546 -0.0955749 -0.566552 0.818464 0.506822
347 0.969463 0.147044 0.196266 0.0389418 -0.231192 0.814955 0.531412 -0.213283 -0.0818074 -0.560559 0.824064 0.507136
348 0.970257 0.154891 0.186037 0.0388788 -0.231914 0.815085 0.530898 -0.213146 -0.0694046 -0.558252 0.826763 0.507369
349 0.973306 0.152245 0.171745 0.038958 -0.221733 0.81691 0.53244 -0.21287 -0.0592393 -0.556309 0.828862 0.507621
