1 0.8295890 0.1569120 -0.5358740 0.2678100 0.0512294 0.9342670 0.3528750 -0.1218190 0.5560200 -0.3201930 0.7670190 -0.2239300 
2 0.8288430 0.1461720 -0.5400490 0.2681000 0.0616100 0.9355510 0.3477760 -0.1219900 0.5560790 -0.3215240 0.7664190 -0.2242430 
3 0.8282630 0.1191140 -0.5475330 0.2686890 0.0891331 0.9366960 0.3386080 -0.1222420 0.5532050 -0.3292600 0.7652130 -0.2249490 
4 0.8262040 0.1182090 -0.5508300 0.2688540 0.0920671 0.9362640 0.3390180 -0.1223200 0.5557970 -0.3308110 0.7626620 -0.2250280 
5 0.8267480 0.1128820 -0.5511320 0.2696340 0.0949893 0.9375860 0.3345280 -0.1225520 0.5544960 -0.3289220 0.7644250 -0.2261670 
6 0.8309350 0.0878081 -0.5493970 0.2697290 0.1124880 0.9405600 0.3204590 -0.1226880 0.5448790 -0.3280810 0.7716660 -0.2270490 
7 0.8250680 0.0770551 -0.5597540 0.2706390 0.1219020 0.9430530 0.3095010 -0.1231740 0.5517270 -0.3235950 0.7686900 -0.2277690 
8 0.8213900 0.0815863 -0.5645020 0.2711190 0.1167010 0.9447380 0.3063490 -0.1234660 0.5583010 -0.3175100 0.7664770 -0.2285270 
9 0.8218500 0.0808859 -0.5639330 0.2714420 0.1171930 0.9446970 0.3062910 -0.1236080 0.5575200 -0.3178140 0.7669200 -0.2288730 
10 0.8220110 0.0797868 -0.5638550 0.2716000 0.1157540 0.9460560 0.3026210 -0.1237490 0.5575830 -0.3140260 0.7684320 -0.2292250 
11 0.8215230 0.0810083 -0.5643920 0.2723310 0.1115350 0.9479000 0.2984040 -0.1241520 0.5591600 -0.3080950 0.7696860 -0.2300520 
12 0.8171120 0.0802937 -0.5708600 0.2715950 0.1150680 0.9476080 0.2979900 -0.1237620 0.5648780 -0.3091790 0.7650630 -0.2293510 
13 0.8129040 0.0700555 -0.5781690 0.2718710 0.1195270 0.9515390 0.2833510 -0.1238090 0.5700010 -0.2994440 0.7651360 -0.2297720 
14 0.8047630 0.0578949 -0.5907660 0.2729370 0.1266240 0.9555820 0.2661380 -0.1246170 0.5799330 -0.2889830 0.7616860 -0.2313270 
15 0.8011560 0.0646545 -0.5949520 0.2736770 0.1218110 0.9557190 0.2678890 -0.1249340 0.5859270 -0.2870920 0.7578040 -0.2319370 
16 0.8009970 0.0760462 -0.5938190 0.2740480 0.1135430 0.9545990 0.2754060 -0.1249830 0.5878030 -0.2880230 0.7559960 -0.2316520 
17 0.8062880 0.0740950 -0.5868640 0.2730270 0.1064190 0.9577660 0.2671320 -0.1245750 0.5818720 -0.2778390 0.7643500 -0.2311200 
18 0.8048200 0.0657087 -0.5898710 0.2731040 0.1135330 0.9584560 0.2616710 -0.1248210 0.5825590 -0.2775680 0.7639250 -0.2316180 
19 0.7970700 0.0575874 -0.6011350 0.2736370 0.1227480 0.9592120 0.2546470 -0.1250690 0.5912800 -0.2767600 0.7574900 -0.2318670 
20 0.7994500 0.0522655 -0.5984550 0.2738240 0.1257490 0.9595780 0.2517870 -0.1251350 0.5874240 -0.2765460 0.7605620 -0.2318100 
21 0.8026980 0.0499567 -0.5942900 0.2734620 0.1158710 0.9644330 0.2375760 -0.1250950 0.5850220 -0.2595630 0.7683600 -0.2317420 
22 0.8036450 0.0593429 -0.5921430 0.2741980 0.1055120 0.9650430 0.2399130 -0.1253300 0.5856800 -0.2552830 0.7692910 -0.2323410 
23 0.8095980 0.0669560 -0.5831530 0.2746100 0.1028680 0.9619140 0.2532570 -0.1252820 0.5779000 -0.2650240 0.7718770 -0.2327910 
24 0.8143840 0.0719491 -0.5758500 0.2736180 0.1186790 0.9506650 0.2866200 -0.1251410 0.5680620 -0.3017600 0.7656670 -0.2321160 
25 0.8103330 0.0608337 -0.5828030 0.2732850 0.1429420 0.9440280 0.2972860 -0.1251750 0.5682670 -0.3242080 0.7562820 -0.2317530 
26 0.7732370 -0.0052646 -0.6340950 0.2725990 0.2493880 0.9219100 0.2964580 -0.1253440 0.5830180 -0.3873690 0.7141680 -0.2311770 
27 0.7395250 -0.0339803 -0.6722700 0.2733410 0.2965330 0.9130390 0.2800490 -0.1254150 0.6042930 -0.4064540 0.6852920 -0.2312750 
28 0.7221530 -0.0410205 -0.6905160 0.2767350 0.3090920 0.9121770 0.2690650 -0.1267920 0.6188360 -0.4077390 0.6714100 -0.2344460 
29 0.7467890 0.0043616 -0.6650460 0.2767820 0.2439330 0.9284900 0.2800050 -0.1267490 0.6187100 -0.3713320 0.6923230 -0.2346670 
30 0.7565710 0.0202726 -0.6535970 0.2763060 0.2231390 0.9315220 0.2871870 -0.1267860 0.6146620 -0.3631210 0.7002380 -0.2342560 
31 0.7514300 0.0330510 -0.6589850 0.2746730 0.2175310 0.9304960 0.2947160 -0.1261740 0.6229230 -0.3648080 0.6920130 -0.2331320 
32 0.7432510 0.0331467 -0.6681910 0.2742660 0.2232410 0.9292380 0.2944140 -0.1261370 0.6306680 -0.3679910 0.6832570 -0.2327710 
33 0.7360390 0.0333199 -0.6761180 0.2747800 0.2341090 0.9246290 0.3004240 -0.1263060 0.6351690 -0.3794090 0.6727620 -0.2331920 
34 0.7363130 0.0433870 -0.6752480 0.2748100 0.2167940 0.9302070 0.2961680 -0.1262840 0.6409710 -0.3644620 0.6755180 -0.2332650 
35 0.7385990 0.0470312 -0.6725020 0.2742610 0.2118010 0.9308620 0.2977170 -0.1261700 0.6400090 -0.3623310 0.6775730 -0.2328700 
36 0.7313040 0.0410152 -0.6808170 0.2735670 0.2143070 0.9338170 0.2864560 -0.1259530 0.6475080 -0.3553910 0.6741150 -0.2323790 
37 0.7229460 0.0388031 -0.6898140 0.2735420 0.2156740 0.9358550 0.2786760 -0.1259400 0.6563800 -0.3502420 0.6682040 -0.2323420 
38 0.7208250 0.0550656 -0.6909260 0.2741760 0.2028440 0.9364360 0.2862550 -0.1262650 0.6627710 -0.3464900 0.6638370 -0.2328740 
39 0.7269390 0.0582148 -0.6842300 0.2739810 0.1845780 0.9431670 0.2763450 -0.1262800 0.6614310 -0.3271800 0.6748800 -0.2328580 
40 0.7254460 0.0676218 -0.6849490 0.2736030 0.1797110 0.9420320 0.2833380 -0.1261370 0.6644030 -0.3286390 0.6712410 -0.2326310 
41 0.7256950 0.0904820 -0.6820410 0.2745760 0.1688690 0.9375670 0.3040580 -0.1263540 0.6669710 -0.3358290 0.6651080 -0.2325470 
42 0.7304630 0.1107310 -0.6739160 0.2738900 0.1508630 0.9362300 0.3173540 -0.1260480 0.6660810 -0.3334840 0.6671760 -0.2315820 
43 0.7408760 0.1345640 -0.6580230 0.2739260 0.1172130 0.9387850 0.3239510 -0.1262350 0.6613350 -0.3171360 0.6797510 -0.2319120 
44 0.7433530 0.1468480 -0.6525810 0.2735090 0.1004130 0.9400510 0.3259160 -0.1260750 0.6613200 -0.3077980 0.6840440 -0.2314180 
45 0.7496850 0.1609410 -0.6419270 0.2735700 0.0783602 0.9415680 0.3275800 -0.1261040 0.6571390 -0.2958840 0.6932690 -0.2315940 
46 0.7513060 0.1689610 -0.6379580 0.2735980 0.0663723 0.9424260 0.3277630 -0.1261770 0.6566070 -0.2885940 0.6968360 -0.2316140 
47 0.7566810 0.1884800 -0.6260260 0.2735470 0.0373067 0.9435350 0.3291670 -0.1262710 0.6527190 -0.2724290 0.7069240 -0.2317190 
48 0.7585830 0.1963640 -0.6212840 0.2736600 0.0219777 0.9452540 0.3255940 -0.1262610 0.6512060 -0.2606440 0.7127380 -0.2318880 
49 0.7621240 0.2017690 -0.6151870 0.2736520 0.0116576 0.9457680 0.3246340 -0.1263520 0.6473260 -0.2545830 0.7184410 -0.2319910 
50 0.7651950 0.1991480 -0.6122230 0.2728770 0.0185411 0.9437420 0.3301610 -0.1261730 0.6435320 -0.2639890 0.7184540 -0.2320100 
51 0.7604770 0.1962330 -0.6190050 0.2727850 0.0257426 0.9433870 0.3306920 -0.1261710 0.6488550 -0.2674190 0.7123730 -0.2321150 
52 0.7515630 0.1991160 -0.6288930 0.2743760 0.0478278 0.9344000 0.3530010 -0.1262510 0.6579260 -0.2953810 0.6927370 -0.2321570 
53 0.7527970 0.2017580 -0.6265710 0.2739680 0.0514583 0.9309190 0.3615830 -0.1263830 0.6562390 -0.3044410 0.6904100 -0.2320740 
54 0.7521310 0.2108870 -0.6243610 0.2747370 0.0518240 0.9255550 0.3750500 -0.1264340 0.6569730 -0.3144430 0.6852090 -0.2318190 
55 0.7575810 0.2136750 -0.6167770 0.2751530 0.0483947 0.9239160 0.3795220 -0.1266370 0.6509450 -0.3173680 0.6896000 -0.2319470 
56 0.7634120 0.2194100 -0.6075050 0.2746660 0.0412397 0.9220620 0.3848400 -0.1264250 0.6445940 -0.3188450 0.6948640 -0.2319670 
57 0.7672030 0.2303610 -0.5986100 0.2744420 0.0300473 0.9193470 0.3922980 -0.1263470 0.6407010 -0.3189590 0.6984040 -0.2324360 
58 0.7673070 0.2349740 -0.5966800 0.2744630 0.0305357 0.9160090 0.3999940 -0.1265350 0.6405530 -0.3251380 0.6956850 -0.2325030 
59 0.7674450 0.2367870 -0.5957860 0.2744840 0.0309230 0.9145430 0.4033050 -0.1264770 0.6403690 -0.3279370 0.6945390 -0.2327260 
60 0.7652610 0.2501650 -0.5931220 0.2752020 0.0255638 0.9088590 0.4163190 -0.1268810 0.6432130 -0.3337550 0.6891190 -0.2330900 
61 0.7659080 0.2567810 -0.5894480 0.2752550 0.0203276 0.9066570 0.4213800 -0.1269640 0.6426290 -0.3347200 0.6891950 -0.2333360 
62 0.7658690 0.2610160 -0.5876350 0.2763780 0.0162943 0.9057290 0.4235440 -0.1272300 0.6427900 -0.3339550 0.6894170 -0.2331320 
63 0.7791840 0.2429930 -0.5777770 0.2769930 0.0243868 0.9093460 0.4153260 -0.1275050 0.6263200 -0.3377060 0.7026220 -0.2336310 
64 0.7826090 0.2397860 -0.5744790 0.2765210 0.0232598 0.9109290 0.4119060 -0.1274650 0.6220790 -0.3357240 0.7073240 -0.2342400 
65 0.7811750 0.2396600 -0.5764800 0.2767650 0.0207331 0.9129160 0.4076210 -0.1276710 0.6239680 -0.3303760 0.7081780 -0.2345540 
66 0.7839590 0.2274660 -0.5776400 0.2776920 0.0230577 0.9191460 0.3932400 -0.1280710 0.6203850 -0.3216030 0.7153280 -0.2354390 
67 0.7864450 0.2160910 -0.5786260 0.2779490 0.0253480 0.9247230 0.3797950 -0.1287700 0.6171400 -0.3133550 0.7217670 -0.2356840 
68 0.7893010 0.2147370 -0.5752330 0.2791720 0.0139573 0.9303340 0.3664490 -0.1284420 0.6138480 -0.2972670 0.7313160 -0.2371740 
69 0.7999370 0.2117630 -0.5614770 0.2787200 0.0029445 0.9342680 0.3565580 -0.1282160 0.6000760 -0.2868770 0.7467330 -0.2379750 
70 0.8004130 0.2076240 -0.5623440 0.2792510 0.0058137 0.9353690 0.3536250 -0.1284450 0.5994200 -0.2863150 0.7474750 -0.2384560 
71 0.8028140 0.2019190 -0.5609980 0.2792250 0.0077509 0.9372950 0.3484500 -0.1287970 0.5961790 -0.2840890 0.7509080 -0.2384360 
72 0.8044660 0.2113570 -0.5551230 0.2801810 -0.0089764 0.9387730 0.3444200 -0.1289510 0.5939300 -0.2720910 0.7571080 -0.2392160 
73 0.8100380 0.2054020 -0.5492250 0.2803780 -0.0100396 0.9413620 0.3372480 -0.1291430 0.5862910 -0.2676700 0.7646020 -0.2393270 
74 0.8183470 0.1980900 -0.5395080 0.2798570 -0.0106497 0.9437900 0.3303750 -0.1290390 0.5746260 -0.2646160 0.7744570 -0.2395920 
75 0.8195210 0.1940190 -0.5392050 0.2806970 -0.0105357 0.9458820 0.3243390 -0.1292040 0.5729530 -0.2601210 0.7772140 -0.2404040 
76 0.8244050 0.1961050 -0.5309420 0.2804460 -0.0090873 0.9425240 0.3340130 -0.1290210 0.5659270 -0.2705380 0.7788040 -0.2401580 
77 0.8259350 0.1923560 -0.5299340 0.2805620 -0.0051438 0.9425230 0.3341000 -0.1290960 0.5637410 -0.2732190 0.7794530 -0.2404530 
78 0.8276200 0.1857140 -0.5296750 0.2806130 -0.0023180 0.9447990 0.3276420 -0.1292430 0.5612840 -0.2699350 0.7823650 -0.2402730 
79 0.8324270 0.1843550 -0.5225700 0.2803600 -0.0066048 0.9462700 0.3233100 -0.1293780 0.5540960 -0.2656800 0.7889180 -0.2417240 
80 0.8375090 0.1879180 -0.5130940 0.2802260 -0.0175019 0.9477480 0.3185400 -0.1295940 0.5461430 -0.2578000 0.7970360 -0.2417350 
81 0.8472100 0.1898720 -0.4961690 0.2797120 -0.0307406 0.9499070 0.3110160 -0.1295180 0.5303680 -0.2482440 0.8106080 -0.2422490 
82 0.8500150 0.1872670 -0.4923470 0.2797910 -0.0304598 0.9505830 0.3089720 -0.1295190 0.5258770 -0.2476340 0.8137140 -0.2421900 
83 0.8531690 0.1808540 -0.4892790 0.2801660 -0.0259717 0.9515380 0.3064320 -0.1296880 0.5209870 -0.2487310 0.8165200 -0.2429030 
84 0.8563050 0.1690180 -0.4880300 0.2798160 -0.0193447 0.9547690 0.2967200 -0.1293770 0.5161070 -0.2446420 0.8208430 -0.2428900 
85 0.8554320 0.1690020 -0.4895660 0.2804790 -0.0201227 0.9553940 0.2946490 -0.1295550 0.5175250 -0.2422010 0.8206750 -0.2438000 
86 0.8555020 0.1732450 -0.4879580 0.2803990 -0.0269372 0.9559820 0.2921860 -0.1295460 0.5170990 -0.2368210 0.8225110 -0.2438110 
87 0.8541100 0.1794160 -0.4881660 0.2804130 -0.0332006 0.9555080 0.2930900 -0.1296040 0.5190310 -0.2341240 0.8220660 -0.2439100 
88 0.8531460 0.1805430 -0.4894340 0.2808600 -0.0408675 0.9584500 0.2823170 -0.1296870 0.5200690 -0.2208560 0.8250760 -0.2448420 
89 0.8524770 0.1882790 -0.4876830 0.2810970 -0.0487381 0.9574520 0.2844480 -0.1297770 0.5204880 -0.2187170 0.8253820 -0.2451280 
90 0.8506360 0.1955370 -0.4880410 0.2808630 -0.0574846 0.9572910 0.2833530 -0.1296740 0.5226030 -0.2129750 0.8255470 -0.2450490 
91 0.8415060 0.2055470 -0.4996180 0.2809310 -0.0663731 0.9571230 0.2819760 -0.1296210 0.5361550 -0.2041230 0.8190670 -0.2453330 
92 0.8357850 0.2048640 -0.5094050 0.2804210 -0.0654034 0.9583240 0.2780960 -0.1294430 0.5451470 -0.1991110 0.8143520 -0.2472550 
93 0.8261610 0.2120550 -0.5220060 0.2805430 -0.0690138 0.9575820 0.2797730 -0.1296440 0.5591910 -0.1951120 0.8057520 -0.2473950 
94 0.8218010 0.2180230 -0.5264120 0.2807730 -0.0766905 0.9578130 0.2769710 -0.1295750 0.5645900 -0.1872440 0.8038520 -0.2476360 
95 0.8200460 0.2333340 -0.5225700 0.2809060 -0.0955296 0.9561080 0.2770040 -0.1296730 0.5642680 -0.1772350 0.8063430 -0.2481940 
96 0.8176910 0.2393310 -0.5235480 0.2814240 -0.1038560 0.9558870 0.2747620 -0.1296320 0.5662110 -0.1702970 0.8064760 -0.2492720 
97 0.8115230 0.2349650 -0.5349960 0.2813390 -0.0954247 0.9565880 0.2753770 -0.1295500 0.5764760 -0.1724230 0.7987150 -0.2494670 
98 0.8049790 0.2296360 -0.5470620 0.2819070 -0.0899323 0.9586320 0.2700670 -0.1295600 0.5864480 -0.1682000 0.7923300 -0.2503800 
99 0.8027410 0.2294030 -0.5504370 0.2819630 -0.0929981 0.9599100 0.2644320 -0.1297500 0.5890310 -0.1610810 0.7918940 -0.2500990 
100 0.8029590 0.2341580 -0.5481120 0.2826210 -0.1072370 0.9613470 0.2535980 -0.1296070 0.5863080 -0.1448510 0.7970330 -0.2509120 
101 0.8096620 0.2298090 -0.5400320 0.2827390 -0.1145590 0.9643340 0.2386130 -0.1297350 0.5756070 -0.1313310 0.8071120 -0.2560440 
102 0.8083510 0.2271390 -0.5431180 0.2838830 -0.1124140 0.9651490 0.2363270 -0.1297450 0.5778690 -0.1299810 0.8057130 -0.2579420 
103 0.8119870 0.2186070 -0.5411910 0.2839740 -0.1054510 0.9668990 0.2323510 -0.1296220 0.5740700 -0.1315970 0.8081620 -0.2576130 
104 0.8130600 0.2205170 -0.5388000 0.2846250 -0.1129110 0.9676440 0.2256480 -0.1295450 0.5711260 -0.1226290 0.8116510 -0.2585540 
105 0.8163010 0.2258350 -0.5316500 0.2848790 -0.1208890 0.9668140 0.2250700 -0.1296020 0.5648360 -0.1194550 0.8165120 -0.2588280 
106 0.8209080 0.2301250 -0.5226400 0.2855020 -0.1358000 0.9676230 0.2127550 -0.1295940 0.5546780 -0.1036770 0.8255810 -0.2602300 
107 0.8226720 0.2270120 -0.5212250 0.2857520 -0.1342190 0.9684550 0.2099530 -0.1297510 0.5524450 -0.1027640 0.8271900 -0.2610800 
108 0.8197970 0.2165510 -0.5301310 0.2866590 -0.1260460 0.9712750 0.2018350 -0.1297360 0.5586100 -0.0986429 0.8235440 -0.2626520 
109 0.8196910 0.2161580 -0.5304550 0.2879940 -0.1266240 0.9715320 0.2002280 -0.1299200 0.5586350 -0.0969567 0.8237270 -0.2640700 
110 0.8240630 0.2209640 -0.5216260 0.2885390 -0.1384150 0.9714200 0.1928320 -0.1296790 0.5493270 -0.0867043 0.8310970 -0.2653160 
111 0.8275220 0.2199210 -0.5165680 0.2887020 -0.1412520 0.9720450 0.1875530 -0.1298180 0.5433740 -0.0822382 0.8354530 -0.2669120 
112 0.8286150 0.2150410 -0.5168700 0.2889230 -0.1387350 0.9733590 0.1825490 -0.1299020 0.5423560 -0.0795552 0.8363740 -0.2679800 
113 0.8297190 0.2028470 -0.5200180 0.2891980 -0.1314360 0.9764350 0.1711710 -0.1297230 0.5424850 -0.0736751 0.8368280 -0.2684620 
114 0.8327990 0.1987450 -0.5166690 0.2893300 -0.1311990 0.9776000 0.1645760 -0.1297040 0.5378040 -0.0692722 0.8402190 -0.2685860 
115 0.8384760 0.1853410 -0.5124510 0.2897880 -0.1235410 0.9805510 0.1525030 -0.1298140 0.5307500 -0.0645613 0.8450660 -0.2699980 
116 0.8406690 0.1713100 -0.5137400 0.2900240 -0.1107050 0.9829780 0.1466270 -0.1298800 0.5301140 -0.0663911 0.8453230 -0.2700280 
117 0.8450290 0.1572160 -0.5110860 0.2912990 -0.0993296 0.9853180 0.1388630 -0.1296020 0.5254130 -0.0665775 0.8482390 -0.2705720 
118 0.8505380 0.1570450 -0.5019170 0.2912340 -0.1005690 0.9853300 0.1378780 -0.1295600 0.5162070 -0.0667932 0.8538550 -0.2701580 
119 0.8571790 0.1627440 -0.4886290 0.2914690 -0.1101310 0.9847360 0.1347810 -0.1297560 0.5031050 -0.0617183 0.8620190 -0.2719890 
120 0.8554790 0.1572650 -0.4933800 0.2909980 -0.1016570 0.9852320 0.1377780 -0.1298280 0.5077610 -0.0677104 0.8588330 -0.2716830 
121 0.8516600 0.1517520 -0.5016440 0.2911370 -0.0934473 0.9857940 0.1395630 -0.1294310 0.5156960 -0.0719831 0.8537420 -0.2707340 
122 0.8530270 0.1497500 -0.4999200 0.2912110 -0.0934744 0.9862970 0.1359450 -0.1293110 0.5134270 -0.0692347 0.8553360 -0.2710540 
123 0.8521500 0.1551350 -0.4997730 0.2920870 -0.0937483 0.9848530 0.1458600 -0.1293780 0.5148310 -0.0774421 0.8537870 -0.2720720 
124 0.8502530 0.1565780 -0.5025470 0.2914190 -0.0929477 0.9843910 0.1494480 -0.1293250 0.5181030 -0.0803584 0.8515350 -0.2710120 
125 0.8347720 0.1755790 -0.5218510 0.2918280 -0.1111410 0.9820160 0.1526170 -0.1290680 0.5392630 -0.0694016 0.8392730 -0.2707860 
126 0.8342120 0.1806260 -0.5210230 0.2925800 -0.1140860 0.9809230 0.1573990 -0.1288760 0.5395130 -0.0718630 0.8389050 -0.2713170 
127 0.8405100 0.1878160 -0.5082010 0.2912860 -0.1213580 0.9794230 0.1612520 -0.1288230 0.5280290 -0.0738597 0.8460080 -0.2692000 
128 0.8431600 0.1817990 -0.5059940 0.2921620 -0.1192210 0.9808890 0.1537600 -0.1288790 0.5242780 -0.0693189 0.8487210 -0.2703430 
129 0.8509740 0.1745110 -0.4953680 0.2922950 -0.1057010 0.9807910 0.1639380 -0.1288760 0.5144620 -0.0871459 0.8530740 -0.2699370 
130 0.8523500 0.1731330 -0.4934820 0.2931120 -0.1077790 0.9815080 0.1581960 -0.1290330 0.5117450 -0.0816514 0.8552480 -0.2678920 
131 0.8536410 0.1831530 -0.4875980 0.2949520 -0.1177520 0.9797610 0.1618710 -0.1290300 0.5073760 -0.0807643 0.8579310 -0.2694090 
132 0.8631470 0.1758880 -0.4733300 0.2946600 -0.1133870 0.9809480 0.1577490 -0.1289500 0.4920580 -0.0824911 0.8666450 -0.2690260 
133 0.8659720 0.1710950 -0.4699140 0.2951550 -0.1062250 0.9811430 0.1614780 -0.1289410 0.4886800 -0.0899186 0.8678170 -0.2696190 
134 0.8656650 0.1822670 -0.4662640 0.2948710 -0.1164180 0.9791260 0.1666090 -0.1286190 0.4868990 -0.0899457 0.8688150 -0.2680220 
135 0.8719400 0.1806810 -0.4550560 0.2950140 -0.1172610 0.9794320 0.1642010 -0.1286250 0.4753640 -0.0898135 0.8751930 -0.2682780 
136 0.8760710 0.1765610 -0.4486930 0.2953200 -0.1111360 0.9794310 0.1684150 -0.1287680 0.4691990 -0.0976781 0.8776740 -0.2691710 
137 0.8753020 0.1781200 -0.4495770 0.2952450 -0.1091400 0.9784690 0.1751740 -0.1287320 0.4710990 -0.1042630 0.8758970 -0.2687220 
138 0.8752210 0.1806650 -0.4487190 0.2940970 -0.1132790 0.9783910 0.1729730 -0.1285660 0.4702730 -0.1005590 0.8767730 -0.2669160 
139 0.8725550 0.1844940 -0.4523380 0.2943030 -0.1199450 0.9785090 0.1677300 -0.1285980 0.4735620 -0.0920976 0.8759320 -0.2666780 
140 0.8708860 0.1933000 -0.4518760 0.2956620 -0.1307890 0.9774070 0.1660420 -0.1285630 0.4737630 -0.0855037 0.8764920 -0.2686270 
141 0.8688650 0.2033850 -0.4513410 0.2953260 -0.1385390 0.9751760 0.1727390 -0.1285190 0.4752700 -0.0875583 0.8754730 -0.2680940 
142 0.8677470 0.2056620 -0.4524580 0.2955490 -0.1394950 0.9745560 0.1754490 -0.1285690 0.4770290 -0.0891300 0.8743570 -0.2684980 
143 0.8635250 0.2097470 -0.4586180 0.2958530 -0.1408730 0.9735290 0.1799910 -0.1284260 0.4842300 -0.0908198 0.8702140 -0.2686560 
144 0.8641240 0.2075170 -0.4585050 0.2958030 -0.1364510 0.9735140 0.1834430 -0.1284920 0.4844280 -0.0959536 0.8695530 -0.2683230 
145 0.8649160 0.2129810 -0.4544880 0.2971130 -0.1412360 0.9721910 0.1868050 -0.1282360 0.4816360 -0.0973806 0.8709440 -0.2692990 
146 0.8776080 0.2057280 -0.4329910 0.2954370 -0.1365500 0.9730950 0.1855830 -0.1283120 0.4595210 -0.1037440 0.8820870 -0.2675990 
147 0.8702260 0.2130050 -0.4442240 0.2972680 -0.1429250 0.9720760 0.1861210 -0.1282750 0.4714640 -0.0984767 0.8763700 -0.2699320 
148 0.8748180 0.2212640 -0.4309710 0.2976880 -0.1382770 0.9666420 0.2155970 -0.1280570 0.4642990 -0.1290150 0.8762320 -0.2679460 
149 0.8798560 0.2204210 -0.4210320 0.2966950 -0.1390530 0.9665670 0.2154360 -0.1281740 0.4544420 -0.1310070 0.8810900 -0.2680660 
150 0.8665280 0.2529790 -0.4302690 0.2978610 -0.1661470 0.9590740 0.2292860 -0.1277910 0.4706650 -0.1271940 0.8730960 -0.2700100 
151 0.8732930 0.2597470 -0.4121770 0.2976850 -0.1698590 0.9552650 0.2421070 -0.1278300 0.4566260 -0.1414180 0.8783470 -0.2703570 
152 0.8738080 0.2606610 -0.4105060 0.2975520 -0.1677370 0.9539500 0.2486850 -0.1277940 0.4564240 -0.1484460 0.8772920 -0.2707400 
153 0.8719670 0.2622480 -0.4134000 0.2974440 -0.1669530 0.9530940 0.2524670 -0.1277510 0.4602170 -0.1511250 0.8748490 -0.2695980 
154 0.8720030 0.2638730 -0.4122890 0.2983990 -0.1672580 0.9521880 0.2556620 -0.1279260 0.4600380 -0.1539800 0.8744450 -0.2715220 
155 0.8722610 0.2659950 -0.4103750 0.2980750 -0.1676940 0.9509510 0.2599450 -0.1278610 0.4593900 -0.1579220 0.8740830 -0.2708660 
156 0.8716520 0.2715320 -0.4080350 0.2983540 -0.1761420 0.9504390 0.2562030 -0.1278260 0.4573790 -0.1514480 0.8762800 -0.2709050 
157 0.8715630 0.2682580 -0.4103850 0.2966180 -0.1690500 0.9501310 0.2620550 -0.1271940 0.4602180 -0.1590220 0.8734480 -0.2650290 
158 0.8665870 0.2677920 -0.4210870 0.2967950 -0.1700210 0.9517730 0.2553850 -0.1272350 0.4691690 -0.1497200 0.8703240 -0.2649320 
159 0.8659500 0.2625630 -0.4256660 0.2968070 -0.1661390 0.9537950 0.2503450 -0.1265280 0.4717300 -0.1460660 0.8695610 -0.2644000 
160 0.8656630 0.2589380 -0.4284610 0.2969070 -0.1619060 0.9546580 0.2498280 -0.1262500 0.4737240 -0.1468960 0.8683360 -0.2649020 
161 0.8621070 0.2647300 -0.4320750 0.2973540 -0.1672450 0.9535510 0.2505370 -0.1269260 0.4783310 -0.1437280 0.8663380 -0.2654850 
162 0.8622390 0.2646200 -0.4318800 0.2972990 -0.1732170 0.9553160 0.2395150 -0.1273410 0.4759620 -0.1317100 0.8695470 -0.2662560 
163 0.8561960 0.2564070 -0.4485350 0.2974780 -0.1646390 0.9583060 0.2335460 -0.1272420 0.4897170 -0.1261140 0.8627120 -0.2664650 
164 0.8532640 0.2571320 -0.4536790 0.2974660 -0.1659150 0.9586360 0.2312790 -0.1272230 0.4943820 -0.1220700 0.8606310 -0.2664430 
165 0.8482520 0.2642740 -0.4589420 0.2973330 -0.1755120 0.9579030 0.2271960 -0.1272200 0.4996640 -0.1121700 0.8589260 -0.2661940 
166 0.8432350 0.2705560 -0.4644940 0.2972200 -0.1826070 0.9568910 0.2258630 -0.1271940 0.5055790 -0.1056360 0.8562890 -0.2659730 
167 0.8420360 0.2689830 -0.4675730 0.2970900 -0.1824660 0.9577370 0.2223650 -0.1271770 0.5076240 -0.1019230 0.8555290 -0.2653700 
168 0.8400070 0.2689970 -0.4711990 0.2973610 -0.1795580 0.9573360 0.2264230 -0.1270310 0.5120020 -0.1055890 0.8524700 -0.2655200 
169 0.8384950 0.2706270 -0.4729560 0.2968030 -0.1840470 0.9576000 0.2216490 -0.1270720 0.5128870 -0.0988054 0.8527510 -0.2642850 
170 0.8389430 0.2702000 -0.4724060 0.2969480 -0.1832480 0.9576050 0.2222880 -0.1270210 0.5124410 -0.0999191 0.8528900 -0.2640240 
171 0.8404530 0.2692320 -0.4702680 0.2966600 -0.1835150 0.9579740 0.2204740 -0.1270550 0.5098640 -0.0989968 0.8545400 -0.2630280 
172 0.8426510 0.2700110 -0.4658690 0.2965730 -0.1883180 0.9583290 0.2148080 -0.1270500 0.5044560 -0.0932769 0.8583840 -0.2630430 
173 0.8418930 0.2749900 -0.4643230 0.2949760 -0.1949720 0.9573040 0.2134360 -0.1270680 0.5031910 -0.0891601 0.8595630 -0.2575700 
174 0.8420260 0.2686040 -0.4678070 0.2949730 -0.1974160 0.9604940 0.1961570 -0.1266750 0.5020150 -0.0728165 0.8617880 -0.2569560 
175 0.8433020 0.2689810 -0.4652860 0.2950950 -0.1970810 0.9602060 0.1978970 -0.1269470 0.5000010 -0.0751880 0.8627550 -0.2569520 
176 0.8455060 0.2670950 -0.4623640 0.2945490 -0.1965660 0.9607890 0.1955680 -0.1266430 0.4964700 -0.0744685 0.8648540 -0.2564430 
177 0.8438040 0.2657500 -0.4662320 0.2946580 -0.1947960 0.9611980 0.1953280 -0.1268720 0.5000490 -0.0739986 0.8628300 -0.2553860 
178 0.8447560 0.2673750 -0.4635710 0.2942220 -0.1964810 0.9607050 0.1960660 -0.1269530 0.4977780 -0.0745452 0.8640950 -0.2548070 
179 0.8453500 0.2687170 -0.4617090 0.2934520 -0.1994250 0.9605360 0.1939070 -0.1268260 0.4955940 -0.0718431 0.8655780 -0.2545870 
180 0.8424110 0.2695410 -0.4665750 0.2933290 -0.1987660 0.9602730 0.1958750 -0.1269130 0.5008350 -0.0722681 0.8625200 -0.2538500 
181 0.8434240 0.2621580 -0.4689440 0.2928700 -0.1902970 0.9620510 0.1955630 -0.1267290 0.5024170 -0.0757044 0.8613050 -0.2529160 
182 0.8400630 0.2647880 -0.4734770 0.2930620 -0.1916340 0.9613630 0.1976290 -0.1267010 0.5075130 -0.0752865 0.8583480 -0.2522230 
183 0.8415900 0.2728400 -0.4661370 0.2926090 -0.2008660 0.9592340 0.1988060 -0.1267690 0.5013770 -0.0736819 0.8620860 -0.2513240 
184 0.8414300 0.2758070 -0.4646790 0.2922100 -0.2050250 0.9585810 0.1977040 -0.1267730 0.4999600 -0.0710833 0.8631260 -0.2504250 
185 0.8408640 0.2738340 -0.4668650 0.2919970 -0.2055080 0.9595060 0.1926510 -0.1267740 0.5007140 -0.0660487 0.8630890 -0.2502640 
186 0.8414130 0.2639030 -0.4715710 0.2914550 -0.1982540 0.9625480 0.1849260 -0.1266740 0.5027120 -0.0621088 0.8622200 -0.2488900 
187 0.8406250 0.2584480 -0.4759770 0.2917810 -0.1927400 0.9640250 0.1830520 -0.1265180 0.5061630 -0.0621384 0.8601960 -0.2494350 
188 0.8396520 0.2577400 -0.4780740 0.2910720 -0.1911540 0.9641470 0.1840650 -0.1266900 0.5083740 -0.0631653 0.8588160 -0.2474270 
189 0.8393100 0.2537160 -0.4808190 0.2912900 -0.1906050 0.9656120 0.1768120 -0.1265000 0.5091450 -0.0567532 0.8588070 -0.2475890 
190 0.8380140 0.2482970 -0.4858830 0.2909870 -0.1850820 0.9670240 0.1749560 -0.1264820 0.5133010 -0.0566876 0.8563340 -0.2469370 
191 0.8395700 0.2414560 -0.4866430 0.2907200 -0.1762540 0.9684080 0.1764130 -0.1264820 0.5138650 -0.0623380 0.8556030 -0.2464620 
192 0.8407890 0.2366250 -0.4869110 0.2909110 -0.1709420 0.9694450 0.1759420 -0.1264830 0.5136650 -0.0646968 0.8555480 -0.2465630 
193 0.8448130 0.2309350 -0.4826590 0.2907150 -0.1655560 0.9706170 0.1746270 -0.1265320 0.5088040 -0.0676201 0.8582230 -0.2460900 
194 0.8467920 0.2182480 -0.4850890 0.2902630 -0.1511620 0.9730870 0.1739310 -0.1263190 0.5099940 -0.0739561 0.8569930 -0.2456950 
195 0.8479980 0.2136490 -0.4850290 0.2913200 -0.1447790 0.9737230 0.1757890 -0.1264590 0.5098410 -0.0788467 0.8566470 -0.2440730 
196 0.8647880 0.2009480 -0.4601750 0.2916570 -0.1315910 0.9750990 0.1785100 -0.1264860 0.4845880 -0.0938188 0.8696970 -0.2437660 
197 0.8832570 0.1991930 -0.4244750 0.2920590 -0.1290460 0.9735870 0.1883510 -0.1263400 0.4507810 -0.1115860 0.8856320 -0.2442150 
198 0.8949410 0.1912360 -0.4031250 0.2911810 -0.1179960 0.9727650 0.1995100 -0.1261450 0.4303000 -0.1309830 0.8931330 -0.2420630 
199 0.9050770 0.1598640 -0.3940560 0.2896900 -0.0740218 0.9717270 0.2242040 -0.1264850 0.4187570 -0.1737530 0.8913210 -0.2417580 
200 0.9024410 0.1500050 -0.4038550 0.2896020 -0.0575528 0.9709980 0.2320560 -0.1264140 0.4269530 -0.1861740 0.8849020 -0.2413690 
201 0.8990820 0.1489280 -0.4116710 0.2896150 -0.0492209 0.9687830 0.2429730 -0.1262570 0.4350050 -0.1981900 0.8783460 -0.2400380 
202 0.8999600 0.1560590 -0.4070840 0.2897980 -0.0573282 0.9679910 0.2443490 -0.1261900 0.4321860 -0.1965670 0.8801000 -0.2394660 
203 0.9055590 0.1679290 -0.3895680 0.2895890 -0.0707234 0.9652240 0.2516760 -0.1262490 0.4182840 -0.2003560 0.8859440 -0.2400640 
204 0.9059320 0.1656150 -0.3896910 0.2890610 -0.0675322 0.9650670 0.2531490 -0.1263140 0.4180030 -0.2030190 0.8854700 -0.2421380 
205 0.9064800 0.1536910 -0.3932850 0.2891560 -0.0530145 0.9654610 0.2550980 -0.1261230 0.4189080 -0.2103910 0.8833190 -0.2411260 
206 0.9069400 0.1501650 -0.3935860 0.2891980 -0.0492671 0.9657060 0.2549210 -0.1261050 0.4183680 -0.2118070 0.8832360 -0.2412690 
207 0.9115290 0.1526880 -0.3818400 0.2894370 -0.0558904 0.9658990 0.2528160 -0.1261190 0.4074200 -0.2091080 0.8889780 -0.2417280 
208 0.9160870 0.1547770 -0.3699020 0.2894190 -0.0612107 0.9656670 0.2524690 -0.1261770 0.3962790 -0.2086420 0.8941090 -0.2421660 
209 0.9243750 0.1585850 -0.3469620 0.2893710 -0.0690666 0.9640400 0.2566240 -0.1263760 0.3751820 -0.2132530 0.9020870 -0.2425420 
210 0.9277320 0.1558370 -0.3391580 0.2892910 -0.0675601 0.9637710 0.2580320 -0.1263140 0.3670810 -0.2164710 0.9046500 -0.2425380 
211 0.9314430 0.1409910 -0.3354640 0.2889200 -0.0492827 0.9622710 0.2675910 -0.1262700 0.3605350 -0.2327130 0.9032490 -0.2418870 
212 0.9317790 0.1395580 -0.3351300 0.2890140 -0.0458190 0.9609820 0.2727900 -0.1261600 0.3601240 -0.2388240 0.9018170 -0.2408900 
213 0.9337040 0.1358840 -0.3312590 0.2892480 -0.0429160 0.9609890 0.2732370 -0.1263450 0.3554650 -0.2409060 0.9031110 -0.2426550 
214 0.9415980 0.1326090 -0.3095280 0.2893460 -0.0480413 0.9626940 0.2662950 -0.1263360 0.3332940 -0.2358730 0.9128410 -0.2426510 
215 0.9451050 0.1352460 -0.2974640 0.2894020 -0.0545251 0.9628360 0.2645280 -0.1263970 0.3221850 -0.2337870 0.9173550 -0.2431040 
216 0.9492380 0.1294970 -0.2866660 0.2893490 -0.0523763 0.9636750 0.2618900 -0.1263370 0.3101670 -0.2335820 0.9215400 -0.2427320 
217 0.9505250 0.1163540 -0.2880350 0.2894300 -0.0413194 0.9663220 0.2539980 -0.1264880 0.3078890 -0.2295290 0.9233210 -0.2425330 
218 0.9518530 0.1110820 -0.2857220 0.2894170 -0.0368955 0.9667770 0.2529450 -0.1264120 0.3043270 -0.2302250 0.9243280 -0.2427760 
219 0.9568070 0.1040630 -0.2714610 0.2892490 -0.0396547 0.9717310 0.2327370 -0.1257760 0.2880060 -0.2119200 0.9338860 -0.2418120 
220 0.9598130 0.1033250 -0.2609260 0.2894540 -0.0439835 0.9736500 0.2237670 -0.1263860 0.2771710 -0.2032980 0.9390670 -0.2432690 
221 0.9605540 0.1091720 -0.2557690 0.2896570 -0.0522515 0.9741920 0.2195900 -0.1266430 0.2731410 -0.1975630 0.9414680 -0.2445500 
222 0.9645670 0.1106970 -0.2394920 0.2893940 -0.0626607 0.9778680 0.1996170 -0.1264750 0.2562880 -0.1775380 0.9501560 -0.2452470 
223 0.9668820 0.1135220 -0.2285860 0.2895410 -0.0689224 0.9784950 0.1944150 -0.1268470 0.2457400 -0.1722220 0.9539140 -0.2460070 
224 0.9684490 0.1127390 -0.2222530 0.2897180 -0.0709340 0.9796350 0.1878380 -0.1265680 0.2389030 -0.1661470 0.9567240 -0.2453840 
225 0.9709680 0.0989932 -0.2177640 0.2895290 -0.0636537 0.9844540 0.1637020 -0.1263780 0.2305850 -0.1450880 0.9621750 -0.2455590 
226 0.9725750 0.0935340 -0.2129560 0.2897610 -0.0608250 0.9859970 0.1552780 -0.1266720 0.2244970 -0.1380660 0.9646440 -0.2463060 
227 0.9758730 0.0873801 -0.2000920 0.2883360 -0.0598109 0.9883560 0.1399100 -0.1267860 0.2099880 -0.1245660 0.9697360 -0.2498710 
228 0.9774330 0.0881627 -0.1919680 0.2886090 -0.0627715 0.9889160 0.1345560 -0.1269380 0.2017030 -0.1194700 0.9721330 -0.2501700 
229 0.9781320 0.0881401 -0.1883860 0.2884490 -0.0650204 0.9899520 0.1255720 -0.1267610 0.1975610 -0.1105770 0.9740340 -0.2495500 
230 0.9804490 0.0818069 -0.1789610 0.2893370 -0.0620459 0.9916140 0.1133660 -0.1275580 0.1867340 -0.1000450 0.9773030 -0.2517840 
231 0.9799970 0.0791524 -0.1825930 0.2894000 -0.0594517 0.9920450 0.1109590 -0.1270890 0.1899230 -0.0978839 0.9769070 -0.2511580 
232 0.9812610 0.0794240 -0.1755550 0.2888860 -0.0637355 0.9935990 0.0932727 -0.1271830 0.1818390 -0.0803358 0.9800410 -0.2525080 
233 0.9828780 0.0843786 -0.1638000 0.2889380 -0.0703704 0.9934950 0.0895249 -0.1273230 0.1702890 -0.0764654 0.9824230 -0.2527970 
234 0.9843800 0.0884322 -0.1522360 0.2887640 -0.0766589 0.9937170 0.0815520 -0.1270990 0.1584910 -0.0686080 0.9849740 -0.2517740 
235 0.9846170 0.0831752 -0.1536580 0.2892210 -0.0720588 0.9944580 0.0765590 -0.1270500 0.1591740 -0.0643089 0.9851540 -0.2520280 
236 0.9838850 0.0754993 -0.1620830 0.2878510 -0.0652793 0.9955820 0.0674869 -0.1272770 0.1664620 -0.0558187 0.9844670 -0.2548770 
237 0.9838890 0.0764201 -0.1616260 0.2877770 -0.0679230 0.9960340 0.0574681 -0.1273390 0.1653770 -0.0455640 0.9851770 -0.2551960 
238 0.9836460 0.0907155 -0.1555990 0.2878110 -0.0861468 0.9956360 0.0358723 -0.1273510 0.1581740 -0.0218813 0.9871690 -0.2556850 
239 0.9834670 0.1016770 -0.1498450 0.2881600 -0.1011360 0.9948090 0.0112458 -0.1272360 0.1502110 0.0040948 0.9886460 -0.2560240 
240 0.9829500 0.1042220 -0.1514840 0.2883480 -0.1053240 0.9944380 0.0007531 -0.1273560 0.1507200 0.0152147 0.9884590 -0.2565870 
241 0.9813120 0.0992950 -0.1648240 0.2887830 -0.1018300 0.9947770 -0.0069836 -0.1274250 0.1632700 0.0236372 0.9862980 -0.2575610 
242 0.9802640 0.0893860 -0.1763340 0.2885550 -0.0928154 0.9956190 -0.0112807 -0.1275520 0.1745530 0.0274246 0.9842660 -0.2576920 
243 0.9798100 0.0917993 -0.1776080 0.2892160 -0.0961765 0.9952330 -0.0161764 -0.1281540 0.1752760 0.0329315 0.9839680 -0.2588570 
244 0.9797090 0.1040350 -0.1713110 0.2895590 -0.1119170 0.9930290 -0.0369875 -0.1280590 0.1662690 0.0554096 0.9845220 -0.2594680 
245 0.9785900 0.1078850 -0.1752790 0.2896720 -0.1179450 0.9918590 -0.0480018 -0.1280180 0.1686730 0.0676474 0.9833480 -0.2597280 
246 0.9775020 0.1114470 -0.1790780 0.2898020 -0.1228360 0.9909680 -0.0537860 -0.1280730 0.1714660 0.0745732 0.9823640 -0.2600690 
247 0.9770340 0.1138900 -0.1800910 0.2898060 -0.1275650 0.9896160 -0.0662373 -0.1280450 0.1706770 0.0876895 0.9814170 -0.2601070 
248 0.9759230 0.1146840 -0.1855300 0.2899890 -0.1295670 0.9890860 -0.0701564 -0.1280470 0.1754590 0.0925058 0.9801310 -0.2604990 
249 0.9742770 0.1135770 -0.1946410 0.2896550 -0.1324650 0.9873710 -0.0869021 -0.1281680 0.1823120 0.1104500 0.9770170 -0.2593670 
250 0.9742370 0.1179840 -0.1922020 0.2898880 -0.1386840 0.9854740 -0.0980238 -0.1279360 0.1778450 0.1221540 0.9764470 -0.2603780 
251 0.9733620 0.1183510 -0.1963640 0.2897490 -0.1403120 0.9848450 -0.1019430 -0.1279880 0.1813240 0.1267790 0.9752170 -0.2607160 
252 0.9729010 0.1159210 -0.2000640 0.2893120 -0.1398200 0.9840760 -0.1097460 -0.1279090 0.1841570 0.1347450 0.9736170 -0.2602130 
253 0.9728470 0.1143330 -0.2012380 0.2894470 -0.1395440 0.9834130 -0.1158720 -0.1279440 0.1846520 0.1408070 0.9726650 -0.2607330 
254 0.9717340 0.1186620 -0.2040890 0.2897280 -0.1465460 0.9809660 -0.1273960 -0.1279240 0.1850870 0.1537030 0.9706280 -0.2603670 
255 0.9717320 0.1233590 -0.2012950 0.2898540 -0.1525450 0.9788180 -0.1365480 -0.1278770 0.1801860 0.1633940 0.9699670 -0.2597420 
256 0.9711710 0.1271320 -0.2016530 0.2901990 -0.1584400 0.9762800 -0.1475610 -0.1280140 0.1781100 0.1752570 0.9682780 -0.2617620 
257 0.9674940 0.1273680 -0.2184770 0.2901780 -0.1628110 0.9747670 -0.1527170 -0.1280050 0.1935130 0.1833230 0.9638180 -0.2618220 
258 0.9663400 0.1292770 -0.2224280 0.2904950 -0.1659360 0.9738990 -0.1548720 -0.1280030 0.1966010 0.1865680 0.9625700 -0.2624580 
259 0.9638620 0.1377100 -0.2280470 0.2903950 -0.1769280 0.9708800 -0.1615190 -0.1279620 0.1991640 0.1960300 0.9601590 -0.2625330 
260 0.9626300 0.1387130 -0.2326000 0.2909840 -0.1784440 0.9709410 -0.1594710 -0.1279410 0.2037200 0.1950170 0.9594090 -0.2636450 
261 0.9558350 0.1371780 -0.2599250 0.2937300 -0.1789530 0.9731940 -0.1444600 -0.1289630 0.2331410 0.1845940 0.9547620 -0.2631000 
262 0.9536040 0.1308530 -0.2711390 0.2933460 -0.1733780 0.9749600 -0.1392570 -0.1288710 0.2461270 0.1798050 0.9524130 -0.2620150 
263 0.9497860 0.1270620 -0.2859400 0.2938290 -0.1703240 0.9765320 -0.1318120 -0.1289010 0.2624820 0.1738960 0.9491380 -0.2630080 
264 0.9469530 0.1311770 -0.2933820 0.2934010 -0.1744810 0.9764930 -0.1265640 -0.1288620 0.2698830 0.1710390 0.9475810 -0.2619620 
265 0.9429800 0.1408190 -0.3015940 0.2932280 -0.1862820 0.9741770 -0.1275820 -0.1288320 0.2758400 0.1764880 0.9448620 -0.2619730 
266 0.9358490 0.1468890 -0.3203300 0.2934340 -0.1941250 0.9735200 -0.1207270 -0.1288430 0.2941140 0.1751660 0.9395820 -0.2621210 
267 0.9305850 0.1492600 -0.3342660 0.2954630 -0.1982580 0.9730900 -0.1174280 -0.1290760 0.3077440 0.1755480 0.9351350 -0.2613220 
268 0.9205940 0.1623690 -0.3551670 0.2949690 -0.2134900 0.9707820 -0.1095620 -0.1292020 0.3270010 0.1766860 0.9283600 -0.2601670 
269 0.9152080 0.1675840 -0.3664830 0.2952550 -0.2209510 0.9692230 -0.1085730 -0.1290380 0.3370080 0.1803420 0.9240680 -0.2602310 
270 0.9038500 0.1802220 -0.3880400 0.2953520 -0.2354540 0.9667870 -0.0994203 -0.1291300 0.3572340 0.1812270 0.9162650 -0.2604410 
271 0.8991400 0.1824130 -0.3978350 0.2952340 -0.2387510 0.9662700 -0.0965469 -0.1290440 0.3668050 0.1817930 0.9123630 -0.2601990 
272 0.8930680 0.1788920 -0.4128290 0.2963330 -0.2326350 0.9689850 -0.0833648 -0.1283650 0.3851120 0.1704890 0.9069850 -0.2610680 
273 0.8817740 0.1800580 -0.4359520 0.2955660 -0.2322500 0.9702030 -0.0690421 -0.1284950 0.4105300 0.1621290 0.8973180 -0.2589990 
274 0.8769300 0.1809440 -0.4452560 0.2959620 -0.2326620 0.9704600 -0.0638486 -0.1285710 0.4205500 0.1595850 0.8931240 -0.2601650 
275 0.8626950 0.1870690 -0.4698540 0.2949090 -0.2383330 0.9698180 -0.0514750 -0.1285650 0.4460430 0.1563890 0.8812420 -0.2569240 
276 0.8568360 0.1946340 -0.4774400 0.2942210 -0.2457650 0.9682210 -0.0463545 -0.1274700 0.4532450 0.1570560 0.8774410 -0.2604620 
277 0.8456980 0.1968050 -0.4960460 0.2938450 -0.2499020 0.9673490 -0.0422599 -0.1270540 0.4715330 0.1597020 0.8672670 -0.2592090 
278 0.8403160 0.1989080 -0.5042870 0.2935710 -0.2521970 0.9668950 -0.0388705 -0.1274260 0.4798610 0.1598430 0.8626610 -0.2587570 
279 0.8290730 0.2015110 -0.5215660 0.2942980 -0.2553460 0.9663020 -0.0325554 -0.1275710 0.4974300 0.1601710 0.8525890 -0.2598090 
280 0.8161080 0.1997230 -0.5422900 0.2946220 -0.2551070 0.9665080 -0.0279581 -0.1274540 0.5185440 0.1611590 0.8397260 -0.2592110 
281 0.8043680 0.1964840 -0.5607020 0.2969200 -0.2525130 0.9673130 -0.0232773 -0.1254450 0.5378010 0.1603080 0.8276910 -0.2578830 
282 0.7948230 0.1963890 -0.5741850 0.2949440 -0.2532050 0.9672120 -0.0196852 -0.1288450 0.5514930 0.1610330 0.8184890 -0.2558440 
283 0.7838070 0.1902370 -0.5911480 0.2989060 -0.2513100 0.9676610 -0.0218110 -0.1242650 0.5678810 0.1656570 0.8062680 -0.2481450 
284 0.7721020 0.1940480 -0.6051480 0.2977980 -0.2496130 0.9683130 -0.0079776 -0.1286210 0.5844250 0.1572120 0.7960730 -0.2624420 
285 0.7610410 0.1900510 -0.6202400 0.2943590 -0.2482270 0.9686710 -0.0077608 -0.1292970 0.5993330 0.1598660 0.7843740 -0.2573610 
286 0.7492690 0.1967460 -0.6323660 0.2940840 -0.2582590 0.9660610 -0.0054351 -0.1305510 0.6098350 0.1673860 0.7746510 -0.2543760 
287 0.7428280 0.2009710 -0.6386060 0.2956880 -0.2686290 0.9631980 -0.0093486 -0.1301900 0.6132260 0.1784930 0.7694770 -0.2545450 
288 0.7311340 0.2016670 -0.6517460 0.2933830 -0.2711330 0.9625210 -0.0063305 -0.1304930 0.6260430 0.1813380 0.7584110 -0.2613340 
289 0.7229500 0.1936780 -0.6631990 0.2936730 -0.2624550 0.9649350 -0.0043051 -0.1311610 0.6391100 0.1771720 0.7484310 -0.2616800 
290 0.7136540 0.1937530 -0.6731700 0.2936200 -0.2650490 0.9642290 -0.0034634 -0.1321870 0.6484180 0.1808950 0.7394800 -0.2593010 
291 0.7137670 0.1945780 -0.6728120 0.2938430 -0.2685980 0.9632310 -0.0063812 -0.1317220 0.6468320 0.1852710 0.7397860 -0.2594030 
292 0.7155530 0.1973830 -0.6700930 0.2956620 -0.2685690 0.9632560 -0.0030513 -0.1313350 0.6448680 0.1821500 0.7422710 -0.2645440 
293 0.7151550 0.1914090 -0.6722470 0.2957060 -0.2606440 0.9654320 -0.0023921 -0.1312660 0.6485510 0.1769280 0.7403230 -0.2630380 
294 0.7211240 0.1755720 -0.6701900 0.2946620 -0.2498530 0.9681640 -0.0152092 -0.1322490 0.6461830 0.1784170 0.7420340 -0.2453860 
295 0.7437290 0.1821270 -0.6431930 0.3027680 -0.2554910 0.9665670 -0.0217317 -0.1328240 0.6177310 0.1804920 0.7653960 -0.2656940 
296 0.7558060 0.1987650 -0.6238990 0.2953370 -0.2628480 0.9647740 -0.0110571 -0.1289250 0.5997230 0.1723470 0.7814270 -0.2648860 
297 0.7580380 0.1924790 -0.6231610 0.2970240 -0.2465270 0.9691360 -0.0005436 -0.1286350 0.6038230 0.1540380 0.7820930 -0.2684610 
298 0.7616500 0.1862800 -0.6206370 0.2960500 -0.2302250 0.9730910 0.0095326 -0.1289610 0.6057110 0.1356260 0.7840400 -0.2620000 
299 0.7726030 0.1837780 -0.6077090 0.2979950 -0.2178570 0.9758120 0.0181273 -0.1292460 0.5963410 0.1183880 0.7939530 -0.2622510 
300 0.7985210 0.1760920 -0.5756360 0.2924110 -0.2036640 0.9788940 0.0169293 -0.1284720 0.5664680 0.1037180 0.8175310 -0.2530770 
301 0.8121830 0.1603410 -0.5609370 0.2942840 -0.1874470 0.9822300 0.0093611 -0.1266780 0.5524700 0.0975427 0.8278060 -0.2591090 
302 0.8161020 0.1530460 -0.5572740 0.2947080 -0.1787010 0.9838670 0.0085034 -0.1277270 0.5495840 0.0926457 0.8302850 -0.2560400 
303 0.8212690 0.1595430 -0.5477810 0.2952420 -0.1841880 0.9828390 0.0101074 -0.1281390 0.5399930 0.0925940 0.8365610 -0.2548620 
304 0.8281140 0.1599460 -0.5372570 0.2965880 -0.1874800 0.9822620 0.0034510 -0.1265920 0.5282790 0.0978671 0.8434110 -0.2628620 
305 0.8283810 0.1468160 -0.5405830 0.2955570 -0.1709400 0.9852650 0.0056407 -0.1270250 0.5334450 0.0877345 0.8412720 -0.2545180 
306 0.8298980 0.1360300 -0.5410780 0.2966680 -0.1607510 0.9869940 0.0015781 -0.1259700 0.5342550 0.0856690 0.8409710 -0.2624250 
307 0.8314800 0.1288770 -0.5403990 0.2969300 -0.1517960 0.9884090 0.0021607 -0.1284090 0.5344140 0.0802338 0.8414060 -0.2566460 
308 0.8403140 0.1298610 -0.5263150 0.2976830 -0.1564770 0.9876630 -0.0061378 -0.1274340 0.5190250 0.0875138 0.8502670 -0.2573710 
309 0.8415370 0.1289300 -0.5245880 0.2966480 -0.1587950 0.9872370 -0.0120993 -0.1287460 0.5163330 0.0934840 0.8512700 -0.2522650 
