27 0.994333 0.0625541 -0.0859556 -0.0167601 -0.0565793 0.995922 0.0702719 0.00272314 0.0900009 -0.0650104 0.993818 0.0160653
28 0.993074 0.0668354 -0.0966287 -0.0178235 -0.0598474 0.995498 0.0734945 0.00307767 0.101106 -0.0672025 0.992603 0.017485
29 0.989865 0.0770331 -0.119304 -0.0180862 -0.0669008 0.993983 0.0867268 0.00332054 0.125267 -0.0778662 0.989063 0.0185517
30 0.988239 0.0817828 -0.129207 -0.019659 -0.0703106 0.993367 0.0909904 0.00316777 0.135792 -0.0808356 0.987434 0.0210339
31 0.984722 0.086023 -0.1514 -0.0209694 -0.0713832 0.992462 0.0996168 0.00350049 0.158828 -0.0872875 0.98344 0.0218818
32 0.982235 0.0909718 -0.164127 -0.022532 -0.0744361 0.991763 0.10424 0.00375399 0.172258 -0.0901717 0.980916 0.0247285
33 0.976142 0.105577 -0.189739 -0.0214842 -0.0854072 0.990085 0.111525 0.00408731 0.199632 -0.0926594 0.97548 0.0241915
34 0.971787 0.11537 -0.205716 -0.0241179 -0.0909821 0.988061 0.124332 0.00383103 0.217604 -0.102108 0.970681 0.028878
35 0.969224 0.119037 -0.215487 -0.023537 -0.0926999 0.98737 0.128483 0.00403112 0.22806 -0.104553 0.968017 0.0282548
36 0.965725 0.125418 -0.227258 -0.0262923 -0.0958995 0.985972 0.136613 0.00420837 0.241203 -0.110137 0.964205 0.0318358
37 0.963472 0.129586 -0.23437 -0.0268876 -0.0984782 0.985253 0.139925 0.00422435 0.249046 -0.111733 0.962025 0.032981
38 0.959299 0.139378 -0.2456 -0.0288856 -0.105447 0.983601 0.146323 0.00388596 0.261967 -0.11447 0.958264 0.0364001
39 0.957704 0.141141 -0.250762 -0.029755 -0.106227 0.983303 0.14775 0.00383146 0.267429 -0.114863 0.956707 0.0377317
40 0.954602 0.139897 -0.262989 -0.032346 -0.10209 0.983038 0.152359 0.00342311 0.279842 -0.118593 0.952693 0.0417727
41 0.952301 0.138601 -0.271868 -0.0354923 -0.0992463 0.98314 0.153575 0.00334177 0.28857 -0.119268 0.950001 0.0446891
42 0.952485 0.13633 -0.272374 -0.042547 -0.0971031 0.983491 0.152694 0.00295142 0.288694 -0.11899 0.949998 0.0468568
43 0.950499 0.133486 -0.280593 -0.0446254 -0.0945604 0.984454 0.148013 0.00253392 0.295988 -0.114154 0.948346 0.0486188
44 0.949713 0.133571 -0.283203 -0.0474766 -0.0951698 0.984796 0.145325 0.00234197 0.298308 -0.111065 0.947986 0.0508623
45 0.947339 0.131649 -0.29192 -0.0500633 -0.0944757 0.985912 0.138031 0.00242592 0.305979 -0.103183 0.94643 0.0519504
46 0.944552 0.131203 -0.301011 -0.0537867 -0.0953541 0.986798 0.130907 0.00239066 0.314213 -0.0949454 0.944593 0.0544925
47 0.940508 0.131858 -0.313143 -0.0568665 -0.0964969 0.987336 0.125923 0.00214031 0.325781 -0.0882143 0.941321 0.0562116
48 0.941288 0.133641 -0.310027 -0.0737685 -0.0998769 0.987442 0.122406 0.00259071 0.322492 -0.0842552 0.942815 0.0551963
49 0.939561 0.13639 -0.314044 -0.0778637 -0.102848 0.9873 0.121085 0.00232822 0.32657 -0.081468 0.941655 0.0575203
50 0.934588 0.137292 -0.32817 -0.0820664 -0.104575 0.987795 0.115436 0.00211976 0.340013 -0.0735666 0.937539 0.0592834
51 0.928758 0.139628 -0.343385 -0.0870228 -0.108274 0.988133 0.108947 0.00103723 0.354523 -0.0640057 0.932854 0.0620872
52 0.931739 0.134694 -0.337224 -0.107781 -0.107002 0.989268 0.0994912 0.00202554 0.347005 -0.0566162 0.936153 0.062175
53 0.927649 0.130097 -0.350061 -0.114563 -0.106487 0.990592 0.0859557 0.00206979 0.35795 -0.0424597 0.932775 0.0665453
54 0.922939 0.125084 -0.364057 -0.117456 -0.105463 0.991713 0.0733712 0.00609907 0.370217 -0.0293225 0.928482 0.0680557
55 0.918049 0.131332 -0.374082 -0.133846 -0.114905 0.991182 0.0659897 0.00561388 0.37945 -0.0175978 0.925045 0.0726341
56 0.914648 0.134883 -0.381085 -0.13546 -0.119113 0.990765 0.0647903 0.00621792 0.386305 -0.0138681 0.922267 0.0733321
57 0.909872 0.136491 -0.391794 -0.142366 -0.122179 0.990609 0.0613642 0.00544806 0.39649 -0.00796457 0.918004 0.0776865
58 0.902596 0.136034 -0.408431 -0.145983 -0.123589 0.990704 0.0568478 0.00605485 0.412368 -0.000833141 0.911017 0.0802735
59 0.895475 0.143195 -0.421449 -0.15502 -0.133059 0.989661 0.0535363 0.00491364 0.424758 0.00813745 0.90527 0.0843011
60 0.887782 0.15175 -0.43453 -0.158994 -0.145595 0.988196 0.047642 0.00457416 0.43663 0.0209698 0.899397 0.0860615
61 0.881092 0.149657 -0.448642 -0.164295 -0.146951 0.988291 0.0410732 0.00513554 0.449536 0.0297391 0.892767 0.0897846
62 0.867907 0.170758 -0.466454 -0.170931 -0.174161 0.984052 0.0361864 0.00295442 0.465194 0.0498315 0.883805 0.0906461
63 0.859652 0.17647 -0.479434 -0.17632 -0.186136 0.982132 0.02775 0.00293845 0.475764 0.0653846 0.877139 0.0958588
64 0.854855 0.185893 -0.484424 -0.179197 -0.200938 0.979374 0.0212341 0.00106227 0.478379 0.0791868 0.874576 0.093507
65 0.849552 0.191774 -0.49141 -0.182879 -0.21118 0.977311 0.0163091 -0.00249967 0.483388 0.0899204 0.870776 0.094374
66 0.845659 0.200552 -0.494611 -0.186468 -0.22449 0.974411 0.0112769 -0.00472381 0.484216 0.101499 0.869041 0.0956231
67 0.845183 0.207459 -0.492571 -0.188176 -0.237496 0.971387 0.00161492 -0.0060273 0.478813 0.115619 0.870271 0.0946371
68 0.847327 0.216022 -0.485151 -0.191275 -0.246183 0.969222 0.00159765 -0.00985904 0.470564 0.118082 0.874429 0.0962454
69 0.846592 0.221964 -0.48375 -0.194409 -0.259523 0.965673 -0.0110914 -0.0122027 0.464682 0.134934 0.875136 0.0971989
70 0.848036 0.226968 -0.478874 -0.194594 -0.268105 0.963217 -0.0182573 -0.0186445 0.457115 0.143871 0.877694 0.0960323
71 0.847666 0.234789 -0.475749 -0.196607 -0.285941 0.957536 -0.0369177 -0.0222016 0.446878 0.16733 0.878806 0.0954164
72 0.849466 0.238212 -0.47081 -0.198041 -0.301047 0.951612 -0.0616886 -0.0255834 0.433333 0.194138 0.880075 0.0927971
73 0.852173 0.233418 -0.468313 -0.1994 -0.301733 0.95041 -0.0753469 -0.0315548 0.427502 0.205514 0.880344 0.0927631
74 0.852796 0.225478 -0.471062 -0.199116 -0.301065 0.949285 -0.0906548 -0.0323761 0.426732 0.21913 0.877429 0.0896813
75 0.855835 0.223224 -0.466601 -0.201134 -0.301861 0.948082 -0.100104 -0.0360736 0.420031 0.226521 0.878785 0.0922452
76 0.855259 0.219113 -0.469598 -0.201052 -0.301521 0.947427 -0.107082 -0.0379716 0.421447 0.233176 0.876362 0.0905296
77 0.858394 0.212831 -0.466758 -0.20255 -0.298393 0.947266 -0.116829 -0.0418307 0.417279 0.239563 0.876635 0.0928924
78 0.857612 0.202231 -0.472869 -0.202209 -0.289754 0.949626 -0.119385 -0.0478984 0.424905 0.239401 0.873008 0.093194
79 0.857469 0.199861 -0.474133 -0.201685 -0.292074 0.947692 -0.128736 -0.0504725 0.423603 0.248869 0.870991 0.091456
80 0.857801 0.200459 -0.473281 -0.202671 -0.295098 0.946 -0.134172 -0.0546764 0.420827 0.254757 0.870634 0.0922363
81 0.856594 0.204819 -0.473599 -0.203156 -0.305164 0.941212 -0.144897 -0.058082 0.416079 0.268644 0.86874 0.0921501
82 0.855831 0.200077 -0.476994 -0.203961 -0.306473 0.939008 -0.156009 -0.0622107 0.416687 0.279702 0.86495 0.0929969
83 0.856402 0.196544 -0.477437 -0.202358 -0.307644 0.936882 -0.166155 -0.0622898 0.414646 0.289176 0.862813 0.0891534
84 0.860035 0.197134 -0.470614 -0.204913 -0.308125 0.935836 -0.171082 -0.0696219 0.406692 0.292145 0.865594 0.0916746
85 0.866826 0.200084 -0.456705 -0.204177 -0.311666 0.932392 -0.183057 -0.0719333 0.389201 0.301017 0.870581 0.0912985
86 0.871024 0.202304 -0.447651 -0.203615 -0.31335 0.930612 -0.18914 -0.0744758 0.378325 0.305017 0.873977 0.0917378
87 0.883702 0.198513 -0.423867 -0.202469 -0.310754 0.926046 -0.214173 -0.0771757 0.350004 0.320984 0.880038 0.0889185
88 0.895061 0.186524 -0.405061 -0.203267 -0.298328 0.925588 -0.232995 -0.082391 0.331461 0.329386 0.884103 0.091669
89 0.901131 0.18701 -0.39114 -0.198944 -0.299033 0.921339 -0.248422 -0.0820444 0.313915 0.340825 0.886169 0.0835571
90 0.907303 0.188165 -0.376025 -0.199688 -0.298412 0.918179 -0.260571 -0.0855135 0.296228 0.348627 0.889218 0.085492
91 0.909591 0.189346 -0.369853 -0.195531 -0.299234 0.916084 -0.266926 -0.0834947 0.288275 0.353466 0.889921 0.0776714
92 0.915036 0.188327 -0.35671 -0.19704 -0.296296 0.91387 -0.27758 -0.0877317 0.273711 0.359687 0.892024 0.0835557
93 0.919161 0.19045 -0.344778 -0.193276 -0.29767 0.90911 -0.291395 -0.0871287 0.257945 0.370469 0.89231 0.075865
94 0.92259 0.186902 -0.337484 -0.193123 -0.292672 0.909032 -0.296655 -0.0893515 0.251338 0.372463 0.893364 0.0778311
95 0.928427 0.183168 -0.323221 -0.189421 -0.285904 0.907826 -0.306774 -0.0895253 0.237238 0.377228 0.895219 0.0709932
96 0.933034 0.181366 -0.31073 -0.186452 -0.277461 0.912527 -0.300517 -0.094118 0.229046 0.366608 0.901741 0.0665903
97 0.935595 0.177404 -0.305269 -0.18633 -0.271302 0.914541 -0.300016 -0.0957715 0.225957 0.363514 0.90377 0.0693963
98 0.941197 0.166302 -0.294096 -0.183614 -0.258185 0.915483 -0.308595 -0.0983034 0.21792 0.36638 0.904586 0.0697084
99 0.943091 0.162604 -0.290068 -0.182722 -0.253903 0.915405 -0.312356 -0.100547 0.214739 0.368229 0.904596 0.0709816
100 0.94594 0.156093 -0.284311 -0.177768 -0.246794 0.915175 -0.318665 -0.101334 0.210453 0.371604 0.904223 0.0656448
101 0.949321 0.146077 -0.278302 -0.175423 -0.235313 0.917312 -0.321194 -0.102024 0.208371 0.370404 0.905197 0.0638921
102 0.953595 0.134262 -0.269502 -0.170782 -0.221036 0.919943 -0.323803 -0.102491 0.204452 0.368347 0.906929 0.0604915
103 0.957157 0.131889 -0.257789 -0.168192 -0.213534 0.922788 -0.320727 -0.106202 0.195584 0.362033 0.911416 0.0570354
104 0.961457 0.12652 -0.244118 -0.167955 -0.203395 0.924695 -0.321823 -0.10831 0.185018 0.359072 0.914787 0.0617644
105 0.96664 0.11228 -0.230219 -0.162187 -0.184578 0.928519 -0.322155 -0.108835 0.177591 0.353901 0.918268 0.0544251
106 0.968551 0.107115 -0.224577 -0.15965 -0.176668 0.93163 -0.317576 -0.108503 0.175205 0.347265 0.921255 0.0532401
107 0.972414 0.105745 -0.207914 -0.157495 -0.169349 0.933007 -0.31752 -0.109353 0.16041 0.343971 0.925177 0.0586059
108 0.975234 0.104865 -0.194737 -0.154519 -0.163161 0.935525 -0.313323 -0.11178 0.149325 0.337337 0.929465 0.0551703
109 0.976924 0.104801 -0.186106 -0.154821 -0.159712 0.936981 -0.310738 -0.114082 0.141812 0.33329 0.932098 0.05785
110 0.980155 0.0917712 -0.175709 -0.149243 -0.14334 0.940383 -0.308437 -0.113986 0.136928 0.327502 0.934876 0.0551615
111 0.982398 0.0837402 -0.16698 -0.147662 -0.131822 0.944127 -0.302071 -0.114557 0.132355 0.318765 0.938547 0.0560886
112 0.98524 0.0709966 -0.15576 -0.143912 -0.115334 0.947712 -0.297556 -0.115619 0.126491 0.311129 0.941912 0.0567451
113 0.987187 0.0691263 -0.143817 -0.141795 -0.109558 0.948907 -0.295928 -0.115473 0.116013 0.307892 0.944322 0.0574885
114 0.990038 0.0712116 -0.121467 -0.140337 -0.104663 0.949262 -0.29656 -0.121128 0.0941858 0.306318 0.947258 0.0585999
115 0.991013 0.0659619 -0.116371 -0.136111 -0.0979604 0.950281 -0.295585 -0.121207 0.0910882 0.304328 0.948202 0.0550347
116 0.992457 0.0566591 -0.108717 -0.135582 -0.0864082 0.952363 -0.292468 -0.12189 0.0869674 0.299656 0.950075 0.0559813
117 0.99425 0.0452577 -0.0970513 -0.132142 -0.0719095 0.953732 -0.291932 -0.121614 0.0793488 0.297232 0.951502 0.0567548
118 0.994776 0.0450505 -0.0916009 -0.130888 -0.0702214 0.953299 -0.293752 -0.121873 0.0740894 0.29865 0.951483 0.0570501
119 0.995456 0.0482517 -0.0820881 -0.128358 -0.0705747 0.952612 -0.295888 -0.120575 0.0639211 0.300337 0.951689 0.055887
120 0.996792 0.0520968 -0.0607598 -0.126927 -0.067998 0.951646 -0.299575 -0.121164 0.0422149 0.302746 0.952136 0.057834
121 0.997419 0.0465092 -0.0546979 -0.126266 -0.0608099 0.952259 -0.299175 -0.121793 0.0381722 0.301729 0.952629 0.0574001
122 0.997912 0.0357922 -0.0537608 -0.124667 -0.0502281 0.953362 -0.29762 -0.12171 0.040601 0.299699 0.953169 0.0572039
123 0.998596 0.020927 -0.0486667 -0.121819 -0.0344783 0.954209 -0.297147 -0.121831 0.0402198 0.298408 0.953591 0.0574793
124 0.998794 0.0186618 -0.0454217 -0.118037 -0.0313103 0.954583 -0.296296 -0.122069 0.0378294 0.297361 0.954015 0.0559314
125 0.999074 0.0185597 -0.0388121 -0.115382 -0.0291429 0.955603 -0.293212 -0.12238 0.031647 0.294072 0.955259 0.0546095
126 0.999616 0.0106284 -0.0255889 -0.113785 -0.0176032 0.956787 -0.290257 -0.1224 0.0213981 0.290596 0.956606 0.0557263
127 0.999818 0.00410343 -0.0186135 -0.112186 -0.00928764 0.957657 -0.287763 -0.12197 0.0166445 0.287883 0.957521 0.0573895
128 0.999844 -0.00957273 -0.0148757 -0.111483 0.00492484 0.958314 -0.285675 -0.122061 0.0169903 0.285557 0.958211 0.059548
129 0.999537 -0.0292003 -0.00860684 -0.106924 0.0256319 0.959787 -0.279556 -0.121289 0.0164238 0.279206 0.960091 0.0579348
130 0.999497 -0.0315468 0.0032782 -0.104355 0.0312235 0.96053 -0.276418 -0.120415 0.00557128 0.276381 0.961032 0.0571036
131 0.99921 -0.0336735 0.0211232 -0.103793 0.0381713 0.961118 -0.273488 -0.120446 -0.0110926 0.274079 0.961643 0.0582699
132 0.998751 -0.0365998 0.0340127 -0.102272 0.044432 0.961952 -0.269583 -0.120954 -0.0228519 0.270757 0.962376 0.0583902
133 0.998307 -0.0398094 0.0424134 -0.0992914 0.0495467 0.963947 -0.261442 -0.121881 -0.0304764 0.2631 0.964287 0.0598168
134 0.997778 -0.0445643 0.0495244 -0.0988712 0.0560413 0.963393 -0.262171 -0.12069 -0.036028 0.264364 0.96375 0.0611718
135 0.997492 -0.0442765 0.0552161 -0.0963674 0.0574226 0.962354 -0.265665 -0.120266 -0.0413747 0.26817 0.962483 0.0605044
136 0.99725 -0.0412967 0.0615452 -0.0938836 0.0561296 0.963088 -0.263268 -0.121316 -0.0484014 0.265999 0.962757 0.0587161
137 0.996725 -0.04027 0.0701316 -0.0952035 0.0574132 0.9631 -0.26295 -0.121099 -0.0569547 0.266115 0.962257 0.0608756
138 0.996762 -0.0414082 0.0689213 -0.0916005 0.0581554 0.963217 -0.262358 -0.1208 -0.0555224 0.265517 0.962506 0.0592899
139 0.996351 -0.0450132 0.072516 -0.0911932 0.0626916 0.96251 -0.263902 -0.119746 -0.0579183 0.267485 0.96182 0.059614
140 0.995414 -0.0497621 0.0817004 -0.0880506 0.0695707 0.962767 -0.261227 -0.120417 -0.0656593 0.265712 0.961814 0.0569177
141 0.994841 -0.0555966 0.0848524 -0.0878155 0.0758266 0.963184 -0.257927 -0.119677 -0.0673887 0.26303 0.962431 0.0573862
142 0.995387 -0.0532131 0.0798313 -0.0815745 0.0722073 0.963402 -0.258151 -0.121247 -0.0631727 0.262725 0.962801 0.0595818
143 0.994972 -0.0507666 0.086334 -0.0825499 0.071581 0.963365 -0.258465 -0.121387 -0.0700497 0.263346 0.962155 0.0593437
144 0.993534 -0.0544823 0.0996041 -0.0780998 0.0785296 0.963386 -0.256359 -0.12194 -0.0819903 0.262523 0.961436 0.0582484
145 0.99321 -0.0593755 0.100038 -0.0768398 0.0831959 0.9636 -0.254072 -0.121453 -0.081311 0.26067 0.961998 0.0582806
146 0.992907 -0.0632378 0.100685 -0.0745479 0.0869784 0.963688 -0.25247 -0.122169 -0.0810632 0.259437 0.962352 0.0596964
147 0.99217 -0.0645949 0.106892 -0.0734326 0.0900041 0.963173 -0.253371 -0.12178 -0.0865887 0.261008 0.961445 0.0606905
148 0.991515 -0.0623161 0.114079 -0.0716148 0.0897239 0.963103 -0.253735 -0.121894 -0.0940581 0.261818 0.960523 0.0595836
149 0.990811 -0.0602553 0.121089 -0.0685204 0.0884671 0.965927 -0.243226 -0.121252 -0.102307 0.251703 0.962382 0.0568968
150 0.99066 -0.0594958 0.122688 -0.0689739 0.0882162 0.965759 -0.243982 -0.120208 -0.103971 0.252527 0.961988 0.0585596
151 0.991437 -0.0565339 0.117714 -0.0603295 0.0837981 0.966784 -0.24147 -0.123973 -0.100153 0.249266 0.963242 0.0620291
152 0.990728 -0.0510567 0.125898 -0.0596974 0.0808058 0.966411 -0.243966 -0.123414 -0.109213 0.251878 0.961577 0.0626895
153 0.990094 -0.0387733 0.134947 -0.0561456 0.0715819 0.966221 -0.247572 -0.123941 -0.12079 0.25478 0.959425 0.061368
154 0.98993 -0.0404939 0.135643 -0.0553049 0.0733802 0.966211 -0.247087 -0.123329 -0.121054 0.254552 0.959452 0.0614578
155 0.990146 -0.0394259 0.134372 -0.0539435 0.0722483 0.965805 -0.249 -0.12291 -0.11996 0.256254 0.959137 0.0622315
156 0.990022 -0.0394134 0.13529 -0.0539657 0.0728128 0.965068 -0.251679 -0.12334 -0.120644 0.259019 0.958308 0.0638131
157 0.989348 -0.0438759 0.138797 -0.0525241 0.0782106 0.964398 -0.252627 -0.124217 -0.122771 0.260791 0.957557 0.06458
158 0.989242 -0.0424702 0.139989 -0.0473305 0.0774373 0.963891 -0.254788 -0.123742 -0.124114 0.262888 0.95681 0.0649498
159 0.988235 -0.0445957 0.146296 -0.0480114 0.0808995 0.964193 -0.252562 -0.125442 -0.129794 0.261426 0.956457 0.0664832
160 0.987248 -0.0489713 0.151471 -0.0470633 0.0868074 0.9632 -0.254381 -0.12434 -0.133439 0.264286 0.955169 0.0681293
161 0.986858 -0.0496079 0.153784 -0.044762 0.0887143 0.961784 -0.25904 -0.123975 -0.135057 0.269279 0.953545 0.0693524
162 0.988309 -0.0516835 0.143436 -0.0290564 0.087417 0.962882 -0.255375 -0.128097 -0.124913 0.264928 0.956143 0.0755518
163 0.987483 -0.047826 0.150301 -0.0280771 0.0852358 0.963604 -0.253382 -0.12831 -0.132712 0.263022 0.955619 0.0776919
164 0.984705 -0.0501814 0.16685 -0.0271783 0.091491 0.963899 -0.250056 -0.12831 -0.148278 0.261496 0.953747 0.0803098
165 0.985138 -0.0513334 0.163914 -0.0212228 0.0927962 0.962103 -0.256409 -0.126131 -0.14454 0.267809 0.952568 0.0844089
166 0.984926 -0.0431911 0.167495 -0.0209763 0.0863314 0.961841 -0.259632 -0.127929 -0.14989 0.270178 0.951071 0.0856704
167 0.983545 -0.0401028 0.176156 -0.0187849 0.0859338 0.961533 -0.260902 -0.128845 -0.158917 0.271747 0.949157 0.0887671
168 0.983004 -0.0401771 0.179134 -0.0147929 0.087973 0.95952 -0.267548 -0.127981 -0.161134 0.27876 0.946746 0.0903965
169 0.983896 -0.0384103 0.174566 -0.0106124 0.085269 0.959207 -0.269539 -0.129356 -0.157092 0.280084 0.947035 0.0903892
170 0.988105 -0.0430825 0.147625 0.0124736 0.0825858 0.958444 -0.273065 -0.129633 -0.129726 0.282009 0.950601 0.100781
171 0.988391 -0.0421154 0.14598 0.01271 0.0814216 0.958021 -0.274894 -0.129948 -0.128274 0.283589 0.950328 0.103687
172 0.988909 -0.0345368 0.144454 0.01763 0.0746303 0.956438 -0.282236 -0.130604 -0.128414 0.289886 0.948407 0.110623
173 0.988447 -0.0323615 0.148074 0.0174415 0.0741664 0.955261 -0.286314 -0.130433 -0.132184 0.293988 0.946625 0.112545
174 0.987488 -0.0316155 0.154495 0.0161688 0.0753213 0.955281 -0.285945 -0.13156 -0.138546 0.294004 0.94571 0.113213
175 0.987681 -0.0357195 0.15235 0.0220125 0.0779815 0.956444 -0.281308 -0.132437 -0.135666 0.289723 0.947447 0.116792
176 0.987931 -0.03566 0.150735 0.0247387 0.0778002 0.955719 -0.283812 -0.131188 -0.133939 0.292114 0.946958 0.120641
177 0.986944 -0.0279317 0.158622 0.0216949 0.0721895 0.957098 -0.280626 -0.131701 -0.143979 0.288414 0.946619 0.123101
178 0.986203 -0.0280873 0.163142 0.0258401 0.07365 0.957039 -0.280449 -0.131272 -0.148256 0.288595 0.945903 0.126802
179 0.985676 -0.0257103 0.166677 0.0297351 0.0726898 0.956564 -0.282314 -0.132755 -0.152179 0.290386 0.944732 0.129128
180 0.985296 -0.0251888 0.168988 0.0315614 0.0725049 0.95724 -0.280063 -0.134001 -0.154707 0.288197 0.944991 0.130295
181 0.98545 -0.0260617 0.167953 0.0347623 0.0724321 0.958344 -0.27628 -0.134729 -0.153757 0.284426 0.946288 0.131858
182 0.987558 -0.0324844 0.153863 0.0579138 0.0744995 0.95831 -0.275846 -0.133542 -0.138487 0.283877 0.948807 0.148049
183 0.987159 -0.0382907 0.155085 0.0626855 0.0804992 0.957805 -0.275917 -0.133737 -0.137976 0.284858 0.948588 0.152494
184 0.986923 -0.0360245 0.157113 0.063861 0.0789621 0.957794 -0.276397 -0.133335 -0.140525 0.285188 0.948114 0.153776
185 0.985387 -0.035928 0.166496 0.0626289 0.0804391 0.959787 -0.268958 -0.133101 -0.150138 0.27842 0.948652 0.154743
186 0.985252 -0.0420851 0.165856 0.0701427 0.0861293 0.959513 -0.268172 -0.132191 -0.147855 0.278502 0.948987 0.159297
187 0.985843 -0.0407627 0.162642 0.0745245 0.0842893 0.959006 -0.27056 -0.133109 -0.144946 0.280438 0.948865 0.162124
188 0.984329 -0.0357218 0.172684 0.0707129 0.0822005 0.959314 -0.270111 -0.131856 -0.15601 0.280073 0.947217 0.162243
189 0.982462 -0.0316333 0.183759 0.0704204 0.0808311 0.960344 -0.266843 -0.130731 -0.16803 0.277017 0.946059 0.16299
190 0.981158 -0.0327249 0.190414 0.0724404 0.0831386 0.96115 -0.263208 -0.129645 -0.174403 0.274079 0.945761 0.163755
191 0.980725 -0.037942 0.191673 0.080763 0.0883588 0.961053 -0.26186 -0.125114 -0.174272 0.273749 0.945881 0.171869
192 0.980848 -0.039733 0.190677 0.0833017 0.0894594 0.961503 -0.259825 -0.124817 -0.173013 0.271906 0.946643 0.174505
193 0.979693 -0.0392022 0.196633 0.082875 0.0904119 0.961709 -0.258729 -0.124497 -0.178961 0.271253 0.945724 0.175709
194 0.977716 -0.0432594 0.205429 0.0842538 0.0958555 0.962571 -0.253515 -0.123011 -0.186773 0.267557 0.945267 0.175357
195 0.977342 -0.0469014 0.206404 0.088591 0.0992622 0.962824 -0.251232 -0.121706 -0.186948 0.266028 0.945664 0.175467
196 0.978084 -0.0507121 0.201941 0.0919633 0.102171 0.961983 -0.253279 -0.120387 -0.18142 0.268361 0.946081 0.174997
197 0.977917 -0.051225 0.20262 0.091884 0.102895 0.961864 -0.253438 -0.120247 -0.18191 0.26869 0.945893 0.175388
198 0.976211 -0.0563763 0.209367 0.0922209 0.109281 0.961922 -0.250526 -0.119746 -0.187271 0.267446 0.9452 0.175431
199 0.974745 -0.0635042 0.214101 0.0948138 0.116751 0.962175 -0.246148 -0.119283 -0.190371 0.264928 0.945289 0.174217
200 0.974245 -0.0728788 0.213388 0.0987606 0.125492 0.961476 -0.244574 -0.117637 -0.187343 0.265054 0.945859 0.174071
201 0.97324 -0.0821499 0.214607 0.0990839 0.136079 0.95859 -0.250175 -0.111208 -0.185168 0.272684 0.944117 0.173847
202 0.972218 -0.0881362 0.216848 0.100863 0.142193 0.958259 -0.248032 -0.110683 -0.185936 0.271976 0.94417 0.172883
203 0.971362 -0.0923185 0.218937 0.103362 0.146266 0.958483 -0.244779 -0.109978 -0.18725 0.269792 0.944537 0.172701
204 0.971057 -0.0900689 0.221214 0.105176 0.144386 0.959149 -0.243282 -0.108135 -0.190265 0.26818 0.944393 0.17315
205 0.970931 -0.0889852 0.222206 0.107388 0.142525 0.960747 -0.238019 -0.106923 -0.192304 0.262769 0.945501 0.170552
206 0.971095 -0.096033 0.218521 0.111291 0.146355 0.962767 -0.227289 -0.106321 -0.188557 0.252701 0.948993 0.170176
207 0.970527 -0.102279 0.218211 0.113661 0.151183 0.963534 -0.220786 -0.103072 -0.187671 0.247269 0.950599 0.170363
208 0.969998 -0.102078 0.220646 0.114856 0.152231 0.962655 -0.223878 -0.100641 -0.189553 0.25075 0.949312 0.172764
209 0.969927 -0.0985723 0.222542 0.116962 0.149548 0.96273 -0.225359 -0.100013 -0.192034 0.251862 0.948519 0.170145
210 0.969519 -0.104708 0.221517 0.119035 0.155866 0.961137 -0.227863 -0.097203 -0.189049 0.255444 0.948161 0.169658
211 0.970747 -0.107033 0.214927 0.121244 0.157386 0.959669 -0.232947 -0.0957838 -0.181326 0.259959 0.948442 0.168196
212 0.972416 -0.100958 0.210275 0.122459 0.150183 0.960752 -0.233241 -0.0967391 -0.178474 0.258387 0.949412 0.168831
213 0.972717 -0.0938954 0.212146 0.123504 0.143786 0.961628 -0.233661 -0.0973497 -0.182065 0.257789 0.948892 0.171401
214 0.972477 -0.0857287 0.216656 0.126136 0.138332 0.96067 -0.240784 -0.0957443 -0.187493 0.264128 0.946088 0.174532
215 0.97258 -0.0735824 0.220623 0.125366 0.128213 0.961095 -0.24466 -0.0958372 -0.194037 0.266239 0.944175 0.169131
216 0.974091 -0.0640292 0.216904 0.127277 0.118084 0.961965 -0.246334 -0.0943392 -0.192882 0.265564 0.944602 0.168091
217 0.975444 -0.0521325 0.21399 0.128971 0.105775 0.963089 -0.247531 -0.0952728 -0.193187 0.264087 0.944953 0.169808
218 0.975733 -0.0465574 0.213959 0.1304 0.0998095 0.964285 -0.245341 -0.0962818 -0.194895 0.260742 0.945531 0.169221
219 0.976283 -0.0452833 0.211708 0.132284 0.0981362 0.964209 -0.246312 -0.0950352 -0.192977 0.261246 0.945786 0.170306
220 0.976724 -0.0409504 0.210554 0.133661 0.0937929 0.964328 -0.247538 -0.0957042 -0.192907 0.261525 0.945723 0.172795
221 0.976676 -0.0378484 0.211355 0.136828 0.0915065 0.963847 -0.250252 -0.0926719 -0.194242 0.263756 0.944829 0.173111
222 0.975408 -0.0366902 0.217331 0.139124 0.091549 0.964406 -0.248071 -0.0926519 -0.200493 0.261867 0.944049 0.174138
223 0.974073 -0.0355036 0.223433 0.140607 0.0915162 0.965035 -0.245628 -0.0927317 -0.2069 0.259707 0.943263 0.174668
224 0.97254 -0.0374508 0.229704 0.142331 0.0943274 0.965699 -0.241924 -0.092356 -0.212765 0.256948 0.942714 0.175425
225 0.97171 -0.0329271 0.233872 0.144764 0.0915962 0.96527 -0.24467 -0.090538 -0.217693 0.25917 0.940979 0.178631
226 0.970671 -0.0221595 0.23939 0.145658 0.0828806 0.965545 -0.246685 -0.0913332 -0.225675 0.25929 0.939063 0.179157
227 0.968435 -0.01389 0.24888 0.14631 0.0765893 0.966729 -0.244069 -0.0917613 -0.23721 0.255426 0.937278 0.179617
228 0.966585 -0.00983768 0.256159 0.148744 0.0747991 0.966602 -0.245123 -0.0911722 -0.245193 0.256093 0.935039 0.181755
229 0.965776 -0.0093983 0.259206 0.150621 0.075213 0.966553 -0.245192 -0.0909373 -0.248231 0.256296 0.934181 0.181674
230 0.967549 -0.00831576 0.252545 0.160848 0.0713998 0.967725 -0.241682 -0.0914185 -0.242384 0.251871 0.936916 0.183908
231 0.965882 -0.00635901 0.258903 0.162504 0.069931 0.968967 -0.23709 -0.0908528 -0.249361 0.247107 0.936353 0.186688
232 0.963547 -0.00229874 0.267529 0.163915 0.0696578 0.96763 -0.242569 -0.0897673 -0.258312 0.252362 0.932517 0.191127
233 0.962281 -0.00523841 0.272006 0.165784 0.0754199 0.965764 -0.248216 -0.0886035 -0.261393 0.259368 0.929732 0.189614
234 0.963001 -0.0132828 0.269171 0.169388 0.0834638 0.964378 -0.251016 -0.0882872 -0.256248 0.264194 0.929805 0.189894
235 0.963589 -0.0198447 0.266651 0.170143 0.0899791 0.963148 -0.253475 -0.088235 -0.251794 0.268239 0.929864 0.191277
236 0.963212 -0.0251133 0.267568 0.170994 0.0956542 0.96246 -0.254009 -0.0882518 -0.251145 0.270258 0.929455 0.192371
237 0.962231 -0.029588 0.27062 0.172403 0.101089 0.961834 -0.254277 -0.0881337 -0.252768 0.27203 0.928498 0.193454
238 0.961647 -0.0338407 0.272194 0.174232 0.105061 0.962123 -0.25156 -0.088094 -0.253371 0.270509 0.928778 0.193143
239 0.961075 -0.0378661 0.27368 0.175596 0.109025 0.962156 -0.249737 -0.0870257 -0.253867 0.269854 0.928833 0.195435
240 0.960094 -0.0386396 0.276995 0.176333 0.110674 0.962054 -0.249405 -0.0869148 -0.256847 0.270108 0.927939 0.197108
241 0.958907 -0.0387166 0.281067 0.177464 0.111164 0.96271 -0.246642 -0.0868456 -0.261037 0.267751 0.927453 0.196861
242 0.957864 -0.0404792 0.284357 0.178864 0.112606 0.963686 -0.242134 -0.0866056 -0.264229 0.263952 0.927638 0.198336
243 0.958835 -0.0413393 0.280938 0.186924 0.111823 0.964374 -0.239745 -0.0856095 -0.261018 0.261292 0.929299 0.202541
244 0.957649 -0.0416426 0.284911 0.187816 0.112553 0.964898 -0.237285 -0.0854323 -0.265029 0.259304 0.92872 0.204062
245 0.956901 -0.0480671 0.286407 0.189923 0.119863 0.963658 -0.23874 -0.0834775 -0.264523 0.26278 0.927887 0.205714
246 0.957166 -0.0561578 0.284042 0.191616 0.127771 0.962248 -0.240319 -0.0824475 -0.259823 0.266318 0.928206 0.206043
247 0.957857 -0.0637034 0.280094 0.193765 0.133738 0.961868 -0.238589 -0.0825267 -0.254214 0.265993 0.929851 0.206839
248 0.95816 -0.0614252 0.279565 0.194789 0.130775 0.962747 -0.236677 -0.0827479 -0.254613 0.263335 0.930498 0.208159
249 0.956789 -0.0539094 0.285741 0.195504 0.123805 0.964671 -0.232554 -0.0834326 -0.263109 0.257882 0.929662 0.209033
250 0.954723 -0.0469444 0.293769 0.197136 0.117973 0.966253 -0.228993 -0.0826985 -0.273105 0.253282 0.928042 0.20952
251 0.953931 -0.0424524 0.297007 0.198797 0.114443 0.966578 -0.229413 -0.0804729 -0.277341 0.252835 0.926907 0.210743
252 0.954023 -0.0380919 0.297304 0.200768 0.110027 0.967153 -0.22915 -0.0792506 -0.27881 0.251326 0.926877 0.210629
253 0.953544 -0.0345347 0.299268 0.202073 0.10575 0.968562 -0.225177 -0.0789629 -0.282083 0.246364 0.927218 0.209834
254 0.953529 -0.034087 0.299367 0.204522 0.104108 0.969657 -0.221192 -0.0771629 -0.282743 0.24208 0.928145 0.210299
255 0.95622 -0.0341519 0.290651 0.212644 0.102735 0.969132 -0.224118 -0.0722498 -0.274025 0.244166 0.930212 0.212884
256 0.957814 -0.0320949 0.285592 0.214954 0.0994968 0.969321 -0.224759 -0.0711405 -0.269616 0.243692 0.931623 0.213124
257 0.958918 -0.0290615 0.282191 0.216913 0.0946489 0.970515 -0.221679 -0.0699915 -0.267429 0.239281 0.933395 0.213004
258 0.959597 -0.0265344 0.280126 0.220174 0.0911936 0.971137 -0.220403 -0.0689753 -0.266192 0.237043 0.934319 0.214601
259 0.962253 -0.0264563 0.270866 0.225416 0.0888471 0.971272 -0.220763 -0.0671405 -0.257244 0.236496 0.936961 0.21369
260 0.966704 -0.0289258 0.254256 0.231062 0.0858603 0.972657 -0.215793 -0.0658839 -0.241062 0.230438 0.942755 0.212025
261 0.971302 -0.0318907 0.235702 0.236842 0.0833799 0.973739 -0.211852 -0.0626519 -0.222756 0.225425 0.948453 0.212023
262 0.973572 -0.0405069 0.22476 0.238514 0.0879463 0.974744 -0.205277 -0.0609382 -0.210769 0.219619 0.952546 0.211885
263 0.974289 -0.0493925 0.219821 0.240984 0.0930203 0.976819 -0.192799 -0.0612349 -0.205202 0.208289 0.956299 0.211758
264 0.975216 -0.0577594 0.213582 0.246169 0.0977944 0.978437 -0.181929 -0.0577339 -0.198468 0.198307 0.959836 0.210026
265 0.977221 -0.0650147 0.202019 0.251366 0.100678 0.980006 -0.171617 -0.0553231 -0.186822 0.188047 0.964228 0.210938
266 0.980463 -0.0650559 0.185633 0.256178 0.0950399 0.982935 -0.157501 -0.0540185 -0.172219 0.172066 0.969914 0.208687
267 0.982362 -0.05804 0.177754 0.256667 0.0829662 0.987205 -0.136175 -0.0534864 -0.167576 0.14852 0.974608 0.208737
268 0.983197 -0.0525317 0.174823 0.257783 0.0748652 0.98949 -0.123712 -0.056507 -0.166487 0.134721 0.976797 0.215244
269 0.98422 -0.0606035 0.166246 0.262067 0.0819199 0.98883 -0.124518 -0.0551849 -0.156843 0.136172 0.978191 0.212478
270 0.98588 -0.0673028 0.153333 0.265895 0.0873924 0.987878 -0.128292 -0.0522946 -0.14284 0.139881 0.979811 0.210126
271 0.987836 -0.0630141 0.142162 0.268491 0.0814731 0.988421 -0.128005 -0.0507231 -0.13245 0.138031 0.981532 0.209149
272 0.988852 -0.0607831 0.135933 0.271924 0.0780082 0.989058 -0.125212 -0.0471468 -0.126835 0.13442 0.982774 0.209404
273 0.988472 -0.0738989 0.132144 0.275017 0.0900102 0.988633 -0.120427 -0.0457841 -0.121742 0.130933 0.983888 0.208992
274 0.98947 -0.0854342 0.116833 0.28013 0.0998118 0.987334 -0.123328 -0.0422501 -0.104817 0.13369 0.985465 0.207802
275 0.990716 -0.0928583 0.0992909 0.283181 0.104785 0.986914 -0.122559 -0.0406334 -0.0866111 0.131825 0.987482 0.206818
276 0.991897 -0.0956583 0.0836057 0.290642 0.105269 0.987258 -0.119332 -0.0398582 -0.0711253 0.127166 0.989328 0.208367
277 0.991965 -0.0975106 0.0806024 0.293091 0.106537 0.987456 -0.116537 -0.0382472 -0.0682277 0.124188 0.98991 0.208699
278 0.992521 -0.0992728 0.071048 0.297352 0.106924 0.987763 -0.113537 -0.0366213 -0.0589074 0.120285 0.99099 0.207021
279 0.992662 -0.105262 0.059518 0.300406 0.11131 0.987721 -0.109619 -0.0354037 -0.0472485 0.11544 0.99219 0.206367
280 0.992518 -0.112752 0.0468397 0.303551 0.11715 0.987527 -0.105194 -0.0344788 -0.0343946 0.109894 0.993348 0.206024
281 0.993283 -0.109533 0.0373045 0.311143 0.113014 0.987532 -0.109579 -0.0315498 -0.0248368 0.113059 0.993278 0.208049
282 0.992927 -0.115989 0.0253538 0.313457 0.11803 0.987437 -0.10506 -0.0314027 -0.0128495 0.107309 0.994143 0.207547
283 0.993063 -0.117209 0.00933637 0.32277 0.11755 0.987887 -0.101296 -0.028347 0.00264956 0.101691 0.994812 0.208192
284 0.993318 -0.115257 0.00588616 0.324275 0.115305 0.989014 -0.0925007 -0.0283219 0.00483983 0.0925613 0.995695 0.207725
285 0.993295 -0.115593 -0.00161784 0.327764 0.115046 0.989774 -0.0843365 -0.0273241 0.01135 0.083585 0.996436 0.206887
286 0.992843 -0.11861 -0.0139659 0.331534 0.117193 0.990089 -0.0773909 -0.026045 0.0230069 0.0752003 0.996903 0.206689
287 0.99262 -0.118659 -0.0250317 0.334153 0.11654 0.990445 -0.0737338 -0.0239456 0.0335417 0.0702724 0.996964 0.207176
288 0.992742 -0.112232 -0.0432143 0.343678 0.108875 0.991337 -0.0734637 -0.0191192 0.0510849 0.0682256 0.996361 0.207389
289 0.992183 -0.114923 -0.0486317 0.344584 0.111611 0.991552 -0.066082 -0.0187635 0.0558152 0.0601376 0.996628 0.207645
290 0.99066 -0.123588 -0.0576029 0.347416 0.11994 0.99078 -0.0629978 -0.0186464 0.0648576 0.0555005 0.99635 0.208699
291 0.989528 -0.128694 -0.0653599 0.349113 0.124732 0.990284 -0.0614718 -0.0180678 0.072636 0.0526756 0.995967 0.207652
292 0.988182 -0.135051 -0.0725129 0.351659 0.130861 0.989599 -0.0597409 -0.0181533 0.0798268 0.0495457 0.995577 0.208555
293 0.986714 -0.139785 -0.0828026 0.354666 0.135092 0.989025 -0.059822 -0.0166358 0.0902561 0.0478412 0.994769 0.206503
294 0.983843 -0.145084 -0.104896 0.365008 0.138918 0.988239 -0.0639143 -0.0111327 0.112935 0.0483097 0.992427 0.208821
295 0.981603 -0.152647 -0.114694 0.367169 0.146149 0.987247 -0.0631253 -0.0110096 0.122867 0.0452016 0.991393 0.210162
296 0.98034 -0.156672 -0.119951 0.368528 0.149844 0.986634 -0.0640315 -0.00977289 0.128379 0.0447987 0.990713 0.20963
297 0.978853 -0.163125 -0.123438 0.369999 0.156422 0.985728 -0.0622314 -0.0101572 0.131828 0.0416069 0.990399 0.209138
298 0.97615 -0.169158 -0.136074 0.37499 0.162244 0.984896 -0.0604721 -0.0115788 0.144248 0.0369528 0.988851 0.209094
299 0.973301 -0.170588 -0.153575 0.37781 0.163674 0.984885 -0.0566851 -0.0120221 0.160924 0.0300354 0.98651 0.207149
300 0.969396 -0.175531 -0.171641 0.385103 0.1681 0.984119 -0.0570262 -0.00793008 0.178925 0.0264282 0.983508 0.208538
301 0.967227 -0.181041 -0.178035 0.384173 0.174596 0.9833 -0.051358 -0.00680021 0.184359 0.0185907 0.982683 0.207753
302 0.965613 -0.187954 -0.179626 0.385077 0.181546 0.982027 -0.0516221 -0.00538109 0.1861 0.0172365 0.98238 0.213623
303 0.964646 -0.189765 -0.182884 0.388399 0.183594 0.981716 -0.050266 -0.0068105 0.189079 0.0149126 0.981849 0.211771
304 0.963805 -0.190602 -0.186416 0.389114 0.185289 0.981621 -0.045686 -0.00719577 0.191698 0.00949157 0.981408 0.208043
305 0.962761 -0.191118 -0.191219 0.390709 0.186446 0.981554 -0.0423016 -0.00661397 0.195776 0.00507436 0.980636 0.211361
306 0.963019 -0.188334 -0.192679 0.392372 0.183483 0.982087 -0.042885 -0.00590854 0.197304 0.00594586 0.980324 0.212524
307 0.964323 -0.183734 -0.190583 0.392909 0.179175 0.982961 -0.041036 -0.00593268 0.194876 0.00542417 0.980813 0.20997
308 0.964741 -0.179367 -0.192622 0.395201 0.175164 0.983775 -0.0387745 -0.00559867 0.196451 0.00366685 0.980507 0.211393
309 0.967134 -0.172968 -0.186373 0.393378 0.167267 0.984837 -0.0460127 -0.00243157 0.191506 0.0133264 0.981401 0.216949
310 0.970619 -0.165537 -0.174631 0.395896 0.158298 0.985875 -0.054696 -0.00271943 0.181218 0.0254452 0.983114 0.215517
311 0.969058 -0.173099 -0.175967 0.3995 0.165948 0.984617 -0.054688 -0.00576252 0.182726 0.0237945 0.982876 0.209074
312 0.961856 -0.192906 -0.19396 0.40403 0.185945 0.981094 -0.0536533 -0.00662006 0.200643 0.0155409 0.979541 0.207874
313 0.955097 -0.208322 -0.210693 0.408987 0.201664 0.978028 -0.0528553 -0.00488163 0.217075 0.00799278 0.976122 0.207196
314 0.95455 -0.209117 -0.21238 0.408119 0.203283 0.977883 -0.0491942 -0.00212174 0.21797 0.00378501 0.975948 0.204282
315 0.958959 -0.199281 -0.201704 0.408245 0.194018 0.979931 -0.0457419 0.000225811 0.206771 0.00473061 0.978378 0.207609
316 0.961306 -0.189707 -0.199752 0.413616 0.185269 0.981838 -0.0408588 -0.00209249 0.203876 0.00226985 0.978994 0.209547
317 0.960477 -0.181514 -0.211039 0.417891 0.178208 0.983379 -0.0347467 -0.00463484 0.213838 -0.0042353 0.97686 0.208618
318 0.955845 -0.188266 -0.225645 0.418643 0.185582 0.982066 -0.0332467 -0.00344099 0.227858 -0.0100971 0.973642 0.207659
319 0.953524 -0.19171 -0.232464 0.418365 0.188478 0.981408 -0.0362524 -0.000334899 0.235092 -0.00924673 0.971929 0.211358
320 0.957248 -0.181782 -0.225016 0.422412 0.1779 0.98333 -0.0375857 0.00361904 0.228097 -0.00405146 0.97363 0.20672
321 0.959538 -0.17844 -0.217821 0.424466 0.178002 0.983789 -0.0217956 -6.95505e-05 0.218179 -0.0178588 0.975745 0.205521
322 0.957224 -0.177378 -0.228602 0.430107 0.178032 0.983861 -0.0179315 -0.000780445 0.228093 -0.023534 0.973355 0.21218
323 0.954897 -0.171786 -0.242202 0.433547 0.173075 0.984777 -0.0161142 -0.000613618 0.241283 -0.0265316 0.970092 0.210312
324 0.952528 -0.165728 -0.255391 0.43563 0.168531 0.985635 -0.0110321 -0.000535929 0.253551 -0.0325328 0.966775 0.210526
325 0.949853 -0.156941 -0.270459 0.439882 0.160798 0.986955 -0.00798348 0.00061963 0.268184 -0.0359061 0.962698 0.213031
326 0.946643 -0.146825 -0.286898 0.446194 0.154708 0.987948 0.00487161 0.00249463 0.282725 -0.048997 0.957949 0.212086
327 0.943099 -0.151662 -0.29591 0.450533 0.161755 0.986782 0.00978059 0.00270072 0.290516 -0.0570891 0.955166 0.214868
328 0.940638 -0.152864 -0.30304 0.454754 0.164109 0.986371 0.0118363 0.00360645 0.297101 -0.0608653 0.952904 0.217496
329 0.940631 -0.149636 -0.304666 0.457402 0.161385 0.986798 0.0135994 0.00458245 0.298609 -0.0619606 0.952362 0.21754
330 0.939175 -0.146377 -0.310682 0.462336 0.159309 0.987091 0.0165182 0.00475402 0.304253 -0.065008 0.95037 0.218159
331 0.93846 -0.141901 -0.314893 0.467862 0.159234 0.986789 0.0298799 0.00591926 0.306493 -0.0781828 0.948657 0.215655
332 0.936853 -0.145014 -0.31824 0.472303 0.162951 0.986168 0.0303337 0.00610193 0.309439 -0.0802758 0.947525 0.22262
333 0.937662 -0.143324 -0.31662 0.475915 0.16043 0.986636 0.0284885 0.00683031 0.308306 -0.077508 0.948124 0.220391
334 0.937045 -0.143709 -0.318269 0.480194 0.161808 0.986334 0.0310299 0.00587427 0.30946 -0.0805747 0.947493 0.220503
335 0.934962 -0.142041 -0.32507 0.487825 0.15942 0.986833 0.0273209 0.00808119 0.316909 -0.0773666 0.945295 0.225691
336 0.935599 -0.136748 -0.325506 0.49121 0.153256 0.987858 0.0254963 0.00795242 0.318067 -0.0737402 0.945196 0.224693
337 0.938243 -0.124222 -0.322906 0.497318 0.141408 0.98949 0.030223 0.00899182 0.315758 -0.0740182 0.945948 0.221228
338 0.938603 -0.116045 -0.324897 0.501605 0.135496 0.990056 0.0378139 0.00663609 0.317278 -0.0795144 0.944993 0.222709
339 0.937792 -0.105358 -0.330826 0.505433 0.12511 0.991379 0.0389248 0.0054904 0.323873 -0.077893 0.942889 0.226831
340 0.935568 -0.0948863 -0.34016 0.511378 0.112952 0.99303 0.0336586 0.00522656 0.334595 -0.0699116 0.939765 0.229911
341 0.934372 -0.0912018 -0.344428 0.514174 0.106663 0.993951 0.0261662 0.00527338 0.339958 -0.0611866 0.938448 0.228418
342 0.932621 -0.0872399 -0.350152 0.519907 0.101916 0.994511 0.0236685 0.00371651 0.346165 -0.0577597 0.936394 0.224087
343 0.931069 -0.086768 -0.354374 0.523799 0.100949 0.994655 0.0216909 0.00399388 0.350598 -0.0559696 0.934852 0.227121
344 0.931161 -0.0828112 -0.35508 0.527679 0.0952258 0.9953 0.0175976 0.00356921 0.351954 -0.050199 0.93467 0.228948
345 0.932555 -0.0767334 -0.35278 0.532333 0.0874452 0.996064 0.0145021 0.00307071 0.350279 -0.0443729 0.935594 0.225436
346 0.933043 -0.0743799 -0.351992 0.535371 0.0845613 0.996325 0.0136161 0.000444046 0.349685 -0.0424693 0.935904 0.225069
347 0.932769 -0.0637704 -0.354789 0.541926 0.0725176 0.997302 0.011398 -0.00323054 0.353105 -0.0363601 0.934877 0.223169
348 0.931709 -0.0553911 -0.358957 0.545238 0.062686 0.997995 0.00870594 -0.00643092 0.357755 -0.030613 0.933313 0.222537
349 0.930236 -0.0479268 -0.363819 0.547489 0.0526972 0.998605 0.00319067 -0.00821036 0.363159 -0.0221403 0.931464 0.220551
350 0.928555 -0.0444747 -0.368521 0.550901 0.0462555 0.998922 -0.00400516 -0.0078455 0.368302 -0.0133271 0.929611 0.222565
351 0.928007 -0.0358811 -0.370831 0.559666 0.031381 0.999342 -0.0181638 -0.0113506 0.371239 0.00521908 0.928523 0.219923
352 0.926878 -0.0297788 -0.37418 0.561972 0.0248155 0.999529 -0.0180764 -0.0136458 0.374542 0.00746919 0.92718 0.216085
353 0.92414 -0.0195145 -0.381555 0.565531 0.0130221 0.999723 -0.0195904 -0.0141429 0.381831 0.0131356 0.924139 0.21716
354 0.923598 -0.00628244 -0.38331 0.567084 -0.00185402 0.999781 -0.0208537 -0.0133786 0.383357 0.0199711 0.923384 0.215301
355 0.925358 0.00953867 -0.378974 0.572055 -0.0163908 0.999755 -0.0148586 -0.0173777 0.378739 0.0199612 0.925288 0.213766
356 0.925969 0.0121735 -0.377403 0.574298 -0.0187623 0.999729 -0.0137867 -0.0204829 0.377133 0.019847 0.925946 0.213198
357 0.923269 0.0168068 -0.383786 0.581098 -0.0244852 0.999586 -0.0151298 -0.0222984 0.383372 0.023366 0.923298 0.214776
358 0.9229 0.0198477 -0.384529 0.583984 -0.0285915 0.999446 -0.0170348 -0.023942 0.383978 0.0267157 0.922956 0.214523
359 0.921614 0.029386 -0.386995 0.589212 -0.0428281 0.99874 -0.0261553 -0.0280636 0.385738 0.0406793 0.921711 0.211456
360 0.920756 0.0377098 -0.388311 0.591124 -0.0512214 0.998387 -0.0244994 -0.029371 0.386761 0.0424478 0.921203 0.208197
361 0.920209 0.0414216 -0.389228 0.593349 -0.054148 0.998295 -0.0217778 -0.031684 0.387663 0.0411161 0.920884 0.208156
362 0.918595 0.0467046 -0.392432 0.599265 -0.058724 0.9981 -0.0186725 -0.035921 0.390814 0.0401977 0.919592 0.20862
363 0.917375 0.0511215 -0.394726 0.605444 -0.065707 0.997562 -0.0235128 -0.0387568 0.392562 0.0475063 0.918498 0.209225
