23 0.998862 -0.046955 -0.00841073 0.00140198 0.0458902 0.993998 -0.0993117 0.0306426 0.0130234 0.0988127 0.995021 0.0312547
24 0.998763 -0.0487818 -0.00967175 0.00192863 0.0475417 0.99363 -0.102176 0.0322156 0.0145945 0.10159 0.994719 0.0338472
25 0.998631 -0.0509331 -0.011917 0.00202348 0.0494083 0.993262 -0.10483 0.0349175 0.0171761 0.104098 0.994419 0.0364161
26 0.998411 -0.054553 -0.0141289 0.00225451 0.0527092 0.992719 -0.10831 0.0385497 0.0199347 0.107394 0.994017 0.0408018
27 0.99841 -0.0545898 -0.0140624 0.00218211 0.0527472 0.992685 -0.108601 0.038835 0.0198881 0.107686 0.993986 0.040902
28 0.998217 -0.0576851 -0.0153579 0.00258875 0.0555935 0.992059 -0.112819 0.0417089 0.0217439 0.111764 0.993497 0.044989
29 0.998058 -0.0600449 -0.0165582 0.00302275 0.0576401 0.991124 -0.119799 0.0451464 0.0236045 0.118612 0.99266 0.0501854
30 0.997948 -0.061733 -0.0170019 0.00334443 0.0590675 0.990045 -0.127759 0.0472455 0.0247196 0.126493 0.991659 0.0531771
31 0.997584 -0.0675679 -0.0161256 0.00265863 0.064683 0.988173 -0.139036 0.0521101 0.0253293 0.137657 0.990156 0.055297
32 0.997018 -0.075725 -0.014867 0.00296194 0.0727226 0.986411 -0.147325 0.0549175 0.0258212 0.145804 0.988976 0.0588018
33 0.996516 -0.0823359 -0.0132589 0.00310183 0.0791942 0.984097 -0.159001 0.0597046 0.0261396 0.157397 0.987189 0.0631142
34 0.996253 -0.085478 -0.0131562 0.00312898 0.08193 0.981519 -0.172939 0.0646031 0.0276956 0.171213 0.984845 0.0665726
35 0.996276 -0.0853858 -0.0119608 0.00200738 0.0820676 0.981662 -0.172061 0.0641382 0.026433 0.170439 0.985014 0.065993
36 0.996216 -0.0857524 -0.0141191 0.00238968 0.0817182 0.979588 -0.183656 0.0666473 0.0295798 0.181807 0.982889 0.0680487
37 0.996234 -0.0854175 -0.0148645 0.00180535 0.0811651 0.979095 -0.186509 0.0646552 0.0304848 0.1846 0.982341 0.0679197
38 0.996187 -0.0861386 -0.0138524 0.00202626 0.0819156 0.97811 -0.191286 0.0663878 0.0300263 0.189422 0.981436 0.0705445
39 0.996019 -0.0883644 -0.0117006 0.00268234 0.0842615 0.97622 -0.199736 0.0697579 0.0290719 0.197955 0.97978 0.075136
40 0.995642 -0.0929724 -0.00732889 0.0013209 0.0892135 0.972387 -0.21565 0.0773447 0.027176 0.214056 0.976443 0.0799352
41 0.995307 -0.0966731 -0.00417129 0.000578308 0.0930988 0.968478 -0.231048 0.0829447 0.026376 0.229576 0.972933 0.0836917
42 0.995035 -0.0995097 -0.001825 9.21403e-06 0.096132 0.965685 -0.24127 0.0839309 0.0257711 0.239897 0.970456 0.0854483
43 0.99504 -0.0994601 -0.00191035 8.30735e-05 0.0960705 0.965758 -0.241003 0.0836899 0.0258151 0.239624 0.970523 0.0853574
44 0.994687 -0.102939 0.000676612 -0.00014056 0.0998107 0.962804 -0.251088 0.085948 0.0251955 0.249822 0.967964 0.0865685
45 0.994017 -0.109144 0.00432137 -0.000643125 0.106378 0.95833 -0.265117 0.0911307 0.0247946 0.26399 0.964207 0.0911386
46 0.993389 -0.114634 0.00614715 -0.00119139 0.111784 0.953717 -0.279155 0.0953069 0.026138 0.277996 0.960226 0.0937514
47 0.99312 -0.116879 0.0072262 -0.00153209 0.11402 0.95107 -0.287169 0.0968382 0.0266914 0.286018 0.957853 0.0953008
48 0.993091 -0.117026 0.00869709 -0.00232877 0.114235 0.947115 -0.299871 0.102501 0.0268557 0.298793 0.95394 0.0997934
49 0.993258 -0.115509 0.00985284 -0.00354846 0.112673 0.941872 -0.316515 0.109267 0.0272803 0.315491 0.948536 0.105626
50 0.993535 -0.113158 0.00915249 -0.00360925 0.109928 0.938759 -0.32657 0.110631 0.028362 0.325465 0.945129 0.10827
51 0.993632 -0.112326 0.00888473 -0.00404927 0.108689 0.934697 -0.338421 0.113999 0.0297088 0.337231 0.940953 0.112
52 0.993569 -0.112715 0.0108042 -0.00469513 0.109333 0.930162 -0.350493 0.118712 0.0294563 0.34942 0.936503 0.115846
53 0.993561 -0.112766 0.0109887 -0.00486198 0.109434 0.930011 -0.350862 0.119056 0.0293457 0.349805 0.936363 0.115978
54 0.99327 -0.114997 0.0138036 -0.00563471 0.112085 0.924328 -0.364766 0.124442 0.0291879 0.363858 0.930997 0.121754
55 0.992915 -0.117747 0.0160096 -0.00618721 0.115033 0.918638 -0.377984 0.128415 0.0297995 0.377148 0.925674 0.125568
56 0.99281 -0.118327 0.0180797 -0.00687292 0.115957 0.913253 -0.390541 0.132582 0.0297002 0.38983 0.920408 0.129583
57 0.992575 -0.119814 0.0209644 -0.00821653 0.117912 0.905485 -0.407669 0.139701 0.0298617 0.407114 0.912889 0.136257
58 0.992254 -0.122272 0.0219508 -0.00950458 0.119945 0.896985 -0.425478 0.145107 0.0323345 0.424815 0.904702 0.143477
59 0.992298 -0.12197 0.0216214 -0.00893341 0.119124 0.891766 -0.436535 0.146099 0.0339627 0.435748 0.899428 0.14452
60 0.99233 -0.120818 0.0261432 -0.00879742 0.119757 0.887198 -0.445576 0.148958 0.0306395 0.445289 0.894862 0.147002
61 0.991967 -0.122412 0.0318781 -0.0103759 0.123333 0.879972 -0.458736 0.15443 0.0281029 0.458983 0.888001 0.153455
62 0.991212 -0.127626 0.034777 -0.0114249 0.128811 0.871457 -0.473255 0.159711 0.030093 0.473576 0.880239 0.16014
63 0.990698 -0.1308 0.0375244 -0.0118956 0.132481 0.864166 -0.485454 0.163981 0.03107 0.48591 0.873456 0.164056
64 0.990512 -0.131209 0.040871 -0.0128995 0.134002 0.856144 -0.49906 0.16861 0.0304896 0.499801 0.865603 0.169834
65 0.990468 -0.130831 0.043087 -0.0138945 0.134267 0.847201 -0.514026 0.17193 0.030747 0.514912 0.856692 0.177372
66 0.990369 -0.130872 0.0451844 -0.0147607 0.13488 0.838328 -0.528217 0.175953 0.0312496 0.529225 0.847906 0.181954
67 0.990261 -0.130869 0.0475049 -0.0157491 0.135594 0.829152 -0.542329 0.179638 0.0315855 0.543489 0.838822 0.186735
68 0.990347 -0.129847 0.0485061 -0.0152369 0.134746 0.819787 -0.55659 0.182752 0.0325069 0.557753 0.82937 0.192991
69 0.989974 -0.131429 0.0517582 -0.0159636 0.137361 0.810325 -0.569653 0.186405 0.0329277 0.571051 0.820254 0.196736
70 0.989575 -0.132727 0.0558936 -0.0170539 0.140369 0.802126 -0.580422 0.188254 0.0322042 0.582217 0.812395 0.199748
71 0.989091 -0.133971 0.0612512 -0.0175671 0.144014 0.791957 -0.59335 0.192611 0.0309834 0.595698 0.802611 0.203929
72 0.988857 -0.134726 0.0633256 -0.0195906 0.145506 0.784848 -0.602363 0.199633 0.0314531 0.604866 0.795706 0.210182
73 0.988523 -0.134808 0.0681903 -0.0197545 0.148121 0.776069 -0.613006 0.202208 0.0297175 0.616071 0.78713 0.213577
74 0.98893 -0.130185 0.0711923 -0.0196108 0.146185 0.77261 -0.617821 0.200359 0.0254273 0.62139 0.783089 0.212351
75 0.989246 -0.125953 0.0743564 -0.0197498 0.144627 0.766505 -0.625743 0.201012 0.0218194 0.629767 0.776477 0.213857
76 0.989462 -0.122357 0.077418 -0.0198593 0.143575 0.759941 -0.633937 0.201487 0.0187336 0.638372 0.7695 0.215554
77 0.98939 -0.119826 0.0821544 -0.0203442 0.144527 0.754088 -0.640674 0.200065 0.0148175 0.64575 0.763405 0.216271
78 0.988755 -0.120027 0.089201 -0.0208977 0.149093 0.744939 -0.650259 0.201395 0.0115992 0.656246 0.754458 0.217831
79 0.988274 -0.119888 0.0945544 -0.0213626 0.152357 0.733483 -0.662413 0.204365 0.0100616 0.669051 0.743148 0.221203
80 0.988231 -0.116764 0.098825 -0.0213697 0.152832 0.726128 -0.670358 0.204642 0.00651377 0.677572 0.735427 0.221138
81 0.988035 -0.114795 0.103 -0.0214292 0.154188 0.719619 -0.677034 0.204888 0.00359953 0.684814 0.728709 0.220867
82 0.987726 -0.114711 0.106017 -0.0217892 0.156172 0.712706 -0.683857 0.20595 0.00288727 0.69202 0.721872 0.221567
83 0.987596 -0.112513 0.109519 -0.0224355 0.157014 0.705318 -0.691284 0.207254 0.000532647 0.699905 0.714235 0.224456
84 0.987394 -0.108735 0.115022 -0.022575 0.158205 0.700664 -0.69573 0.207281 -0.00494143 0.705157 0.709034 0.224683
85 0.987181 -0.105795 0.119503 -0.0224403 0.159359 0.694877 -0.701249 0.20699 -0.00885172 0.711304 0.702829 0.224987
86 0.987073 -0.103896 0.122033 -0.0225022 0.159917 0.68896 -0.706937 0.207223 -0.0106274 0.717314 0.696669 0.224844
87 0.986802 -0.10207 0.125714 -0.0226856 0.161402 0.682789 -0.712565 0.207823 -0.0131048 0.723451 0.690251 0.225143
88 0.98662 -0.0998466 0.128889 -0.0226805 0.162273 0.677956 -0.716968 0.208414 -0.0157946 0.72829 0.685087 0.225215
89 0.986601 -0.0976953 0.13067 -0.022696 0.162211 0.673302 -0.721354 0.208144 -0.0175074 0.732884 0.680128 0.225468
90 0.986336 -0.0965948 0.133456 -0.0230073 0.16363 0.668527 -0.725464 0.207625 -0.0191432 0.737388 0.675198 0.225559
91 0.98618 -0.0949949 0.135742 -0.0228659 0.164395 0.662886 -0.730449 0.207212 -0.0205926 0.74267 0.669341 0.226249
92 0.986051 -0.0925404 0.138346 -0.0230107 0.164908 0.655802 -0.736701 0.207468 -0.0225533 0.749239 0.661915 0.226639
93 0.985916 -0.091018 0.140302 -0.022684 0.165443 0.653439 -0.738679 0.203656 -0.0244454 0.751488 0.659294 0.225507
94 0.985777 -0.0900494 0.141896 -0.0226806 0.166194 0.647716 -0.743534 0.204092 -0.0249534 0.756541 0.65347 0.225554
95 0.985752 -0.0868481 0.144052 -0.0228957 0.165918 0.642843 -0.747813 0.20405 -0.0276564 0.761059 0.648093 0.22574
96 0.985764 -0.082256 0.146637 -0.0228339 0.165151 0.637235 -0.752766 0.204355 -0.0315227 0.766267 0.641748 0.225911
97 0.98598 -0.0776167 0.147711 -0.0227883 0.163297 0.63084 -0.758535 0.204442 -0.0343067 0.772021 0.63467 0.226209
98 0.986191 -0.0726784 0.148813 -0.0229591 0.161345 0.624298 -0.764343 0.204613 -0.0373524 0.777798 0.627404 0.226358
99 0.986055 -0.0691522 0.151372 -0.0231418 0.16148 0.617545 -0.769781 0.20482 -0.040247 0.78349 0.6201 0.226491
100 0.986101 -0.0667529 0.152146 -0.0230927 0.161018 0.609705 -0.776101 0.204914 -0.0409571 0.789813 0.611979 0.22674
101 0.986479 -0.0617776 0.1518 -0.0231202 0.158165 0.601525 -0.78304 0.20533 -0.0429373 0.796462 0.603163 0.226736
102 0.986595 -0.0576285 0.152676 -0.0230156 0.156804 0.593926 -0.789091 0.205848 -0.0452041 0.802453 0.595001 0.226764
103 0.986589 -0.0529325 0.154406 -0.0230557 0.155895 0.585897 -0.795249 0.20606 -0.0483714 0.808655 0.586291 0.227075
104 0.9867 -0.0492204 0.15492 -0.0231258 0.154641 0.577922 -0.801306 0.206482 -0.050091 0.814606 0.577848 0.226975
105 0.986794 -0.0450916 0.155575 -0.0232519 0.153269 0.570622 -0.806783 0.207009 -0.0523953 0.819974 0.569997 0.226772
106 0.986748 -0.0408828 0.157024 -0.0232765 0.152529 0.563778 -0.81172 0.207555 -0.055341 0.824914 0.562542 0.226574
107 0.986371 -0.0376449 0.160171 -0.0235365 0.153721 0.557942 -0.815519 0.208172 -0.0586658 0.829026 0.556125 0.226431
108 0.985927 -0.0349066 0.163493 -0.0236844 0.155364 0.552413 -0.818964 0.208923 -0.0617283 0.832839 0.550062 0.226074
109 0.985713 -0.0321068 0.165344 -0.0236541 0.155924 0.545181 -0.82369 0.209299 -0.0636964 0.837703 0.542398 0.22608
110 0.985808 -0.028759 0.165394 -0.0235609 0.154827 0.536587 -0.82952 0.209659 -0.0648922 0.843355 0.533424 0.226259
111 0.985843 -0.0234302 0.166023 -0.0239301 0.153332 0.526606 -0.836167 0.211579 -0.0678372 0.849786 0.522744 0.22644
112 0.985433 -0.0197632 0.168914 -0.0240947 0.154461 0.519616 -0.840322 0.212417 -0.0711629 0.854171 0.515099 0.226151
113 0.985 -0.0178355 0.171632 -0.0242826 0.156313 0.513518 -0.843721 0.212982 -0.0730878 0.857893 0.508603 0.225952
114 0.985028 -0.0150825 0.171736 -0.0242475 0.155643 0.506169 -0.848273 0.21345 -0.0741332 0.862302 0.500938 0.225955
115 0.985093 -0.0101356 0.171722 -0.0244765 0.153834 0.498636 -0.853052 0.214339 -0.0769804 0.866752 0.492762 0.225584
116 0.98461 -0.00596555 0.174666 -0.0248037 0.15492 0.492372 -0.856487 0.215362 -0.0808912 0.870364 0.485719 0.225172
117 0.98418 -0.00299517 0.177144 -0.0250885 0.156136 0.48718 -0.859231 0.216132 -0.0837273 0.873297 0.47994 0.224967
118 0.98403 -0.000212602 0.178004 -0.0251532 0.156136 0.481254 -0.862564 0.216778 -0.0854818 0.876581 0.473601 0.224903
119 0.983683 0.00108808 0.179906 -0.0252305 0.157662 0.476471 -0.864938 0.217488 -0.086661 0.87919 0.468525 0.224487
120 0.983151 0.000949208 0.18279 -0.0262962 0.161 0.469025 -0.868386 0.221919 -0.0865575 0.883184 0.46097 0.226536
121 0.982888 0.00122245 0.184201 -0.0264457 0.162424 0.46594 -0.869781 0.222721 -0.08689 0.884815 0.457768 0.226187
122 0.982505 0.00408574 0.186191 -0.0266132 0.16336 0.461162 -0.872148 0.22366 -0.0894278 0.887306 0.452427 0.225959
123 0.982143 0.00748082 0.187988 -0.0268378 0.164026 0.455346 -0.875075 0.224357 -0.0921459 0.890283 0.445988 0.225673
124 0.981158 0.00819022 0.193032 -0.0274801 0.169403 0.443954 -0.87989 0.226763 -0.0929039 0.896012 0.434202 0.224892
125 0.980817 0.00844206 0.194746 -0.0273864 0.171185 0.440551 -0.881255 0.227395 -0.093235 0.897688 0.430655 0.224245
126 0.980891 0.00986511 0.194305 -0.0273216 0.170596 0.436531 -0.883367 0.22802 -0.0935348 0.899635 0.426506 0.224027
127 0.980699 0.0118196 0.195164 -0.027917 0.171094 0.431242 -0.885865 0.229393 -0.0946336 0.902159 0.420897 0.224421
128 0.980322 0.0147259 0.196855 -0.0281515 0.171829 0.427254 -0.887654 0.230472 -0.0971785 0.904012 0.416316 0.223995
129 0.979656 0.0184298 0.199834 -0.0285876 0.174009 0.418044 -0.891606 0.232168 -0.0999715 0.90824 0.406332 0.224097
130 0.98028 0.0225122 0.196329 -0.0285861 0.170337 0.407416 -0.897217 0.236826 -0.100186 0.912965 0.395547 0.225565
131 0.980705 0.0235548 0.194069 -0.0287217 0.168423 0.402211 -0.899922 0.23772 -0.0992542 0.915244 0.390483 0.22528
132 0.980744 0.0262285 0.193531 -0.0288726 0.167154 0.399758 -0.901251 0.238423 -0.101004 0.916246 0.387675 0.224953
133 0.980802 0.0291205 0.192819 -0.0289411 0.165891 0.395163 -0.903508 0.238741 -0.102505 0.918149 0.382746 0.224924
134 0.981473 0.0331996 0.188702 -0.0291681 0.161742 0.384412 -0.908882 0.239721 -0.102714 0.922565 0.37192 0.224778
135 0.981717 0.0356214 0.186983 -0.0292271 0.159743 0.379997 -0.91109 0.240219 -0.103507 0.924301 0.36736 0.224547
136 0.981921 0.0377481 0.185489 -0.029359 0.158036 0.375892 -0.913088 0.240653 -0.104191 0.925894 0.36313 0.224485
137 0.982317 0.0381217 0.183301 -0.0292938 0.156134 0.373477 -0.914405 0.240823 -0.103317 0.926856 0.360921 0.224616
138 0.982625 0.0397894 0.181289 -0.0293205 0.15375 0.372654 -0.915145 0.240579 -0.103971 0.927117 0.360061 0.224643
139 0.982767 0.0380173 0.180899 -0.0289867 0.154526 0.368106 -0.916853 0.24003 -0.101446 0.929006 0.355888 0.225291
140 0.98326 0.0360418 0.178611 -0.0285644 0.153383 0.365417 -0.91812 0.239245 -0.098358 0.930146 0.353772 0.225471
141 0.983304 0.0354478 0.178483 -0.029069 0.153636 0.363887 -0.918685 0.238798 -0.097513 0.930768 0.352366 0.225671
142 0.983585 0.034162 0.177185 -0.0287763 0.153148 0.361257 -0.919804 0.237739 -0.0954317 0.93184 0.350095 0.226259
143 0.984222 0.0325978 0.173908 -0.0284304 0.150972 0.357847 -0.921495 0.236408 -0.0922711 0.933211 0.347279 0.227009
144 0.985003 0.0321422 0.169518 -0.0282976 0.147234 0.355644 -0.922951 0.235186 -0.0899539 0.934069 0.345578 0.227122
145 0.986143 0.0303318 0.163102 -0.0280011 0.142131 0.352593 -0.92492 0.232282 -0.0855632 0.935285 0.343396 0.228994
146 0.986789 0.0314827 0.158921 -0.0278661 0.138613 0.343727 -0.928783 0.235493 -0.083866 0.938542 0.334823 0.233161
147 0.987433 0.0297479 0.155211 -0.0275745 0.136016 0.340094 -0.930503 0.233691 -0.0804667 0.939921 0.331774 0.233945
148 0.9879 0.027058 0.152714 -0.0273455 0.134609 0.339478 -0.930932 0.232307 -0.0770322 0.940225 0.331728 0.234426
149 0.988244 0.024103 0.150971 -0.0272409 0.133949 0.339504 -0.931018 0.230587 -0.0736956 0.940296 0.332284 0.235528
150 0.988637 0.0214647 0.14878 -0.0269751 0.132886 0.337867 -0.931766 0.228287 -0.0702681 0.940949 0.331175 0.236841
151 0.988999 0.0197521 0.146595 -0.0268058 0.131562 0.33555 -0.93279 0.226779 -0.0676144 0.941815 0.32926 0.23759
152 0.989044 0.0195783 0.146314 -0.026637 0.131418 0.334657 -0.933132 0.224947 -0.0672339 0.942137 0.328417 0.238616
153 0.989018 0.0193551 0.146521 -0.0263063 0.131834 0.332586 -0.933813 0.222714 -0.0668049 0.942874 0.326382 0.239696
154 0.989072 0.0191999 0.146176 -0.0260861 0.13191 0.327586 -0.935568 0.221147 -0.0658481 0.944626 0.321474 0.241079
155 0.989021 0.0204714 0.146353 -0.0259423 0.131928 0.323902 -0.936847 0.219801 -0.0665827 0.945869 0.317645 0.241991
156 0.988712 0.0220796 0.148195 -0.0256193 0.133379 0.320898 -0.937675 0.217772 -0.0682589 0.946856 0.314331 0.242966
157 0.988352 0.022096 0.15057 -0.0253363 0.135963 0.316252 -0.938882 0.216057 -0.0683635 0.948418 0.309564 0.243998
158 0.988349 0.0198734 0.150902 -0.0248871 0.137331 0.311028 -0.940426 0.214691 -0.0656242 0.950193 0.304675 0.245115
159 0.988373 0.0171622 0.151075 -0.0248916 0.138467 0.308851 -0.940977 0.213955 -0.0628089 0.950955 0.302884 0.245326
160 0.98799 0.0171247 0.153565 -0.0244048 0.140906 0.30801 -0.940891 0.212538 -0.0634121 0.951229 0.301898 0.245452
161 0.987379 0.0170315 0.157459 -0.0240356 0.14472 0.306864 -0.940686 0.211095 -0.0643399 0.951601 0.300526 0.245886
162 0.986578 0.0163627 0.16247 -0.024335 0.149878 0.304181 -0.94075 0.210105 -0.0648136 0.952474 0.297646 0.250237
163 0.986 0.0150871 0.166059 -0.0239562 0.153575 0.305725 -0.939653 0.2083 -0.064945 0.952 0.299128 0.251235
164 0.98536 0.0142313 0.169894 -0.023609 0.157431 0.306522 -0.938754 0.205915 -0.0654359 0.951757 0.299794 0.252683
165 0.984997 0.0121109 0.172146 -0.0234198 0.160231 0.306268 -0.938363 0.203976 -0.0640874 0.951868 0.299733 0.253821
166 0.984903 0.00865841 0.172892 -0.0230852 0.162027 0.305486 -0.93831 0.202041 -0.0609403 0.952157 0.299471 0.255249
167 0.984892 0.00565105 0.173075 -0.0227226 0.163176 0.304295 -0.938498 0.199921 -0.0579695 0.952561 0.298776 0.256546
168 0.984773 0.0042996 0.173793 -0.0223541 0.164289 0.303879 -0.938439 0.198189 -0.0568468 0.952701 0.298545 0.257409
169 0.984613 0.00410256 0.1747 -0.0221482 0.165171 0.304566 -0.938061 0.196972 -0.0570561 0.952482 0.299202 0.258738
170 0.984346 0.00716823 0.1761 -0.0213445 0.165564 0.304959 -0.937864 0.192558 -0.0604262 0.952338 0.298998 0.26189
171 0.983873 0.00746583 0.178714 -0.0210639 0.168109 0.302714 -0.938138 0.190186 -0.0611031 0.953052 0.296577 0.263198
172 0.983479 0.00609955 0.180918 -0.0207528 0.170741 0.300745 -0.938296 0.189116 -0.0601334 0.953685 0.294735 0.264153
173 0.983402 0.00633982 0.181331 -0.0204301 0.171135 0.299631 -0.938581 0.187399 -0.0602829 0.954034 0.293573 0.26578
174 0.983561 0.0100037 0.180299 -0.0198687 0.16914 0.298646 -0.939256 0.185828 -0.0632416 0.954312 0.292044 0.266895
175 0.983066 0.0150715 0.182632 -0.0196863 0.169978 0.297412 -0.939497 0.183191 -0.0684764 0.95463 0.289814 0.267477
176 0.982136 0.0172271 0.187381 -0.0195556 0.174138 0.294138 -0.939765 0.181274 -0.0713055 0.955608 0.285884 0.268302
177 0.981567 0.0179659 0.190272 -0.0189855 0.177015 0.289894 -0.940546 0.180878 -0.0720566 0.95689 0.28137 0.269715
178 0.981581 0.0193495 0.190065 -0.0186691 0.176568 0.288038 -0.9412 0.179514 -0.0729578 0.957423 0.279316 0.270229
179 0.981254 0.0261711 0.190936 -0.0189118 0.176047 0.281382 -0.943309 0.179078 -0.0784132 0.959239 0.271499 0.276296
180 0.980314 0.0318629 0.194857 -0.018684 0.178142 0.282858 -0.942474 0.178831 -0.0851469 0.958632 0.271613 0.277296
181 0.979443 0.0348481 0.19869 -0.0183991 0.18072 0.286024 -0.941026 0.176026 -0.089623 0.957589 0.273847 0.278309
182 0.979349 0.0359081 0.198962 -0.0180424 0.180629 0.286675 -0.940846 0.173304 -0.0908215 0.957355 0.274269 0.279484
183 0.979357 0.0361316 0.198885 -0.017792 0.180599 0.28556 -0.941191 0.170825 -0.0908003 0.957679 0.27314 0.280435
184 0.97926 0.0359672 0.199388 -0.0172482 0.181311 0.283617 -0.941641 0.168997 -0.090418 0.958263 0.271214 0.281763
185 0.979387 0.0352368 0.198897 -0.016729 0.181155 0.282364 -0.942047 0.166918 -0.0893561 0.95866 0.27016 0.283335
186 0.979669 0.0345304 0.197629 -0.0165106 0.180226 0.28128 -0.94255 0.164085 -0.0881357 0.959004 0.269338 0.284478
187 0.979566 0.0341412 0.198204 -0.0160178 0.181057 0.279406 -0.942948 0.162162 -0.0875728 0.959566 0.267515 0.285532
188 0.979341 0.0325324 0.199579 -0.0155175 0.18294 0.277985 -0.943004 0.160774 -0.0861582 0.960034 0.266291 0.287645
189 0.979734 0.028749 0.198229 -0.0149415 0.182577 0.278854 -0.942818 0.158328 -0.0823819 0.959903 0.267953 0.289015
190 0.980065 0.0268557 0.196855 -0.0148308 0.18174 0.279144 -0.942894 0.155659 -0.0802729 0.959874 0.268698 0.290479
191 0.979995 0.0264911 0.197251 -0.0143305 0.182136 0.28014 -0.942522 0.153849 -0.0802265 0.959593 0.269711 0.291662
192 0.979724 0.0258308 0.198681 -0.0139603 0.183663 0.280457 -0.942132 0.151916 -0.0800575 0.959519 0.270026 0.293937
193 0.979887 0.0253512 0.197938 -0.0134077 0.182938 0.282145 -0.941768 0.149106 -0.0797222 0.959037 0.271833 0.295092
194 0.980082 0.0261405 0.196866 -0.0131276 0.181719 0.281833 -0.942098 0.146752 -0.0801102 0.959107 0.271469 0.296375
195 0.980095 0.0262204 0.196789 -0.0126266 0.181553 0.282668 -0.94188 0.146271 -0.0803223 0.958859 0.272281 0.298207
196 0.98029 0.023128 0.196206 -0.0114704 0.181508 0.286739 -0.940657 0.142987 -0.0780154 0.95773 0.276889 0.299458
197 0.980554 0.0207364 0.195149 -0.0109537 0.181035 0.288306 -0.940269 0.140094 -0.0757606 0.957314 0.278946 0.30011
198 0.98065 0.0186232 0.194881 -0.0106825 0.181398 0.287926 -0.940316 0.138742 -0.0736231 0.957472 0.278976 0.301533
199 0.980283 0.0176858 0.196806 -0.0105072 0.183421 0.289032 -0.939584 0.136806 -0.0735005 0.957156 0.280089 0.302489
200 0.980151 0.0170816 0.197516 -0.0101001 0.184245 0.289363 -0.93932 0.134646 -0.0731989 0.957067 0.280472 0.303203
201 0.980252 0.016642 0.197052 -0.0098154 0.183981 0.288609 -0.939604 0.132767 -0.0725079 0.957302 0.279848 0.303487
202 0.980039 0.0169725 0.198078 -0.00951082 0.185039 0.286416 -0.940067 0.131879 -0.0726881 0.957955 0.277558 0.304503
203 0.979338 0.0179373 0.201432 -0.00930182 0.188061 0.285483 -0.939751 0.130775 -0.074362 0.958216 0.276211 0.305961
204 0.979149 0.0181596 0.202328 -0.0090872 0.188761 0.286746 -0.939226 0.128446 -0.0750728 0.957835 0.277339 0.30545
205 0.979213 0.0172546 0.202102 -0.00872079 0.189011 0.283941 -0.940028 0.127441 -0.0736047 0.958687 0.274777 0.305884
206 0.978708 0.0166179 0.204583 -0.00843099 0.191768 0.281337 -0.940252 0.127012 -0.0731818 0.959465 0.27216 0.306845
207 0.978067 0.0174313 0.207558 -0.00826133 0.19446 0.280624 -0.939913 0.125747 -0.0746296 0.95966 0.271079 0.306997
208 0.977796 0.0171592 0.208855 -0.00807178 0.195983 0.278008 -0.940374 0.124936 -0.0741994 0.960426 0.268472 0.307774
209 0.977523 0.0161043 0.210211 -0.00797617 0.197708 0.276213 -0.940541 0.124425 -0.0732098 0.960961 0.266821 0.30883
210 0.977429 0.0155305 0.210693 -0.00775018 0.198353 0.275836 -0.940516 0.123535 -0.0727232 0.961079 0.266529 0.309326
211 0.977535 0.014384 0.210283 -0.00764032 0.198271 0.275747 -0.940559 0.122791 -0.0715138 0.961123 0.2667 0.30969
212 0.977577 0.0139158 0.21012 -0.00761603 0.19823 0.275869 -0.940532 0.122705 -0.0710537 0.961095 0.266924 0.310162
213 0.977599 0.0149314 0.209948 -0.00752765 0.197669 0.277526 -0.940163 0.122214 -0.0723039 0.960602 0.268357 0.309906
214 0.977779 0.0145465 0.209131 -0.00765632 0.196977 0.277667 -0.940267 0.122004 -0.0717465 0.960567 0.268632 0.310427
215 0.978155 0.0140246 0.207402 -0.00773355 0.195401 0.278401 -0.940378 0.122847 -0.0709295 0.960362 0.269579 0.311389
216 0.978356 0.0130911 0.206515 -0.00771351 0.194508 0.282386 -0.939375 0.123575 -0.0706145 0.959212 0.273728 0.311846
217 0.978685 0.011305 0.205054 -0.00776494 0.193153 0.288511 -0.937792 0.123976 -0.0697621 0.95741 0.280178 0.311936
218 0.978881 0.00948336 0.20421 -0.00797146 0.192352 0.295532 -0.935768 0.124319 -0.0692247 0.955286 0.287467 0.311587
219 0.979162 0.00702797 0.202957 -0.00810819 0.191407 0.301992 -0.933897 0.125259 -0.0678547 0.953285 0.294354 0.31192
220 0.979295 0.00648707 0.202333 -0.00836722 0.190352 0.310655 -0.931268 0.126075 -0.068897 0.950501 0.302988 0.311789
221 0.979325 0.00538425 0.202222 -0.00853552 0.189959 0.319245 -0.928438 0.12636 -0.0695574 0.947657 0.311622 0.311182
222 0.97987 0.00196775 0.199627 -0.00878995 0.188162 0.325029 -0.926796 0.126445 -0.0667083 0.945702 0.318116 0.310868
223 0.981291 -0.00313231 0.192503 -0.00779972 0.182639 0.33148 -0.925615 0.128191 -0.0609116 0.943457 0.325851 0.30885
224 0.98208 -0.00599903 0.188371 -0.00814887 0.179352 0.336801 -0.924336 0.129087 -0.0578983 0.941557 0.331842 0.308583
225 0.98283 -0.00870193 0.184307 -0.00851135 0.176145 0.341646 -0.923174 0.129648 -0.0549346 0.939788 0.337313 0.308058
226 0.983744 -0.0128409 0.179116 -0.00857525 0.172476 0.34524 -0.92253 0.130439 -0.0499919 0.938426 0.341843 0.307536
227 0.984731 -0.0176156 0.173189 -0.00886238 0.168392 0.348682 -0.92199 0.131733 -0.0441466 0.937076 0.346324 0.30732
228 0.985618 -0.022039 0.167548 -0.00932493 0.164457 0.353223 -0.920971 0.133104 -0.0388845 0.93528 0.351767 0.306963
229 0.986594 -0.0259583 0.161119 -0.00913956 0.15976 0.355153 -0.921056 0.136394 -0.0333127 0.934448 0.354538 0.308824
230 0.987452 -0.0293352 0.155173 -0.00954292 0.155194 0.362103 -0.919128 0.138095 -0.0292258 0.931677 0.362111 0.308889
231 0.988213 -0.0310917 0.149897 -0.0100668 0.150656 0.371318 -0.916202 0.139362 -0.0271731 0.927985 0.371625 0.308385
232 0.988819 -0.0323052 0.145582 -0.0105812 0.146866 0.38018 -0.913178 0.140126 -0.0258471 0.924348 0.380674 0.307474
233 0.989316 -0.0337783 0.141821 -0.0111096 0.14379 0.386594 -0.910972 0.14127 -0.024056 0.921631 0.38732 0.306732
234 0.989859 -0.0367863 0.137206 -0.0115017 0.140602 0.391369 -0.909429 0.142452 -0.0202435 0.919498 0.392572 0.305976
235 0.990306 -0.0402617 0.132938 -0.0121531 0.137983 0.394964 -0.908275 0.143945 -0.0159369 0.917814 0.396691 0.305022
236 0.990614 -0.0431433 0.1297 -0.0124315 0.136113 0.398302 -0.907099 0.145845 -0.0125246 0.916239 0.400436 0.304154
237 0.991035 -0.046879 0.125108 -0.0119039 0.133391 0.399877 -0.90681 0.149792 -0.00751769 0.915369 0.402546 0.304379
238 0.991369 -0.0506985 0.120898 -0.0123195 0.131061 0.405193 -0.904788 0.151778 -0.00311578 0.912824 0.408341 0.303799
239 0.99171 -0.0535756 0.116793 -0.0129281 0.128495 0.411445 -0.902331 0.153524 0.000288865 0.909858 0.414919 0.303069
240 0.992345 -0.0545382 0.110805 -0.0141836 0.123485 0.424576 -0.896932 0.156907 0.0018721 0.903748 0.42806 0.30097
241 0.99265 -0.0564845 0.107033 -0.0144953 0.120939 0.430106 -0.894641 0.158869 0.00449778 0.90101 0.433776 0.300087
242 0.992904 -0.0604274 0.102418 -0.0149484 0.118548 0.435284 -0.892454 0.160768 0.00934752 0.898263 0.439359 0.299154
243 0.99314 -0.0629875 0.0985172 -0.0155637 0.116246 0.440729 -0.890081 0.16313 0.0126446 0.895428 0.445027 0.297938
244 0.993275 -0.0640193 0.0964674 -0.0163207 0.114946 0.445617 -0.887813 0.1649 0.0138496 0.892932 0.449979 0.296762
245 0.993377 -0.0652376 0.0945807 -0.0160009 0.113842 0.447533 -0.886992 0.167179 0.0155373 0.891885 0.451996 0.29609
246 0.993434 -0.0663085 0.0932341 -0.016492 0.113164 0.449597 -0.886034 0.169368 0.0168338 0.890767 0.454149 0.294737
247 0.99353 -0.066126 0.0923349 -0.0170482 0.112328 0.452199 -0.884816 0.172033 0.0167556 0.889463 0.456701 0.293483
248 0.993578 -0.0665265 0.0915305 -0.0175008 0.111861 0.455613 -0.883122 0.174228 0.0170485 0.887689 0.460128 0.292332
249 0.993558 -0.0673507 0.0911402 -0.0181701 0.111943 0.458037 -0.881856 0.176304 0.017648 0.886378 0.462626 0.290959
250 0.993364 -0.0689371 0.0920594 -0.0186158 0.113553 0.460893 -0.880161 0.179199 0.0182462 0.884774 0.465663 0.289374
251 0.993123 -0.0714934 0.0927144 -0.0191186 0.115415 0.464838 -0.877841 0.181283 0.0196628 0.882505 0.469892 0.288179
252 0.992816 -0.073394 0.0944929 -0.0203839 0.118017 0.470777 -0.874323 0.186103 0.0196849 0.879194 0.476057 0.285569
253 0.992539 -0.0762192 0.0951724 -0.020526 0.120075 0.475332 -0.871574 0.189034 0.0211921 0.876499 0.480938 0.284318
254 0.992119 -0.0775927 0.0983865 -0.0222003 0.123625 0.478108 -0.869557 0.191846 0.0204319 0.874867 0.483932 0.286326
255 0.991885 -0.0785672 0.099954 -0.0227656 0.125575 0.482612 -0.866785 0.193349 0.0198619 0.872303 0.488562 0.285328
256 0.991506 -0.0796544 0.102814 -0.0233396 0.128669 0.485436 -0.864752 0.195452 0.0189715 0.870636 0.491562 0.284253
257 0.991247 -0.0821911 0.103318 -0.0233907 0.130462 0.48983 -0.862001 0.197661 0.0202404 0.867935 0.496265 0.283249
258 0.991103 -0.0854257 0.102066 -0.0236858 0.131085 0.493638 -0.859731 0.198814 0.0230595 0.865462 0.500444 0.282651
259 0.990847 -0.0871848 0.103056 -0.0244496 0.132875 0.495405 -0.858439 0.200964 0.0237884 0.864276 0.502455 0.281503
260 0.990494 -0.0884863 0.105316 -0.0248669 0.135569 0.498341 -0.856316 0.203505 0.0232889 0.862454 0.5056 0.280183
261 0.99028 -0.0888179 0.107035 -0.0253499 0.137337 0.502733 -0.853462 0.205406 0.0219924 0.859867 0.510045 0.279257
262 0.990228 -0.0878569 0.108304 -0.0255159 0.138019 0.506091 -0.851365 0.207222 0.0199865 0.857994 0.513271 0.278531
263 0.989958 -0.0882364 0.110444 -0.0256985 0.140146 0.510279 -0.848513 0.209689 0.0185123 0.85547 0.517521 0.277437
264 0.989725 -0.0903265 0.110842 -0.0256966 0.141699 0.515851 -0.844878 0.212006 0.019137 0.851903 0.52335 0.276709
265 0.989173 -0.0865326 0.118527 -0.0284005 0.146338 0.520891 -0.840986 0.215657 0.011033 0.849226 0.527915 0.280432
266 0.988893 -0.0852019 0.121785 -0.0287536 0.148438 0.524558 -0.838334 0.217546 0.00754455 0.8471 0.531379 0.279413
267 0.988741 -0.0850974 0.123084 -0.0288655 0.1495 0.526491 -0.836933 0.218357 0.00641806 0.845911 0.533285 0.278831
268 0.988474 -0.0850087 0.125274 -0.0292273 0.151313 0.527711 -0.835838 0.220211 0.00494505 0.84516 0.534491 0.277574
269 0.988299 -0.0840992 0.127246 -0.0292122 0.152497 0.528638 -0.835037 0.221931 0.0029589 0.844671 0.535278 0.276724
270 0.988187 -0.0837118 0.128373 -0.0292051 0.153243 0.528999 -0.834672 0.223645 0.00196295 0.844484 0.535578 0.275935
271 0.98794 -0.0822789 0.131165 -0.0302639 0.154835 0.526627 -0.835877 0.224787 -0.000299713 0.846106 0.533015 0.275921
272 0.987672 -0.0812107 0.133822 -0.0299108 0.156518 0.525122 -0.83651 0.226263 -0.00233925 0.847143 0.531359 0.274045
273 0.987518 -0.0815381 0.134758 -0.0297673 0.157487 0.524444 -0.836753 0.227932 -0.00244575 0.847532 0.530739 0.272795
274 0.987531 -0.0810226 0.134974 -0.030033 0.157399 0.52373 -0.837217 0.229662 -0.00285659 0.848023 0.529952 0.271695
275 0.987447 -0.0810255 0.135585 -0.0300358 0.157919 0.523528 -0.837245 0.232315 -0.0031442 0.848147 0.529752 0.27042
276 0.987832 -0.0746569 0.136436 -0.0306773 0.155253 0.52531 -0.836628 0.234746 -0.00921103 0.847629 0.530509 0.269022
277 0.987661 -0.0750394 0.137456 -0.0311557 0.156335 0.523869 -0.837329 0.2355 -0.00917607 0.848487 0.529137 0.268775
278 0.987861 -0.0778864 0.134404 -0.0304966 0.155268 0.521457 -0.839032 0.237104 -0.0047365 0.849716 0.52722 0.268199
279 0.988029 -0.0796379 0.132122 -0.0307126 0.154257 0.519772 -0.840263 0.238374 -0.00175644 0.850585 0.525834 0.267274
280 0.988041 -0.0795302 0.1321 -0.0315036 0.154185 0.518017 -0.841359 0.239921 -0.00151641 0.851665 0.524084 0.266751
281 0.988294 -0.0809951 0.129288 -0.0311638 0.152558 0.517706 -0.841847 0.241086 0.00125224 0.851716 0.524002 0.265938
282 0.988725 -0.0805239 0.126248 -0.0311333 0.149719 0.516866 -0.842872 0.241224 0.00261793 0.852271 0.523094 0.266392
283 0.98873 -0.0764994 0.128692 -0.0331609 0.149708 0.512076 -0.845793 0.240358 -0.00119744 0.855527 0.517757 0.267096
284 0.988909 -0.0744726 0.128501 -0.0333869 0.148512 0.505657 -0.849856 0.24035 -0.00168672 0.859514 0.511109 0.266806
285 0.989609 -0.0720834 0.124411 -0.0320603 0.143784 0.499437 -0.854335 0.240943 -0.000552224 0.863346 0.504612 0.266464
286 0.989732 -0.0726653 0.123091 -0.0340029 0.142914 0.48703 -0.861613 0.243626 0.00266066 0.870357 0.492413 0.265092
287 0.989599 -0.0709842 0.125117 -0.0348805 0.143846 0.480722 -0.864994 0.243918 0.00125425 0.873995 0.485933 0.265273
288 0.989498 -0.0692777 0.126867 -0.0351146 0.144549 0.471437 -0.869973 0.244028 0.000459825 0.879174 0.4765 0.265599
289 0.988902 -0.0695306 0.131298 -0.0365366 0.148571 0.459314 -0.875761 0.247171 0.000585322 0.885548 0.464547 0.26707
290 0.988792 -0.0676798 0.133077 -0.0367101 0.149296 0.453232 -0.878801 0.248313 -0.000837567 0.88882 0.458256 0.266327
291 0.988761 -0.0655104 0.134387 -0.037044 0.149484 0.44789 -0.881504 0.248047 -0.00244309 0.891685 0.452649 0.266322
292 0.988855 -0.0627723 0.135005 -0.0372653 0.148841 0.438843 -0.886151 0.248168 -0.00362035 0.896369 0.443295 0.266614
293 0.988735 -0.0619475 0.136258 -0.0377709 0.149642 0.429174 -0.89074 0.248137 -0.00329911 0.901095 0.433609 0.265915
294 0.988462 -0.0634029 0.137561 -0.0380627 0.151463 0.421773 -0.893961 0.249796 -0.00133977 0.904482 0.426509 0.264737
295 0.988178 -0.0657018 0.138517 -0.0382282 0.153307 0.419051 -0.894926 0.251088 0.000752582 0.905582 0.42417 0.263795
296 0.988026 -0.0672047 0.138882 -0.0382268 0.154268 0.41579 -0.896281 0.251044 0.00248841 0.906974 0.421179 0.264187
297 0.987403 -0.0700236 0.141889 -0.0389714 0.158126 0.404648 -0.900698 0.25306 0.00565484 0.911788 0.410623 0.262757
298 0.987286 -0.0703295 0.142549 -0.0390166 0.158846 0.403473 -0.901098 0.253253 0.00585929 0.912285 0.409515 0.261984
299 0.987173 -0.0704063 0.143293 -0.0395751 0.159543 0.401435 -0.901885 0.253176 0.0059758 0.913178 0.407518 0.259893
300 0.987013 -0.0687502 0.145183 -0.0401266 0.160582 0.398317 -0.903082 0.254475 0.00425798 0.914668 0.404184 0.259075
301 0.986592 -0.0684614 0.148156 -0.0403846 0.163184 0.398087 -0.902717 0.255457 0.00282239 0.914789 0.403921 0.258459
302 0.986473 -0.0686383 0.148863 -0.0404798 0.1639 0.397191 -0.902982 0.255759 0.00285211 0.915166 0.403068 0.258329
303 0.986523 -0.0683485 0.148662 -0.0408668 0.163589 0.393944 -0.904459 0.256414 0.00325395 0.91659 0.399816 0.258258
304 0.986361 -0.0683457 0.149739 -0.0415608 0.164573 0.393343 -0.904542 0.257485 0.00292285 0.916848 0.399226 0.256986
305 0.986264 -0.070985 0.149143 -0.0415094 0.165095 0.395604 -0.90346 0.25875 0.00513039 0.915674 0.40189 0.256219
306 0.986647 -0.07206 0.146065 -0.0415609 0.162734 0.399012 -0.90239 0.259221 0.00674436 0.91411 0.40541 0.255774
307 0.986649 -0.0731995 0.145483 -0.0424108 0.162674 0.400267 -0.901844 0.259988 0.00778244 0.91347 0.406831 0.255558
308 0.986525 -0.0728128 0.146518 -0.043134 0.163478 0.40226 -0.900812 0.261085 0.00665212 0.912625 0.408743 0.254847
309 0.986584 -0.0720805 0.146483 -0.0432537 0.163162 0.404851 -0.899707 0.262043 0.00554775 0.911537 0.411181 0.254279
310 0.986371 -0.07562 0.146127 -0.0441136 0.164336 0.409177 -0.897534 0.264395 0.00807962 0.909316 0.416027 0.253074
311 0.986208 -0.0759279 0.147069 -0.0446621 0.165352 0.41291 -0.895636 0.265752 0.00727741 0.907601 0.41977 0.252721
312 0.986069 -0.0772661 0.147305 -0.0452188 0.166165 0.41701 -0.893584 0.267105 0.00761603 0.905612 0.42404 0.252194
313 0.986059 -0.0779203 0.147022 -0.0455863 0.166226 0.421603 -0.891414 0.268389 0.00747419 0.903426 0.428678 0.251576
314 0.985913 -0.079694 0.147053 -0.046075 0.167062 0.426458 -0.888945 0.269135 0.0081317 0.90099 0.433764 0.251269
315 0.985856 -0.0822351 0.146032 -0.0462993 0.167289 0.430254 -0.887072 0.270871 0.0101178 0.898955 0.437925 0.250609
316 0.98578 -0.0817413 0.146817 -0.0467071 0.167803 0.432659 -0.885804 0.272389 0.00888513 0.897844 0.440223 0.250445
317 0.985588 -0.0814476 0.148268 -0.0473529 0.169001 0.435368 -0.884247 0.272386 0.00746867 0.896561 0.442858 0.24974
318 0.985721 -0.0808256 0.147721 -0.0474773 0.168256 0.438134 -0.883023 0.274193 0.00664928 0.895269 0.445477 0.249053
319 0.985587 -0.0815719 0.148202 -0.0480026 0.169039 0.440644 -0.881623 0.275409 0.00661111 0.893968 0.448082 0.248369
320 0.985393 -0.082212 0.149136 -0.0484223 0.170165 0.441102 -0.881177 0.27638 0.00665914 0.893684 0.448648 0.248375
321 0.984784 -0.0871876 0.150329 -0.0494593 0.173503 0.444212 -0.878961 0.278352 0.00985636 0.891669 0.452581 0.246249
322 0.984771 -0.0879548 0.149965 -0.0500784 0.173552 0.446456 -0.877814 0.279709 0.0102554 0.890472 0.454922 0.244597
323 0.984779 -0.087855 0.149975 -0.0507075 0.173541 0.448674 -0.876684 0.280889 0.00973107 0.889367 0.457091 0.243928
324 0.984789 -0.0881514 0.149733 -0.0511006 0.173501 0.452346 -0.874803 0.282171 0.00938399 0.887475 0.46076 0.242947
325 0.984842 -0.090222 0.148145 -0.0513233 0.173104 0.456809 -0.87256 0.28334 0.01105 0.884978 0.465502 0.242308
326 0.985067 -0.0910606 0.146119 -0.0516835 0.171762 0.461311 -0.870454 0.28413 0.011858 0.882553 0.470063 0.242167
327 0.985023 -0.0918346 0.14593 -0.0526967 0.172002 0.464351 -0.868788 0.284918 0.0120219 0.880877 0.473192 0.242229
328 0.984884 -0.0939331 0.145532 -0.053001 0.172681 0.466628 -0.867433 0.285809 0.0135715 0.879452 0.475795 0.241964
329 0.984711 -0.0973324 0.144468 -0.0531637 0.173403 0.468612 -0.866218 0.28673 0.0166116 0.878026 0.478325 0.241524
330 0.984378 -0.101056 0.144177 -0.0540275 0.174984 0.470896 -0.86466 0.287879 0.0194863 0.876382 0.481223 0.241026
331 0.984027 -0.105045 0.143723 -0.0540837 0.176613 0.474795 -0.862194 0.28854 0.0223298 0.873805 0.485763 0.24027
332 0.983822 -0.106932 0.143738 -0.0546587 0.17766 0.479022 -0.859637 0.289547 0.0230695 0.871265 0.49027 0.239855
333 0.983876 -0.106809 0.143459 -0.0551808 0.177445 0.482474 -0.857748 0.290583 0.0224003 0.869374 0.493647 0.240102
334 0.983828 -0.105455 0.144783 -0.0565088 0.178002 0.485586 -0.855875 0.291599 0.0199516 0.867805 0.496504 0.239769
335 0.983463 -0.105339 0.147326 -0.0569306 0.180327 0.493932 -0.850596 0.292923 0.0168319 0.863096 0.504759 0.238121
336 0.983279 -0.104982 0.148799 -0.0581883 0.181493 0.497959 -0.847996 0.293999 0.0149288 0.860823 0.508686 0.237815
337 0.982932 -0.104069 0.151705 -0.060056 0.183523 0.497239 -0.847981 0.29857 0.0128152 0.861349 0.507852 0.24107
338 0.982367 -0.106009 0.154004 -0.060789 0.186567 0.502193 -0.84439 0.299553 0.0121732 0.858233 0.513116 0.240671
339 0.98195 -0.107912 0.155337 -0.0612102 0.188752 0.506371 -0.841404 0.300377 0.0121396 0.855537 0.5176 0.240632
340 0.981652 -0.108234 0.156983 -0.0623503 0.190376 0.509969 -0.838862 0.30138 0.0107372 0.853356 0.521217 0.240361
341 0.981204 -0.109346 0.159006 -0.0632908 0.192741 0.514713 -0.835417 0.302427 0.00950689 0.850361 0.526114 0.239799
342 0.980771 -0.112741 0.159304 -0.0637463 0.194853 0.519772 -0.831787 0.303299 0.0109744 0.846833 0.531745 0.239609
343 0.980371 -0.11584 0.159539 -0.064695 0.196771 0.524123 -0.828599 0.304106 0.012367 0.843728 0.536629 0.239843
344 0.979757 -0.118712 0.161192 -0.0660212 0.199799 0.529651 -0.824349 0.304998 0.0124841 0.839868 0.542648 0.239421
345 0.978921 -0.123192 0.162904 -0.0672663 0.203774 0.535292 -0.819719 0.305696 0.0137816 0.835635 0.549112 0.239504
346 0.978259 -0.127021 0.163933 -0.0682626 0.206821 0.539296 -0.816324 0.306379 0.0152822 0.832482 0.553842 0.240497
347 0.976221 -0.136203 0.168646 -0.0710089 0.215984 0.544583 -0.81042 0.310322 0.0185403 0.827573 0.561051 0.242488
348 0.975296 -0.139798 0.17104 -0.0724919 0.220114 0.549644 -0.805879 0.31093 0.0186495 0.823619 0.566837 0.242793
349 0.974481 -0.143668 0.172471 -0.0734741 0.22357 0.55243 -0.803018 0.311649 0.0200898 0.821085 0.570453 0.243583
350 0.973616 -0.147822 0.173843 -0.0749371 0.22714 0.554634 -0.800493 0.312985 0.0219108 0.818859 0.573576 0.243519
351 0.972843 -0.152252 0.174345 -0.0758811 0.230209 0.558016 -0.797259 0.313877 0.0240973 0.815744 0.577911 0.243209
352 0.972495 -0.155854 0.173097 -0.0765686 0.231378 0.560947 -0.79486 0.315106 0.0267842 0.813049 0.581579 0.243244
353 0.972341 -0.15747 0.172499 -0.078133 0.231973 0.564982 -0.791823 0.315969 0.0272293 0.809937 0.585884 0.242722
354 0.972347 -0.157929 0.172044 -0.0796221 0.232034 0.569777 -0.788362 0.316351 0.0264788 0.806482 0.590666 0.242892
355 0.971618 -0.161372 0.172965 -0.0815751 0.234924 0.572576 -0.785473 0.316711 0.027718 0.803813 0.594235 0.243161
356 0.969661 -0.16842 0.177179 -0.086421 0.242408 0.568904 -0.785867 0.317992 0.031558 0.804974 0.59247 0.246124
357 0.968997 -0.172083 0.177293 -0.0879822 0.244742 0.570178 -0.784219 0.319189 0.033862 0.803296 0.594616 0.245718
358 0.968325 -0.174746 0.178355 -0.0894849 0.247318 0.572949 -0.781386 0.320565 0.0343556 0.800746 0.598019 0.24534
359 0.967768 -0.177297 0.178858 -0.09076 0.249359 0.575109 -0.779147 0.321637 0.0352774 0.798633 0.600783 0.245387
360 0.967428 -0.179622 0.178377 -0.0919956 0.250482 0.577285 -0.777175 0.323121 0.0366235 0.796541 0.603474 0.244861
361 0.967377 -0.179966 0.178308 -0.0938777 0.250809 0.581083 -0.774233 0.324603 0.0357245 0.793697 0.607264 0.244016
362 0.967577 -0.178576 0.178619 -0.0955198 0.250453 0.586871 -0.769971 0.325922 0.0326721 0.789742 0.612568 0.243489
