1 0.2758280 -0.2953800 0.9146970 -0.1477240 -0.4921690 0.7740020 0.3983600 -0.0180863 -0.8256440 -0.5600640 0.0681146 0.0071646 
2 0.2761340 -0.2966680 0.9141870 -0.1475050 -0.4924860 0.7731340 0.3996510 -0.0181827 -0.8253530 -0.5605820 0.0673832 0.0072204 
3 0.2760190 -0.2959340 0.9144600 -0.1474600 -0.4934090 0.7728610 0.3990400 -0.0181424 -0.8248400 -0.5613450 0.0673076 0.0072096 
4 0.2754270 -0.2954280 0.9148020 -0.1475050 -0.4937920 0.7729960 0.3983030 -0.0180094 -0.8248080 -0.5614260 0.0670239 0.0072380 
5 0.2759630 -0.2962750 0.9143660 -0.1474110 -0.4933880 0.7727430 0.3992950 -0.0180968 -0.8248720 -0.5613270 0.0670700 0.0073232 
6 0.2769260 -0.2955000 0.9143260 -0.1473590 -0.4936890 0.7725900 0.3992180 -0.0181308 -0.8243680 -0.5619470 0.0680652 0.0071544 
7 0.2756990 -0.2956100 0.9146610 -0.1474210 -0.4942250 0.7725420 0.3986490 -0.0180464 -0.8244590 -0.5619550 0.0668910 0.0071060 
8 0.2749480 -0.2965530 0.9145820 -0.1472340 -0.4944780 0.7721810 0.3990340 -0.0180284 -0.8245570 -0.5619540 0.0656709 0.0073534 
9 0.2759970 -0.2960250 0.9144370 -0.1472030 -0.4944970 0.7720870 0.3991930 -0.0182237 -0.8241960 -0.5623620 0.0667100 0.0072679 
10 0.2747510 -0.2948100 0.9152050 -0.1471440 -0.4950440 0.7726130 0.3974930 -0.0181636 -0.8242840 -0.5622780 0.0663323 0.0072101 
11 0.2729990 -0.2939260 0.9160130 -0.1470410 -0.4951000 0.7734740 0.3957440 -0.0180564 -0.8248320 -0.5615560 0.0656345 0.0073729 
12 0.2730410 -0.2927410 0.9163800 -0.1470490 -0.4946170 0.7743020 0.3947270 -0.0180233 -0.8251080 -0.5610340 0.0666216 0.0073781 
13 0.2727470 -0.2924710 0.9165530 -0.1470170 -0.4936320 0.7751730 0.3942510 -0.0182691 -0.8257940 -0.5599710 0.0670529 0.0073417 
14 0.2708410 -0.2914550 0.9174410 -0.1468940 -0.4933280 0.7763680 0.3922760 -0.0183773 -0.8266030 -0.5588440 0.0664894 0.0074292 
15 0.2686850 -0.2890590 0.9188320 -0.1468550 -0.4926580 0.7784580 0.3889610 -0.0182510 -0.8277060 -0.5571780 0.0667533 0.0075562 
16 0.2683330 -0.2881440 0.9192230 -0.1468510 -0.4904430 0.7804310 0.3878050 -0.0185337 -0.8291340 -0.5548880 0.0680970 0.0077279 
17 0.2677570 -0.2846260 0.9204860 -0.1467240 -0.4883440 0.7834700 0.3843110 -0.0187793 -0.8305580 -0.5524160 0.0707840 0.0076477 
18 0.2647520 -0.2804310 0.9226400 -0.1467990 -0.4875140 0.7865830 0.3789690 -0.0187977 -0.8320070 -0.5501330 0.0715359 0.0076322 
19 0.2613510 -0.2772340 0.9245740 -0.1468430 -0.4862290 0.7896460 0.3742190 -0.0186416 -0.8338330 -0.5473570 0.0715752 0.0077532 
20 0.2585440 -0.2758570 0.9257740 -0.1466290 -0.4834450 0.7927580 0.3712350 -0.0186715 -0.8363230 -0.5435420 0.0716007 0.0079465 
21 0.2569560 -0.2733850 0.9269490 -0.1464560 -0.4806110 0.7959880 0.3679890 -0.0189570 -0.8384430 -0.5400590 0.0731424 0.0080649 
22 0.2547210 -0.2695520 0.9286870 -0.1465820 -0.4801560 0.7983580 0.3634220 -0.0190468 -0.8393850 -0.5384860 0.0739316 0.0079504 
23 0.2507950 -0.2669290 0.9305110 -0.1464030 -0.4801900 0.8003320 0.3590070 -0.0189615 -0.8405470 -0.5368590 0.0725425 0.0080716 
24 0.2476790 -0.2648430 0.9319410 -0.1462570 -0.4801490 0.8019200 0.3555010 -0.0192218 -0.8414940 -0.5355200 0.0714543 0.0083046 
25 0.2439780 -0.2608110 0.9340520 -0.1461570 -0.4802670 0.8042580 0.3500170 -0.0192049 -0.8425070 -0.5339910 0.0709620 0.0084936 
26 0.2407430 -0.2563500 0.9361240 -0.1460780 -0.4794920 0.8071640 0.3443460 -0.0190418 -0.8438780 -0.5317630 0.0714012 0.0086255 
27 0.2354550 -0.2502000 0.9391280 -0.1456830 -0.4779370 0.8115730 0.3360440 -0.0192949 -0.8462490 -0.5279670 0.0715091 0.0089955 
28 0.2319480 -0.2448710 0.9414020 -0.1455170 -0.4782920 0.8140120 0.3295790 -0.0192130 -0.8470170 -0.5267100 0.0716883 0.0091753 
29 0.2293960 -0.2385880 0.9436380 -0.1453590 -0.4782230 0.8167770 0.3227670 -0.0192209 -0.8477500 -0.5253110 0.0732671 0.0094109 
30 0.2275340 -0.2318730 0.9457610 -0.1454180 -0.4794110 0.8187010 0.3160600 -0.0193017 -0.8475810 -0.5253230 0.0751195 0.0092997 
31 0.2235230 -0.2265800 0.9479970 -0.1454170 -0.4813400 0.8200750 0.3094980 -0.0189998 -0.8475550 -0.5254890 0.0742434 0.0095148 
32 0.2218470 -0.2241000 0.9489800 -0.1451970 -0.4802950 0.8218630 0.3063620 -0.0190077 -0.8485870 -0.5237560 0.0746934 0.0097539 
33 0.2210490 -0.2217490 0.9497180 -0.1450050 -0.4792160 0.8234420 0.3038030 -0.0192224 -0.8494050 -0.5222750 0.0757553 0.0098054 
34 0.2193010 -0.2188460 0.9507960 -0.1446360 -0.4797930 0.8243510 0.3004060 -0.0193655 -0.8495320 -0.5220650 0.0757806 0.0100515 
35 0.2166840 -0.2078790 0.9538530 -0.1440050 -0.4782420 0.8291920 0.2893520 -0.0199660 -0.8510770 -0.5188700 0.0802561 0.0105073 
36 0.2152600 -0.1998310 0.9558930 -0.1437550 -0.4773330 0.8324100 0.2815090 -0.0197958 -0.8519480 -0.5168770 0.0837983 0.0105840 
37 0.2151160 -0.1931150 0.9573040 -0.1435910 -0.4766640 0.8347960 0.2755130 -0.0198972 -0.8523590 -0.5155800 0.0875271 0.0105536 
38 0.2140300 -0.1882860 0.9585090 -0.1435370 -0.4768810 0.8362290 0.2707500 -0.0200111 -0.8525110 -0.5150430 0.0891878 0.0105962 
39 0.2137280 -0.1848390 0.9592470 -0.1432570 -0.4759210 0.8378270 0.2674810 -0.0201597 -0.8531240 -0.5136930 0.0910983 0.0106193 
40 0.2126330 -0.1821040 0.9600130 -0.1428260 -0.4760270 0.8387030 0.2645280 -0.0204407 -0.8533380 -0.5132390 0.0916492 0.0107838 
41 0.2116410 -0.1766910 0.9612430 -0.1423080 -0.4763110 0.8401710 0.2593070 -0.0205038 -0.8534260 -0.5127310 0.0936549 0.0109073 
42 0.2081240 -0.1672560 0.9636960 -0.1415120 -0.4755220 0.8436920 0.2491240 -0.0209436 -0.8547300 -0.5101070 0.0960583 0.0109052 
43 0.2061650 -0.1608800 0.9652010 -0.1409560 -0.4766600 0.8449360 0.2426480 -0.0209791 -0.8545710 -0.5100980 0.0975110 0.0110374 
44 0.2046780 -0.1541370 0.9666170 -0.1404080 -0.4760630 0.8471820 0.2358970 -0.0210869 -0.8552610 -0.5084540 0.1000200 0.0111796 
45 0.2036220 -0.1469180 0.9679630 -0.1400600 -0.4740910 0.8502340 0.2287790 -0.0211932 -0.8566070 -0.5054870 0.1034740 0.0110577 
46 0.2016330 -0.1388440 0.9695700 -0.1389940 -0.4691560 0.8552630 0.2200410 -0.0211888 -0.8597890 -0.4992470 0.1073100 0.0109935 
47 0.2025980 -0.1367270 0.9696700 -0.1384510 -0.4678780 0.8563560 0.2185060 -0.0215666 -0.8602580 -0.4979560 0.1095250 0.0111855 
48 0.2024690 -0.1333120 0.9701720 -0.1379500 -0.4683420 0.8568680 0.2154830 -0.0221978 -0.8600360 -0.4980010 0.1110530 0.0112541 
49 0.2000150 -0.1273990 0.9714750 -0.1371920 -0.4670400 0.8592220 0.2088360 -0.0220668 -0.8613180 -0.4954880 0.1123570 0.0113422 
50 0.2025440 -0.1143560 0.9725730 -0.1360930 -0.4673020 0.8614990 0.1986140 -0.0226687 -0.8605840 -0.4947130 0.1210530 0.0113681 
51 0.2017320 -0.1076620 0.9735060 -0.1356970 -0.4700530 0.8613540 0.1926640 -0.0226836 -0.8592760 -0.4964650 0.1231560 0.0112774 
52 0.2012240 -0.1050830 0.9738920 -0.1351780 -0.4725050 0.8604990 0.1904760 -0.0227734 -0.8580490 -0.4984980 0.1235010 0.0112562 
53 0.2002380 -0.1030770 0.9743100 -0.1343240 -0.4733840 0.8604890 0.1883240 -0.0230579 -0.8577950 -0.4989320 0.1235080 0.0115173 
54 0.1995060 -0.0976140 0.9750230 -0.1336630 -0.4726630 0.8620290 0.1830160 -0.0232550 -0.8583630 -0.4973700 0.1258410 0.0115445 
55 0.1993320 -0.0886996 0.9759090 -0.1326200 -0.4741310 0.8628340 0.1752650 -0.0238054 -0.8575940 -0.4976450 0.1299350 0.0114095 
56 0.1962170 -0.0842749 0.9769320 -0.1320670 -0.4765240 0.8625450 0.1701180 -0.0241695 -0.8569850 -0.4989120 0.1290870 0.0115828 
57 0.1926410 -0.0784011 0.9781320 -0.1315400 -0.4761110 0.8641410 0.1630330 -0.0242747 -0.8580260 -0.4971060 0.1291410 0.0116054 
58 0.1904260 -0.0698344 0.9792150 -0.1305900 -0.4768570 0.8653060 0.1544440 -0.0249411 -0.8581060 -0.4963550 0.1314760 0.0112736 
59 0.1881490 -0.0655517 0.9799510 -0.1299970 -0.4788210 0.8650380 0.1497980 -0.0250160 -0.8575140 -0.4974050 0.1313680 0.0112961 
60 0.1860120 -0.0598215 0.9807250 -0.1293280 -0.4792640 0.8658240 0.1437140 -0.0249487 -0.8577320 -0.4967590 0.1323840 0.0113637 
61 0.1857900 -0.0427164 0.9816600 -0.1284390 -0.4844310 0.8652160 0.1293340 -0.0253375 -0.8548730 -0.4995760 0.1400560 0.0112374 
62 0.1846850 -0.0366516 0.9821140 -0.1283610 -0.4892220 0.8632690 0.1242140 -0.0258484 -0.8523810 -0.5034120 0.1415020 0.0109898 
63 0.1830980 -0.0311623 0.9826010 -0.1279830 -0.4927730 0.8619610 0.1191600 -0.0257902 -0.8506760 -0.5060170 0.1424670 0.0107859 
64 0.1823650 -0.0224172 0.9829750 -0.1272920 -0.4964850 0.8608230 0.1117410 -0.0261199 -0.8486730 -0.5084100 0.1458550 0.0108599 
65 0.1809750 -0.0199010 0.9832860 -0.1270710 -0.4991670 0.8595880 0.1092700 -0.0265926 -0.8473960 -0.5105990 0.1456300 0.0107072 
66 0.1767220 -0.0108886 0.9842010 -0.1261420 -0.4972040 0.8619880 0.0988138 -0.0267596 -0.8494450 -0.5068110 0.1469180 0.0108650 
67 0.1761520 -0.0038156 0.9843560 -0.1257970 -0.4953760 0.8637940 0.0919966 -0.0269456 -0.8506310 -0.5038310 0.1502690 0.0109477 
68 0.1759980 0.0030509 0.9843860 -0.1255730 -0.4958010 0.8641710 0.0859657 -0.0271276 -0.8504150 -0.5031890 0.1536050 0.0107186 
69 0.1713840 0.0095182 0.9851580 -0.1249590 -0.4993030 0.8628620 0.0785252 -0.0273310 -0.8493080 -0.5053500 0.1526330 0.0108477 
70 0.1707910 0.0138226 0.9852100 -0.1246410 -0.5005060 0.8625070 0.0746640 -0.0274679 -0.8487190 -0.5058560 0.1542260 0.0109957 
71 0.1668370 0.0218597 0.9857420 -0.1241590 -0.5051500 0.8604720 0.0664148 -0.0277451 -0.8467520 -0.5090280 0.1546010 0.0110335 
72 0.1642930 0.0261591 0.9860650 -0.1238740 -0.5061250 0.8602640 0.0615063 -0.0276773 -0.8466670 -0.5091770 0.1545750 0.0111220 
73 0.1597740 0.0332124 0.9865950 -0.1232700 -0.5081150 0.8596360 0.0533481 -0.0277844 -0.8463400 -0.5098270 0.1542230 0.0111344 
74 0.1586300 0.0349741 0.9867190 -0.1232260 -0.5081050 0.8597710 0.0512109 -0.0281077 -0.8465610 -0.5094800 0.1541560 0.0107780 
75 0.1523150 0.0373959 0.9876240 -0.1224290 -0.5104250 0.8586800 0.0462062 -0.0282292 -0.8463250 -0.5111460 0.1498780 0.0112959 
76 0.1443790 0.0441466 0.9885370 -0.1217450 -0.5108110 0.8589290 0.0362470 -0.0279630 -0.8474830 -0.5101890 0.1465620 0.0113609 
77 0.1409460 0.0454552 0.9889730 -0.1211910 -0.5116500 0.8585420 0.0334586 -0.0279380 -0.8475550 -0.5107240 0.1442650 0.0116799 
78 0.1344000 0.0506264 0.9896330 -0.1203970 -0.5140340 0.8573770 0.0259492 -0.0279368 -0.8471750 -0.5121920 0.1412550 0.0121553 
79 0.1304490 0.0527148 0.9900530 -0.1198990 -0.5141680 0.8574050 0.0220944 -0.0278701 -0.8477110 -0.5119360 0.1389520 0.0123808 
80 0.1227390 0.0578377 0.9907520 -0.1188500 -0.5150690 0.8570380 0.0137772 -0.0279888 -0.8483150 -0.5119970 0.1349820 0.0132810 
81 0.1179140 0.0612743 0.9911320 -0.1180680 -0.5145860 0.8574000 0.0082129 -0.0277789 -0.8492930 -0.5109910 0.1326300 0.0135260 
82 0.1137830 0.0617485 0.9915850 -0.1173740 -0.5144260 0.8575160 0.0056302 -0.0278731 -0.8499520 -0.5107380 0.1293360 0.0141649 
83 0.1085020 0.0649024 0.9919750 -0.1164340 -0.5117170 0.8591540 -0.0002406 -0.0277433 -0.8522750 -0.5075840 0.1264320 0.0146386 
84 0.1038530 0.0677435 0.9922830 -0.1152750 -0.5128210 0.8584810 -0.0049365 -0.0280646 -0.8521910 -0.5083510 0.1238960 0.0158515 
85 0.0996721 0.0728564 0.9923490 -0.1147850 -0.5110530 0.8594680 -0.0117700 -0.0276281 -0.8537500 -0.5059700 0.1228990 0.0161283 
86 0.0958727 0.0748243 0.9925770 -0.1138050 -0.5113970 0.8592070 -0.0153747 -0.0277241 -0.8539800 -0.5061270 0.1206390 0.0169090 
87 0.0899472 0.0785307 0.9928460 -0.1128250 -0.5088490 0.8605760 -0.0219692 -0.0274478 -0.8561440 -0.5032320 0.1173670 0.0175368 
88 0.0886498 0.0783877 0.9929740 -0.1122670 -0.5095270 0.8601630 -0.0224142 -0.0274133 -0.8558760 -0.5039600 0.1161940 0.0180371 
89 0.0832324 0.0830132 0.9930670 -0.1113400 -0.5106940 0.8592720 -0.0290259 -0.0275837 -0.8557240 -0.5047380 0.1139140 0.0187406 
90 0.0813817 0.0827190 0.9932440 -0.1108510 -0.5095400 0.8599290 -0.0298670 -0.0274287 -0.8565900 -0.5036670 0.1121310 0.0190470 
91 0.0782894 0.0830057 0.9934690 -0.1096740 -0.5092900 0.8600100 -0.0317209 -0.0273531 -0.8570270 -0.5034800 0.1096040 0.0200103 
92 0.0754054 0.0789736 0.9940210 -0.1088010 -0.5062310 0.8618730 -0.0300725 -0.0272989 -0.8590950 -0.5009360 0.1049690 0.0204450 
93 0.0743639 0.0776413 0.9942040 -0.1083390 -0.5055330 0.8623020 -0.0295280 -0.0269950 -0.8595970 -0.5004070 0.1033740 0.0209253 
94 0.0704200 0.0820928 0.9941340 -0.1070990 -0.5028960 0.8636100 -0.0356916 -0.0264696 -0.8614740 -0.4974320 0.1020990 0.0217165 
95 0.0725628 0.0860592 0.9936440 -0.1067470 -0.5022420 0.8638860 -0.0381437 -0.0262041 -0.8616770 -0.4962820 0.1059090 0.0216547 
96 0.0727496 0.0853370 0.9936930 -0.1057720 -0.5067240 0.8613190 -0.0368710 -0.0265992 -0.8590330 -0.5008460 0.1059030 0.0226747 
97 0.0697654 0.0857504 0.9938710 -0.1047800 -0.5058950 0.8617210 -0.0388369 -0.0265824 -0.8597690 -0.5000850 0.1034990 0.0234997 
98 0.0681815 0.0874946 0.9938290 -0.1042810 -0.5049540 0.8621600 -0.0412604 -0.0263412 -0.8604490 -0.4990250 0.1029640 0.0238532 
99 0.0651843 0.0821044 0.9944900 -0.1033930 -0.5011990 0.8644750 -0.0385192 -0.0266000 -0.8628740 -0.4959260 0.0975008 0.0246031 
100 0.0641387 0.0833123 0.9944570 -0.1027130 -0.4971530 0.8667150 -0.0405459 -0.0259076 -0.8652890 -0.4917970 0.0970089 0.0246887 
101 0.0628227 0.0814271 0.9946970 -0.1019640 -0.4961340 0.8673390 -0.0396668 -0.0266387 -0.8659700 -0.4910110 0.0948874 0.0255615 
102 0.0588756 0.0824917 0.9948510 -0.1013720 -0.4936960 0.8685810 -0.0428045 -0.0261260 -0.8676390 -0.4886340 0.0918639 0.0259713 
103 0.0598710 0.0822970 0.9948080 -0.1006460 -0.4909310 0.8701640 -0.0424397 -0.0261018 -0.8691390 -0.4858410 0.0924997 0.0260048 
104 0.0596360 0.0786448 0.9951170 -0.1003340 -0.4922210 0.8695860 -0.0392259 -0.0264685 -0.8684250 -0.4874780 0.0905692 0.0263570 
105 0.0595674 0.0827436 0.9947890 -0.0995280 -0.4978760 0.8662190 -0.0422370 -0.0259453 -0.8652000 -0.4927660 0.0927945 0.0263378 
106 0.0667520 0.0895303 0.9937450 -0.0989243 -0.5000020 0.8648890 -0.0443349 -0.0258780 -0.8634480 -0.4939150 0.1024980 0.0260186 
107 0.0678538 0.0892778 0.9936930 -0.0986458 -0.5035840 0.8628690 -0.0431370 -0.0264115 -0.8612770 -0.4974810 0.1035080 0.0264120 
108 0.0687242 0.0866495 0.9938660 -0.0984293 -0.5068980 0.8610770 -0.0400212 -0.0269193 -0.8592620 -0.5010380 0.1030990 0.0264622 
109 0.0748954 0.0836733 0.9936750 -0.0975939 -0.5083080 0.8604980 -0.0341468 -0.0267327 -0.8579130 -0.5025350 0.1069790 0.0260849 
110 0.0799189 0.0807863 0.9935220 -0.0966872 -0.5095670 0.8599440 -0.0289351 -0.0270242 -0.8567110 -0.5039540 0.1098920 0.0260751 
111 0.0821288 0.0813607 0.9932950 -0.0962007 -0.5085830 0.8605440 -0.0284359 -0.0269146 -0.8570870 -0.5028370 0.1120540 0.0260057 
112 0.0854741 0.0822510 0.9929400 -0.0957762 -0.5075820 0.8611600 -0.0276413 -0.0270912 -0.8573530 -0.5016350 0.1153560 0.0257235 
113 0.0914534 0.0868127 0.9920180 -0.0948604 -0.5043240 0.8630260 -0.0290312 -0.0271314 -0.8586580 -0.4976440 0.1227080 0.0252647 
114 0.0926590 0.0892403 0.9916910 -0.0943264 -0.5049230 0.8626270 -0.0304485 -0.0273763 -0.8581770 -0.4979060 0.1249900 0.0253182 
115 0.0982164 0.1013690 0.9899890 -0.0932979 -0.5065650 0.8613660 -0.0379424 -0.0274933 -0.8565890 -0.4977680 0.1359500 0.0248141 
116 0.1025140 0.1044310 0.9892350 -0.0928697 -0.5075360 0.8607800 -0.0382746 -0.0280274 -0.8555110 -0.4981480 0.1412440 0.0245578 
117 0.1045850 0.1055390 0.9889000 -0.0922701 -0.5091600 0.8598360 -0.0379164 -0.0287659 -0.8542940 -0.4995430 0.1436620 0.0246669 
118 0.1121440 0.1161880 0.9868760 -0.0910745 -0.5053140 0.8618110 -0.0440426 -0.0287251 -0.8556180 -0.4937430 0.1553580 0.0233432 
119 0.1145520 0.1150000 0.9867390 -0.0904342 -0.5082090 0.8602450 -0.0412588 -0.0297125 -0.8535820 -0.4967430 0.1569870 0.0236579 
120 0.1161770 0.1177170 0.9862280 -0.0900082 -0.5108530 0.8586260 -0.0423087 -0.0301006 -0.8517820 -0.4989020 0.1598880 0.0228837 
121 0.1189800 0.1191600 0.9857200 -0.0887043 -0.5108420 0.8586410 -0.0421376 -0.0306046 -0.8514010 -0.4985340 0.1630330 0.0219779 
122 0.1224500 0.1199110 0.9852040 -0.0879731 -0.5131670 0.8573300 -0.0405665 -0.0309300 -0.8495090 -0.5006070 0.1665140 0.0216948 
123 0.1243680 0.1212240 0.9848030 -0.0874063 -0.5155220 0.8559300 -0.0402566 -0.0314328 -0.8478030 -0.5026810 0.1689440 0.0212967 
124 0.1277280 0.1225140 0.9842130 -0.0862916 -0.5179800 0.8544970 -0.0391452 -0.0321433 -0.8458030 -0.5048030 0.1726030 0.0202278 
125 0.1286020 0.1232780 0.9840040 -0.0855959 -0.5186790 0.8540690 -0.0392125 -0.0324273 -0.8452420 -0.5053390 0.1737770 0.0199238 
126 0.1306760 0.1241050 0.9836270 -0.0851089 -0.5187020 0.8540720 -0.0388489 -0.0328907 -0.8449100 -0.5051330 0.1759800 0.0191504 
127 0.1328490 0.1212460 0.9836920 -0.0840914 -0.5162280 0.8557050 -0.0357533 -0.0333194 -0.8460850 -0.5030590 0.1762700 0.0180813 
128 0.1346850 0.1209160 0.9834830 -0.0834179 -0.5152900 0.8563130 -0.0347138 -0.0334706 -0.8463670 -0.5021030 0.1776400 0.0177145 
129 0.1352660 0.1220050 0.9832690 -0.0829177 -0.5154570 0.8561870 -0.0353266 -0.0337016 -0.8461720 -0.5020550 0.1787010 0.0174251 
130 0.1358920 0.1238790 0.9829480 -0.0825665 -0.5178890 0.8546850 -0.0361160 -0.0339580 -0.8445850 -0.5041500 0.1803000 0.0169788 
131 0.1379190 0.1263750 0.9823480 -0.0817410 -0.5224830 0.8518790 -0.0362359 -0.0342122 -0.8414210 -0.5082620 0.1835190 0.0161748 
132 0.1414040 0.1257050 0.9819390 -0.0814988 -0.5234850 0.8513720 -0.0336058 -0.0345205 -0.8402190 -0.5092780 0.1861920 0.0156551 
133 0.1426700 0.1213870 0.9822990 -0.0811824 -0.5246780 0.8508090 -0.0289339 -0.0349284 -0.8392600 -0.5112630 0.1850740 0.0154344 
134 0.1402060 0.1209350 0.9827090 -0.0799931 -0.5222570 0.8522470 -0.0303685 -0.0348228 -0.8411840 -0.5089690 0.1826490 0.0153437 
135 0.1404820 0.1244590 0.9822290 -0.0796750 -0.5214980 0.8525970 -0.0334466 -0.0349891 -0.8416080 -0.5075320 0.1846800 0.0148497 
136 0.1430380 0.1241390 0.9819010 -0.0795895 -0.5214320 0.8526990 -0.0318451 -0.0354305 -0.8412190 -0.5074390 0.1866980 0.0141660 
137 0.1432900 0.1208110 0.9822790 -0.0792258 -0.5206330 0.8532880 -0.0289990 -0.0355807 -0.8416700 -0.5072520 0.1851660 0.0139205 
138 0.1451830 0.1163080 0.9825450 -0.0781957 -0.5183640 0.8548070 -0.0245924 -0.0356783 -0.8427460 -0.5057450 0.1843940 0.0137498 
139 0.1474930 0.1123420 0.9826620 -0.0778370 -0.5167030 0.8559240 -0.0202981 -0.0359575 -0.8433640 -0.5047510 0.1842910 0.0134523 
140 0.1486280 0.1082920 0.9829460 -0.0773223 -0.5161050 0.8563700 -0.0163087 -0.0359444 -0.8435310 -0.5048790 0.1831710 0.0132873 
141 0.1486030 0.1014130 0.9836830 -0.0763161 -0.5152540 0.8569730 -0.0105113 -0.0363583 -0.8440560 -0.5052850 0.1796020 0.0131364 
142 0.1469920 0.0991220 0.9841590 -0.0757902 -0.5138170 0.8578450 -0.0096572 -0.0362930 -0.8452130 -0.5042580 0.1770270 0.0130275 
143 0.1456030 0.0980946 0.9844680 -0.0750245 -0.5133490 0.8581260 -0.0095813 -0.0363089 -0.8457380 -0.5039810 0.1753020 0.0129786 
144 0.1417670 0.0975079 0.9850860 -0.0740220 -0.5138830 0.8577900 -0.0109528 -0.0366425 -0.8460650 -0.5046660 0.1717140 0.0126084 
145 0.1383000 0.0984135 0.9854890 -0.0732428 -0.5142620 0.8575280 -0.0134651 -0.0365403 -0.8464090 -0.5049370 0.1692070 0.0125781 
146 0.1391380 0.0991074 0.9853010 -0.0722414 -0.5157430 0.8566390 -0.0133358 -0.0369353 -0.8453690 -0.5063070 0.1703050 0.0122655 
147 0.1394310 0.0959226 0.9855750 -0.0709748 -0.5197290 0.8542770 -0.0096169 -0.0375598 -0.8428760 -0.5108910 0.1689660 0.0117359 
148 0.1375300 0.0949274 0.9859380 -0.0700755 -0.5197850 0.8542410 -0.0097416 -0.0374046 -0.8431540 -0.5111370 0.1668260 0.0118855 
149 0.1382120 0.0938016 0.9859510 -0.0692561 -0.5203740 0.8538980 -0.0082913 -0.0376575 -0.8426790 -0.5119170 0.1668310 0.0117447 
150 0.1368420 0.0928866 0.9862280 -0.0675466 -0.5246840 0.8512650 -0.0073740 -0.0379266 -0.8402270 -0.5164490 0.1652250 0.0116490 
151 0.1365370 0.0931228 0.9862480 -0.0666957 -0.5262760 0.8502810 -0.0074266 -0.0379949 -0.8392800 -0.5180250 0.1651030 0.0115750 
152 0.1371550 0.0930005 0.9861740 -0.0658336 -0.5266050 0.8500820 -0.0069271 -0.0379651 -0.8389730 -0.5183740 0.1655680 0.0115033 
153 0.1395430 0.0911048 0.9860160 -0.0640199 -0.5261440 0.8503860 -0.0041121 -0.0383407 -0.8388680 -0.5182130 0.1665990 0.0115083 
154 0.1403610 0.0914040 0.9858720 -0.0631239 -0.5250800 0.8510430 -0.0041464 -0.0382861 -0.8393990 -0.5170790 0.1674480 0.0115842 
155 0.1462300 0.0911557 0.9850420 -0.0619373 -0.5265450 0.8501470 -0.0005069 -0.0387734 -0.8374770 -0.5185950 0.1723140 0.0112956 
156 0.1483840 0.0912176 0.9847140 -0.0610740 -0.5267510 0.8500200 0.0006344 -0.0389708 -0.8369680 -0.5187930 0.1741780 0.0112824 
157 0.1529600 0.0939002 0.9837610 -0.0594162 -0.5271630 0.8497640 0.0008554 -0.0391601 -0.8358850 -0.5187330 0.1794800 0.0112880 
158 0.1530200 0.0936858 0.9837720 -0.0586638 -0.5264800 0.8501870 0.0009265 -0.0395522 -0.8363040 -0.5180780 0.1794190 0.0115012 
159 0.1533430 0.0966874 0.9834310 -0.0579437 -0.5235850 0.8519710 -0.0021219 -0.0395177 -0.8380600 -0.5145840 0.1812680 0.0113187 
160 0.1563620 0.0975038 0.9828750 -0.0572657 -0.5221140 0.8528740 -0.0015463 -0.0397018 -0.8384200 -0.5129320 0.1842650 0.0111814 
161 0.1613950 0.0997631 0.9818340 -0.0558994 -0.5214160 0.8533020 -0.0009920 -0.0400290 -0.8379000 -0.5117840 0.1897370 0.0112082 
162 0.1636400 0.0999448 0.9814440 -0.0553770 -0.5207250 0.8537250 -0.0001161 -0.0403010 -0.8378950 -0.5110430 0.1917470 0.0110901 
163 0.1652370 0.0992439 0.9812480 -0.0548043 -0.5190930 0.8547170 0.0009659 -0.0404748 -0.8385940 -0.5095190 0.1927480 0.0110662 
164 0.1750700 0.0963952 0.9798260 -0.0541789 -0.5196650 0.8543250 0.0088026 -0.0415485 -0.8362410 -0.5107220 0.1996600 0.0099887 
165 0.1750380 0.0910493 0.9803430 -0.0538188 -0.5174100 0.8556400 0.0129149 -0.0420069 -0.8376450 -0.5095000 0.1968800 0.0098043 
166 0.1716920 0.0856817 0.9814180 -0.0526466 -0.5132550 0.8581070 0.0148743 -0.0419704 -0.8408870 -0.5062710 0.1913070 0.0096863 
167 0.1689040 0.0881870 0.9816790 -0.0521382 -0.5126750 0.8585110 0.0110864 -0.0415922 -0.8418050 -0.5051550 0.1902170 0.0096096 
168 0.1707770 0.0886366 0.9813150 -0.0516751 -0.5128640 0.8583900 0.0117195 -0.0418360 -0.8413120 -0.5052830 0.1920520 0.0093806 
169 0.1735110 0.0861524 0.9810560 -0.0514960 -0.5126050 0.8584890 0.0152713 -0.0424157 -0.8409100 -0.5055440 0.1931200 0.0088909 
170 0.1741290 0.0852247 0.9810280 -0.0510808 -0.5121400 0.8587470 0.0163013 -0.0424565 -0.8410660 -0.5052620 0.1931800 0.0084248 
171 0.1724030 0.0835980 0.9814730 -0.0500686 -0.5111320 0.8593420 0.0165887 -0.0424924 -0.8420340 -0.5045220 0.1908830 0.0084745 
172 0.1757030 0.0808377 0.9811190 -0.0498349 -0.5113960 0.8590930 0.0207992 -0.0431973 -0.8411910 -0.5053950 0.1922850 0.0078088 
173 0.1749200 0.0796553 0.9813550 -0.0493030 -0.5100360 0.8598940 0.0211139 -0.0429441 -0.8421800 -0.5042190 0.1910400 0.0076122 
174 0.1769200 0.0841004 0.9806260 -0.0482698 -0.5077000 0.8613510 0.0177257 -0.0426075 -0.8431720 -0.5010000 0.1950880 0.0070494 
175 0.1788640 0.0887500 0.9798630 -0.0479279 -0.5092270 0.8605010 0.0150151 -0.0428711 -0.8418410 -0.5016580 0.1991060 0.0067326 
176 0.1876300 0.1000260 0.9771330 -0.0471501 -0.5125070 0.8586180 0.0105177 -0.0430016 -0.8379330 -0.5027620 0.2123670 0.0052403 
177 0.1923080 0.1070590 0.9754770 -0.0467548 -0.5165130 0.8562440 0.0078536 -0.0432569 -0.8344050 -0.5053570 0.2199600 0.0049236 
178 0.2077890 0.1109520 0.9718610 -0.0459412 -0.5190090 0.8546640 0.0133947 -0.0441616 -0.8291280 -0.5071880 0.2351750 0.0033805 
179 0.2174100 0.1098340 0.9698810 -0.0456931 -0.5244990 0.8511480 0.0211844 -0.0448532 -0.8231850 -0.5133070 0.2426560 0.0025840 
180 0.2215730 0.1118160 0.9687120 -0.0445906 -0.5355370 0.8441400 0.0250559 -0.0447437 -0.8149270 -0.5243320 0.2469210 0.0025472 
181 0.2260970 0.1152570 0.9672620 -0.0442412 -0.5390170 0.8419040 0.0256750 -0.0451350 -0.8113820 -0.5271760 0.2524770 0.0019140 
182 0.2315240 0.1164900 0.9658290 -0.0438933 -0.5406960 0.8407450 0.0282099 -0.0455249 -0.8087300 -0.5287520 0.2576390 0.0011974 
183 0.2455370 0.1168340 0.9623210 -0.0428608 -0.5425210 0.8392480 0.0365330 -0.0464505 -0.8033570 -0.5310490 0.2694520 0.0000000 
184 0.2514270 0.1154000 0.9609720 -0.0426495 -0.5436870 0.8382570 0.0415858 -0.0471362 -0.8007430 -0.5329230 0.2735020 -0.0008430 
185 0.2571550 0.1153840 0.9594570 -0.0417855 -0.5455920 0.8368100 0.0455961 -0.0471553 -0.7976220 -0.5351970 0.2781420 -0.0015756 
186 0.2595460 0.1166400 0.9586610 -0.0415675 -0.5483360 0.8349440 0.0468678 -0.0474880 -0.7949610 -0.5378330 0.2806640 -0.0019410 
187 0.2626080 0.1151880 0.9580020 -0.0414071 -0.5485400 0.8346270 0.0500123 -0.0479375 -0.7938140 -0.5386360 0.2823650 -0.0024795 
188 0.2640530 0.1149440 0.9576350 -0.0409617 -0.5462850 0.8360890 0.0502749 -0.0477746 -0.7948890 -0.5364170 0.2835640 -0.0027969 
189 0.2634450 0.1146490 0.9578370 -0.0406629 -0.5449370 0.8370030 0.0496947 -0.0478458 -0.7960160 -0.5350530 0.2829800 -0.0026870 
190 0.2715980 0.1125560 0.9558060 -0.0401099 -0.5419730 0.8385780 0.0552533 -0.0488061 -0.7952990 -0.5330280 0.2887580 -0.0038437 
191 0.2798540 0.1117280 0.9535190 -0.0392352 -0.5308690 0.8455530 0.0567304 -0.0485300 -0.7999130 -0.5220700 0.2959440 -0.0049574 
192 0.2825650 0.1153270 0.9522900 -0.0388280 -0.5309310 0.8456200 0.0551307 -0.0484250 -0.7989170 -0.5211790 0.3001730 -0.0049063 
193 0.2830920 0.1163470 0.9520100 -0.0385681 -0.5334150 0.8440330 0.0554666 -0.0489833 -0.7970750 -0.5235180 0.3010000 -0.0046923 
194 0.2866050 0.1170230 0.9508750 -0.0382223 -0.5315500 0.8451600 0.0562028 -0.0492077 -0.7970650 -0.5215460 0.3044300 -0.0052792 
195 0.2901370 0.1174810 0.9497470 -0.0377218 -0.5288610 0.8468050 0.0568140 -0.0491738 -0.7975750 -0.5187680 0.3078210 -0.0053973 
196 0.2957590 0.1115900 0.9487220 -0.0369519 -0.5258110 0.8481780 0.0641552 -0.0500037 -0.7975270 -0.5178240 0.3095320 -0.0057094 
197 0.2963880 0.1108620 0.9486120 -0.0362880 -0.5219740 0.8505810 0.0636816 -0.0495933 -0.7998110 -0.5140250 0.3099690 -0.0057904 
198 0.2988340 0.1087540 0.9480880 -0.0357050 -0.5196250 0.8518360 0.0660706 -0.0498040 -0.8004300 -0.5123950 0.3110690 -0.0058348 
199 0.3002540 0.1068000 0.9478610 -0.0351317 -0.5188310 0.8521410 0.0683356 -0.0500045 -0.8004140 -0.5122980 0.3112700 -0.0059554 
200 0.3007310 0.1049060 0.9479220 -0.0345554 -0.5200080 0.8512240 0.0707691 -0.0503336 -0.7994700 -0.5142100 0.3105420 -0.0062274 
201 0.2986280 0.1032800 0.9487650 -0.0338290 -0.5207170 0.8507480 0.0712880 -0.0502967 -0.7997970 -0.5153270 0.3078360 -0.0061790 
202 0.3006880 0.1061400 0.9477980 -0.0324252 -0.5231210 0.8493080 0.0708497 -0.0503690 -0.7974530 -0.5171170 0.3109010 -0.0065476 
203 0.2941620 0.1115870 0.9492190 -0.0308715 -0.5228950 0.8501320 0.0621056 -0.0503957 -0.8000310 -0.5146110 0.3084240 -0.0066890 
204 0.2921010 0.1113020 0.9498890 -0.0302138 -0.5239960 0.8494900 0.0615969 -0.0507309 -0.8000660 -0.5157310 0.3064590 -0.0070288 
205 0.2863230 0.1117130 0.9515980 -0.0292457 -0.5240650 0.8497060 0.0579326 -0.0505321 -0.8021060 -0.5152870 0.3018360 -0.0068585 
206 0.2853130 0.1103480 0.9520610 -0.0285494 -0.5227840 0.8504840 0.0580930 -0.0508506 -0.8033020 -0.5142970 0.3003420 -0.0073202 
207 0.2839250 0.1077930 0.9527680 -0.0276228 -0.5212300 0.8513740 0.0590047 -0.0508397 -0.8048020 -0.5133650 0.2979110 -0.0073797 
208 0.2788970 0.1093200 0.9540780 -0.0265674 -0.5203110 0.8522400 0.0544466 -0.0504035 -0.8071510 -0.5116020 0.2945670 -0.0069713 
209 0.2821960 0.1141960 0.9525360 -0.0247643 -0.5190190 0.8532120 0.0514744 -0.0508983 -0.8068370 -0.5089100 0.3000430 -0.0085053 
210 0.2814170 0.1148950 0.9526820 -0.0240191 -0.5166530 0.8547610 0.0495308 -0.0509102 -0.8086250 -0.5061450 0.2999060 -0.0092326 
211 0.2783750 0.1145480 0.9536170 -0.0232837 -0.5138570 0.8565810 0.0471105 -0.0508744 -0.8114540 -0.5031380 0.2973120 -0.0090127 
212 0.2766370 0.1134820 0.9542500 -0.0225118 -0.5110210 0.8583330 0.0460694 -0.0509495 -0.8138360 -0.5003870 0.2954380 -0.0088841 
213 0.2741980 0.1094910 0.9554200 -0.0218380 -0.5080250 0.8600460 0.0472381 -0.0511097 -0.8165330 -0.4983300 0.2914480 -0.0088297 
214 0.2701540 0.1090700 0.9566190 -0.0209766 -0.5066910 0.8609560 0.0449288 -0.0508653 -0.8187070 -0.4968480 0.2878550 -0.0086721 
215 0.2627970 0.1123330 0.9582900 -0.0200603 -0.5067420 0.8612590 0.0380078 -0.0503796 -0.8210660 -0.4955940 0.2832610 -0.0078378 
216 0.2648140 0.1158680 0.9573130 -0.0190989 -0.5017090 0.8643620 0.0341657 -0.0507939 -0.8235060 -0.4893400 0.2870270 -0.0083430 
217 0.2655820 0.1139880 0.9573260 -0.0187514 -0.5013340 0.8644990 0.0361452 -0.0510288 -0.8234870 -0.4895400 0.2867410 -0.0084758 
218 0.2636090 0.1138480 0.9578880 -0.0180821 -0.4998890 0.8653940 0.0347136 -0.0508054 -0.8249980 -0.4879880 0.2850370 -0.0082360 
219 0.2711000 0.1179730 0.9552940 -0.0173026 -0.5002200 0.8651860 0.0351110 -0.0509670 -0.8223650 -0.4873760 0.2935640 -0.0090974 
220 0.2723700 0.1160530 0.9551680 -0.0168822 -0.4974360 0.8667310 0.0365381 -0.0511940 -0.8236330 -0.4850870 0.2938010 -0.0089893 
221 0.2723880 0.1229950 0.9542940 -0.0159468 -0.4987350 0.8662100 0.0307132 -0.0507260 -0.8228420 -0.4843050 0.2972870 -0.0088939 
222 0.2740900 0.1261570 0.9533930 -0.0157867 -0.5000000 0.8655320 0.0292142 -0.0509782 -0.8215070 -0.4847040 0.3003120 -0.0088514 
223 0.2765830 0.1247370 0.9528600 -0.0157152 -0.5019540 0.8642810 0.0325590 -0.0513255 -0.8194780 -0.4872970 0.3016570 -0.0090162 
224 0.2767620 0.1244960 0.9528400 -0.0154569 -0.5041440 0.8629620 0.0336813 -0.0513469 -0.8180720 -0.4896900 0.3015990 -0.0091199 
225 0.2768900 0.1230130 0.9529950 -0.0150220 -0.5029770 0.8636040 0.0346644 -0.0511943 -0.8187470 -0.4889330 0.3009950 -0.0089046 
226 0.2780950 0.1243150 0.9524750 -0.0146977 -0.5049800 0.8624260 0.0348777 -0.0511261 -0.8171040 -0.4906800 0.3026130 -0.0087293 
227 0.2726750 0.1303290 0.9532380 -0.0145592 -0.5144830 0.8569760 0.0300009 -0.0514443 -0.8129920 -0.4986050 0.3007280 -0.0086790 
228 0.2702840 0.1305890 0.9538830 -0.0142729 -0.5111210 0.8590780 0.0272172 -0.0512381 -0.8159050 -0.4949060 0.2989420 -0.0085362 
229 0.2669260 0.1352370 0.9541810 -0.0140616 -0.5128490 0.8582010 0.0218324 -0.0510824 -0.8159270 -0.4951780 0.2984320 -0.0083365 
230 0.2655800 0.1394630 0.9539480 -0.0142013 -0.5154890 0.8567020 0.0182667 -0.0513715 -0.8147020 -0.4966010 0.2994140 -0.0087652 
231 0.2639060 0.1394780 0.9544110 -0.0141143 -0.5140710 0.8575830 0.0168196 -0.0514688 -0.8161400 -0.4950730 0.2980220 -0.0087972 
232 0.2632530 0.1403700 0.9544600 -0.0137603 -0.5103380 0.8598550 0.0143015 -0.0511126 -0.8186900 -0.4908620 0.2979960 -0.0085878 
233 0.2703230 0.1470650 0.9514710 -0.0134715 -0.5057750 0.8626030 0.0103674 -0.0510761 -0.8192180 -0.4840330 0.3075630 -0.0088303 
234 0.2759020 0.1475910 0.9497870 -0.0134333 -0.5039610 0.8636400 0.0121908 -0.0511795 -0.8184750 -0.4820190 0.3126600 -0.0090746 
235 0.2817880 0.1517890 0.9473940 -0.0130632 -0.5022840 0.8646350 0.0108673 -0.0508310 -0.8175000 -0.4789230 0.3198850 -0.0089891 
236 0.2933620 0.1541770 0.9434870 -0.0129466 -0.4985000 0.8667870 0.0133569 -0.0509734 -0.8157430 -0.4742470 0.3311390 -0.0093858 
237 0.3059920 0.1546640 0.9393870 -0.0129135 -0.4931780 0.8697530 0.0174466 -0.0509774 -0.8143360 -0.4686240 0.3424150 -0.0096259 
238 0.3166440 0.1559010 0.9356450 -0.0131946 -0.4927370 0.8699050 0.0218069 -0.0512029 -0.8105220 -0.4679320 0.3522680 -0.0099175 
239 0.3242530 0.1572750 0.9328050 -0.0133065 -0.4941060 0.8690350 0.0252340 -0.0513343 -0.8066710 -0.4690870 0.3594980 -0.0100908 
240 0.3347930 0.1569060 0.9291360 -0.0133001 -0.4927460 0.8696320 0.0306926 -0.0513889 -0.8031910 -0.4681040 0.3684610 -0.0104795 
241 0.3593710 0.1526200 0.9206300 -0.0132606 -0.4915530 0.8695390 0.0477291 -0.0516080 -0.7932390 -0.4696910 0.3875080 -0.0109425 
242 0.3689600 0.1521500 0.9169070 -0.0134867 -0.4932440 0.8681870 0.0544147 -0.0518341 -0.7877680 -0.4723360 0.3953740 -0.0114544 
243 0.3764430 0.1532910 0.9136700 -0.0135204 -0.4964660 0.8660320 0.0592514 -0.0518617 -0.7821840 -0.4759110 0.4021150 -0.0115552 
244 0.3839240 0.1570880 0.9099040 -0.0135389 -0.4994750 0.8641380 0.0615608 -0.0517111 -0.7766130 -0.4781090 0.4102250 -0.0117552 
245 0.3912000 0.1618980 0.9059540 -0.0135741 -0.5003560 0.8636170 0.0617267 -0.0515647 -0.7724030 -0.4774460 0.4188530 -0.0118294 
246 0.4016000 0.1648100 0.9008640 -0.0138931 -0.4987290 0.8643780 0.0641955 -0.0518810 -0.7681060 -0.4750680 0.4293290 -0.0123771 
247 0.4092720 0.1660460 0.8971760 -0.0145209 -0.5005330 0.8629940 0.0686119 -0.0523019 -0.7628650 -0.4771470 0.4363110 -0.0128605 
248 0.4152090 0.1700370 0.8936940 -0.0148730 -0.5058370 0.8596650 0.0714487 -0.0523567 -0.7561280 -0.4817300 0.4429520 -0.0133722 
249 0.4230460 0.1722890 0.8895780 -0.0150807 -0.5097250 0.8569350 0.0764377 -0.0524446 -0.7491410 -0.4857770 0.4503430 -0.0138081 
250 0.4338510 0.1712160 0.8845670 -0.0153345 -0.5111030 0.8552930 0.0851293 -0.0524846 -0.7419880 -0.4890390 0.4585790 -0.0144092 
251 0.4454660 0.1719930 0.8786230 -0.0152132 -0.5124800 0.8536790 0.0927198 -0.0524421 -0.7341140 -0.4915800 0.4684280 -0.0145694 
252 0.4547520 0.1746610 0.8733240 -0.0154701 -0.5147490 0.8517570 0.0976892 -0.0524764 -0.7267970 -0.4939660 0.4772450 -0.0145480 
253 0.4622560 0.1775870 0.8687820 -0.0157895 -0.5161490 0.8505500 0.1007690 -0.0525284 -0.7210470 -0.4950020 0.4848330 -0.0147129 
254 0.4713740 0.1786120 0.8636570 -0.0162151 -0.5153290 0.8504900 0.1053720 -0.0526528 -0.7157110 -0.4947380 0.4929430 -0.0152595 
255 0.4787710 0.1796000 0.8593730 -0.0166946 -0.5156750 0.8497320 0.1097060 -0.0527049 -0.7105330 -0.4956810 0.4994430 -0.0154332 
256 0.4887030 0.1830920 0.8530220 -0.0166541 -0.5153140 0.8495340 0.1128850 -0.0526913 -0.7040030 -0.4947420 0.5095200 -0.0157244 
257 0.4994230 0.1863190 0.8460860 -0.0168380 -0.5147780 0.8493260 0.1168270 -0.0527863 -0.6968360 -0.4938930 0.5200860 -0.0160103 
258 0.5080510 0.1876420 0.8406390 -0.0173849 -0.5151820 0.8483540 0.1219930 -0.0528983 -0.6902690 -0.4950610 0.5276770 -0.0162234 
259 0.5169890 0.1879510 0.8351030 -0.0174330 -0.5144320 0.8479810 0.1276210 -0.0529217 -0.6841650 -0.4955820 0.5350850 -0.0163353 
260 0.5269340 0.1894840 0.8285140 -0.0174661 -0.5126400 0.8483950 0.1320080 -0.0529452 -0.6778940 -0.4942890 0.5441850 -0.0165627 
261 0.5353560 0.1899600 0.8229880 -0.0178428 -0.5117140 0.8481460 0.1371040 -0.0530453 -0.6719690 -0.4945340 0.5512650 -0.0167451 
262 0.5422730 0.1903790 0.8183490 -0.0181263 -0.5125260 0.8467420 0.1426380 -0.0531226 -0.6657750 -0.4967740 0.5567390 -0.0166652 
263 0.5504020 0.1916590 0.8126040 -0.0181457 -0.5119440 0.8463230 0.1471440 -0.0531470 -0.6595240 -0.4969960 0.5639360 -0.0167546 
264 0.5601450 0.1919050 0.8058600 -0.0182174 -0.5090410 0.8472010 0.1520800 -0.0531797 -0.6535400 -0.4954020 0.5722420 -0.0170150 
265 0.5678430 0.1936900 0.8000240 -0.0182973 -0.5083080 0.8469780 0.1557300 -0.0531637 -0.6474390 -0.4950880 0.5794050 -0.0170450 
266 0.5736740 0.1957660 0.7953450 -0.0185124 -0.5083170 0.8464980 0.1582860 -0.0532031 -0.6422710 -0.4950920 0.5851250 -0.0171334 
267 0.5805710 0.1960850 0.7902450 -0.0185875 -0.5070700 0.8464480 0.1625000 -0.0532862 -0.6370380 -0.4950520 0.5908520 -0.0172304 
268 0.5952860 0.1984390 0.7786250 -0.0187123 -0.5049890 0.8461310 0.1704380 -0.0533087 -0.6249970 -0.4946560 0.6038990 -0.0173179 
269 0.6011150 0.1995180 0.7738560 -0.0189095 -0.5044620 0.8457610 0.1737980 -0.0533506 -0.6198220 -0.4948540 0.6090490 -0.0173862 
270 0.6077020 0.2003260 0.7684840 -0.0189385 -0.5033790 0.8456110 0.1776310 -0.0533113 -0.6142540 -0.4947850 0.6147190 -0.0173018 
271 0.6153500 0.2029140 0.7616890 -0.0188872 -0.5016720 0.8461500 0.1798740 -0.0532840 -0.6080050 -0.4928040 0.6224750 -0.0172938 
272 0.6205120 0.2033270 0.7573790 -0.0193682 -0.5006340 0.8460910 0.1830210 -0.0533516 -0.6035980 -0.4927360 0.6268020 -0.0173057 
273 0.6261260 0.2034430 0.7527130 -0.0193596 -0.5002200 0.8453270 0.1876210 -0.0533785 -0.5981190 -0.4939960 0.6310480 -0.0173469 
274 0.6341150 0.2046100 0.7456760 -0.0190196 -0.4978570 0.8459060 0.1912600 -0.0533607 -0.5916380 -0.4925210 0.6382690 -0.0173145 
275 0.6401900 0.2057190 0.7401600 -0.0192952 -0.4959770 0.8464490 0.1937270 -0.0533843 -0.5866550 -0.4911250 0.6439200 -0.0172895 
276 0.6439420 0.2064520 0.7366930 -0.0196132 -0.4962960 0.8455410 0.1968550 -0.0533497 -0.5822630 -0.4923810 0.6469400 -0.0173326 
277 0.6492100 0.2071080 0.7318690 -0.0193415 -0.4959430 0.8448050 0.2008630 -0.0533791 -0.5766860 -0.4933670 0.6511690 -0.0172436 
278 0.6559490 0.2072150 0.7258050 -0.0193345 -0.4932720 0.8455190 0.2044030 -0.0534359 -0.5713270 -0.4920970 0.6568310 -0.0171564 
279 0.6598890 0.2069450 0.7223020 -0.0197054 -0.4918000 0.8457470 0.2069910 -0.0533005 -0.5680490 -0.4918190 0.6598740 -0.0169172 
280 0.6636450 0.2084580 0.7184150 -0.0196421 -0.4923940 0.8447210 0.2097480 -0.0532623 -0.5631370 -0.4929420 0.6632380 -0.0169309 
281 0.6689030 0.2089250 0.7133850 -0.0194890 -0.4911050 0.8446270 0.2131220 -0.0533598 -0.5580180 -0.4929050 0.6675780 -0.0167585 
282 0.6742890 0.2101240 0.7079420 -0.0196214 -0.4894740 0.8449950 0.2154040 -0.0533190 -0.5529460 -0.4917640 0.6726210 -0.0168254 
283 0.6792140 0.2105910 0.7030790 -0.0196571 -0.4883240 0.8448120 0.2187060 -0.0532891 -0.5479120 -0.4918780 0.6766450 -0.0168258 
284 0.6835880 0.2119990 0.6984010 -0.0195570 -0.4879580 0.8443460 0.2213070 -0.0532561 -0.5427750 -0.4920730 0.6806310 -0.0166916 
285 0.6883910 0.2133080 0.6932660 -0.0196372 -0.4867350 0.8444800 0.2234780 -0.0532323 -0.5377800 -0.4912770 0.6851570 -0.0167262 
286 0.6939720 0.2124510 0.6879450 -0.0197410 -0.4843050 0.8447570 0.2276710 -0.0532564 -0.5327770 -0.4911720 0.6891290 -0.0167854 
287 0.6991760 0.2123400 0.6826890 -0.0196299 -0.4829860 0.8443250 0.2320360 -0.0532290 -0.5271410 -0.4919630 0.6928890 -0.0166379 
288 0.7041120 0.2134380 0.6772530 -0.0195269 -0.4819070 0.8441240 0.2349910 -0.0532049 -0.5215290 -0.4918330 0.6972150 -0.0165042 
289 0.7092760 0.2140390 0.6716510 -0.0195941 -0.4799930 0.8444330 0.2377820 -0.0532085 -0.5162700 -0.4910400 0.7016730 -0.0165033 
290 0.7151210 0.2126350 0.6658740 -0.0193541 -0.4772490 0.8445440 0.2428560 -0.0529681 -0.5107200 -0.4914590 0.7054310 -0.0155794 
291 0.7209270 0.2145100 0.6589760 -0.0193164 -0.4759350 0.8444340 0.2457980 -0.0529270 -0.5037360 -0.4908320 0.7108690 -0.0155500 
292 0.7263290 0.2155680 0.6526690 -0.0194264 -0.4742570 0.8444810 0.2488610 -0.0529178 -0.4975200 -0.4902880 0.7156060 -0.0155412 
293 0.7323320 0.2160360 0.6457700 -0.0195077 -0.4720340 0.8445670 0.2527660 -0.0529393 -0.4907890 -0.4899340 0.7204800 -0.0155588 
294 0.7387240 0.2169700 0.6381310 -0.0193665 -0.4699930 0.8444380 0.2569650 -0.0529072 -0.4831090 -0.4897430 0.7257810 -0.0153351 
295 0.7450740 0.2185240 0.6301680 -0.0194293 -0.4679920 0.8444700 0.2604890 -0.0529290 -0.4752350 -0.4889980 0.7314600 -0.0152853 
296 0.7508220 0.2201380 0.6227410 -0.0196117 -0.4664610 0.8442380 0.2639620 -0.0528963 -0.4676340 -0.4886720 0.7365580 -0.0153626 
297 0.7567680 0.2206220 0.6153280 -0.0195842 -0.4644610 0.8438580 0.2686620 -0.0528968 -0.4599770 -0.4891110 0.7410750 -0.0151997 
298 0.7635710 0.2209420 0.6067480 -0.0195209 -0.4609030 0.8445840 0.2724830 -0.0528735 -0.4522470 -0.4877120 0.7467330 -0.0150277 
299 0.7697840 0.2223740 0.5983160 -0.0198164 -0.4581220 0.8451880 0.2752840 -0.0528072 -0.4444740 -0.4860100 0.7524870 -0.0151339 
300 0.7805620 0.2229430 0.5839680 -0.0200931 -0.4532400 0.8452240 0.2831420 -0.0527092 -0.4304600 -0.4856880 0.7607970 -0.0152049 
301 0.7870530 0.2231380 0.5751150 -0.0197458 -0.4493360 0.8461310 0.2866350 -0.0526751 -0.4226630 -0.4840160 0.7662140 -0.0148155 
302 0.7918200 0.2243440 0.5680590 -0.0202023 -0.4468660 0.8468220 0.2884520 -0.0526613 -0.4163320 -0.4822480 0.7707820 -0.0150900 
303 0.7968690 0.2255130 0.5604860 -0.0201575 -0.4447960 0.8468080 0.2916720 -0.0526108 -0.4088480 -0.4817260 0.7751020 -0.0151042 
304 0.8013780 0.2263640 0.5536720 -0.0200524 -0.4419540 0.8478180 0.2930550 -0.0525839 -0.4030760 -0.4795450 0.7794650 -0.0150409 
305 0.8056740 0.2235920 0.5485400 -0.0203003 -0.4368790 0.8496530 0.2953410 -0.0527486 -0.4000330 -0.4775940 0.7822260 -0.0151744 
306 0.8106430 0.2201270 0.5425890 -0.0203163 -0.4312810 0.8512310 0.2990040 -0.0528474 -0.3960490 -0.4763930 0.7849800 -0.0151997 
