13 0.998921 -0.00227389 0.0463935 -0.0263875 -0.00169018 0.99636 0.085227 0.00833254 -0.0464184 -0.0852134 0.995281 -0.00431171
14 0.998695 0.00151228 0.0510509 -0.0268847 -0.00653052 0.995138 0.0982758 0.00870889 -0.050654 -0.0984809 0.993849 -0.00316801
15 0.998569 0.00324907 0.0533723 -0.0234067 -0.00914256 0.993828 0.110553 0.00604093 -0.0526837 -0.110883 0.992436 0.00281113
16 0.998441 0.000232646 0.0558233 -0.0238674 -0.00679247 0.993067 0.11735 0.00570697 -0.055409 -0.117546 0.99152 -0.000413176
17 0.997995 0.00215564 0.0632575 -0.0261307 -0.0100176 0.992202 0.124233 0.00594219 -0.0624965 -0.124618 0.990235 0.00191305
18 0.997576 0.00512836 0.0694028 -0.0279499 -0.0142715 0.991161 0.131895 0.00503339 -0.0681129 -0.132565 0.988831 0.00222014
19 0.997335 0.00858121 0.0724466 -0.0317047 -0.0186514 0.990047 0.139495 0.00551792 -0.0705285 -0.140474 0.987569 0.002063
20 0.997381 0.0125512 0.0712269 -0.0330362 -0.0231038 0.988518 0.149329 0.00324179 -0.0685348 -0.150583 0.986219 0.00241535
21 0.997346 0.0184092 0.0704361 -0.0357093 -0.0291392 0.987565 0.154488 0.0023617 -0.0667162 -0.156131 0.985481 0.00387952
22 0.997462 0.0265771 0.0660595 -0.0382467 -0.0368173 0.986593 0.158995 0.00245715 -0.0609482 -0.161023 0.985067 0.00540102
23 0.997324 0.0348519 0.0642682 -0.042792 -0.0449436 0.985609 0.162956 0.00157138 -0.0576639 -0.165408 0.984538 0.00534378
24 0.996267 0.0443964 0.0740376 -0.0529885 -0.0560184 0.985012 0.163136 0.00468041 -0.0656853 -0.166674 0.983822 0.00786137
25 0.996414 0.0507914 0.0676744 -0.056264 -0.0616864 0.983492 0.170112 0.00491973 -0.057917 -0.173677 0.983098 0.00884933
26 0.996406 0.0552209 0.0642352 -0.0604999 -0.065893 0.981804 0.178096 0.00260293 -0.0532318 -0.181688 0.981914 0.00987822
27 0.996538 0.0572128 0.0603217 -0.0653652 -0.0673403 0.980977 0.18207 0.000504125 -0.0487574 -0.185501 0.981434 0.0107876
28 0.995338 0.0600629 0.0754632 -0.0748967 -0.0728728 0.980878 0.180468 0.00149732 -0.0631807 -0.185126 0.980682 0.0161761
29 0.995248 0.0632295 0.0740444 -0.0787047 -0.0755818 0.981104 0.17811 0.00181568 -0.0613834 -0.18286 0.981221 0.0184088
30 0.995082 0.0666163 0.0733033 -0.0845761 -0.0786804 0.981166 0.176416 0.00193548 -0.0601705 -0.181316 0.981582 0.0194093
31 0.995162 0.0699343 0.0690071 -0.0886303 -0.0811818 0.980923 0.176632 0.00278979 -0.0553381 -0.18138 0.981855 0.0209143
32 0.994008 0.0761946 0.0783792 -0.0939015 -0.0889754 0.980501 0.175217 0.00487401 -0.0635004 -0.18114 0.981405 0.0261022
33 0.99344 0.0823924 0.0792975 -0.0996088 -0.0953756 0.979566 0.177069 0.00427347 -0.0630879 -0.183471 0.980999 0.0284091
34 0.993116 0.0865881 0.0788832 -0.105759 -0.0993793 0.97933 0.176171 0.00379852 -0.0619984 -0.182797 0.981194 0.0293283
35 0.99322 0.0906491 0.0727724 -0.106563 -0.102067 0.979669 0.172718 0.00604754 -0.0556361 -0.178975 0.982279 0.0310861
36 0.992842 0.0925179 0.0755276 -0.111988 -0.1045 0.97913 0.174308 0.0069519 -0.0578247 -0.180953 0.98179 0.0312339
37 0.992731 0.0926005 0.0768739 -0.116184 -0.105175 0.978006 0.180119 0.00712447 -0.0585041 -0.186895 0.980636 0.0323129
38 0.992744 0.0903514 0.0793422 -0.120281 -0.103675 0.977412 0.184166 0.00590789 -0.0609104 -0.191055 0.979688 0.0333356
39 0.992805 0.0867892 0.0824962 -0.123598 -0.10062 0.978166 0.181845 0.00586057 -0.0649127 -0.188838 0.979861 0.0349676
40 0.992138 0.0897045 0.0872712 -0.131741 -0.104128 0.978508 0.177988 0.00651375 -0.0694292 -0.185676 0.980155 0.0335257
41 0.991848 0.0874305 0.0926993 -0.136327 -0.103045 0.978279 0.179864 0.00727347 -0.0749602 -0.18795 0.979314 0.0331002
42 0.99236 0.0832696 0.0910417 -0.136708 -0.0989554 0.977893 0.184207 0.00688295 -0.0736903 -0.191808 0.978662 0.0340272
43 0.992628 0.0796888 0.0913156 -0.139928 -0.095597 0.977936 0.185749 0.00684279 -0.0744987 -0.19311 0.978345 0.0336203
44 0.99242 0.0805517 0.0928117 -0.143407 -0.0970481 0.977023 0.189756 0.00621973 -0.075394 -0.197325 0.977435 0.0338749
45 0.992217 0.0814738 0.0941696 -0.149093 -0.0982901 0.97674 0.190574 0.00647771 -0.0764524 -0.198347 0.977146 0.0342789
46 0.992543 0.0780385 0.0936363 -0.154829 -0.0951182 0.976256 0.194617 0.0063893 -0.0762254 -0.202073 0.9764 0.0347308
47 0.993024 0.0789741 0.087554 -0.15752 -0.0952265 0.975045 0.20055 0.00492835 -0.0695308 -0.207488 0.975763 0.0348302
48 0.993051 0.0806677 0.085691 -0.16225 -0.0965543 0.974753 0.20133 0.00412074 -0.0672867 -0.208205 0.975768 0.0351858
49 0.993507 0.0806467 0.0802491 -0.166528 -0.0953048 0.97517 0.199899 0.00423594 -0.0621353 -0.20625 0.976525 0.0344083
50 0.99367 0.0847509 0.0737341 -0.168088 -0.0981672 0.97421 0.203172 0.00320259 -0.0546135 -0.209124 0.976363 0.032124
51 0.993846 0.0851293 0.0708773 -0.176293 -0.0977579 0.974954 0.199769 0.00353863 -0.0520958 -0.205469 0.977276 0.029755
52 0.994194 0.0859401 0.0647469 -0.17901 -0.0976976 0.973132 0.208493 0.00198235 -0.0450893 -0.213609 0.975878 0.0287026
53 0.993971 0.090993 0.0611725 -0.181454 -0.102013 0.971983 0.21176 0.00191479 -0.04019 -0.216724 0.975405 0.0280732
54 0.99375 0.0942829 0.0597583 -0.184452 -0.105101 0.970642 0.216351 0.000914765 -0.0376057 -0.22128 0.974485 0.0257952
55 0.993049 0.0993905 0.0630492 -0.18969 -0.111024 0.968848 0.221377 -0.00134433 -0.0390823 -0.226838 0.973148 0.0265194
56 0.992676 0.106458 0.0571118 -0.196425 -0.116416 0.969271 0.216706 -0.00130842 -0.0322867 -0.221767 0.974565 0.0205542
57 0.992576 0.108538 0.0548788 -0.198829 -0.118149 0.967558 0.223321 -0.00340256 -0.0288597 -0.228147 0.973199 0.0181767
58 0.991292 0.117756 0.0589471 -0.205153 -0.128197 0.9653 0.227512 -0.00743514 -0.0301108 -0.233087 0.97199 0.0188352
59 0.990224 0.126913 0.0578752 -0.212468 -0.136254 0.968894 0.206588 -0.0076291 -0.0298562 -0.212454 0.976715 0.0109671
60 0.989697 0.12953 0.0610032 -0.218373 -0.139298 0.969617 0.201093 -0.0119077 -0.0331021 -0.207519 0.977671 0.00956482
61 0.990281 0.126093 0.0586884 -0.222194 -0.13481 0.974001 0.182067 -0.0120064 -0.0342052 -0.188209 0.981533 0.00491479
62 0.99215 0.10978 0.0598931 -0.229478 -0.118192 0.979644 0.162263 -0.0138112 -0.0408606 -0.168068 0.984928 -0.00204612
63 0.992099 0.107711 0.0643304 -0.234835 -0.116419 0.981492 0.152055 -0.0162825 -0.0467617 -0.158343 0.986276 -0.00676535
64 0.992908 0.0976734 0.0677757 -0.243088 -0.106142 0.985101 0.135311 -0.0163311 -0.0535496 -0.141546 0.988482 -0.013282
65 0.994132 0.0859373 0.0657038 -0.246559 -0.0935451 0.987967 0.123172 -0.0149058 -0.0543281 -0.128596 0.990208 -0.0153217
66 0.995208 0.0742486 0.0636329 -0.255328 -0.0805619 0.991394 0.103188 -0.0153802 -0.0554236 -0.10782 0.992624 -0.0172665
67 0.995531 0.0709515 0.0623268 -0.258174 -0.0767522 0.992396 0.0962202 -0.0163963 -0.0550259 -0.100574 0.993407 -0.0192002
68 0.9954 0.0764783 0.057714 -0.2628 -0.0807527 0.99385 0.0757741 -0.0187447 -0.0515639 -0.080086 0.995453 -0.0235102
69 0.994559 0.0883706 0.0551644 -0.264102 -0.0918495 0.993709 0.0640841 -0.0196258 -0.0491542 -0.0688023 0.996419 -0.0231185
70 0.994349 0.0877571 0.0597429 -0.271958 -0.0903948 0.994978 0.0429775 -0.0201259 -0.0556713 -0.048135 0.997288 -0.0245665
71 0.996237 0.0683524 0.0532896 -0.27771 -0.0698927 0.997173 0.0275951 -0.0198257 -0.0512528 -0.0312158 0.998198 -0.02305
72 0.996345 0.0681938 0.0514457 -0.278767 -0.0693771 0.997357 0.0215738 -0.0223142 -0.0498386 -0.0250641 0.998443 -0.0232581
73 0.997148 0.0517288 0.0549528 -0.284449 -0.0526636 0.998489 0.0156994 -0.0231301 -0.0540577 -0.0185487 0.998366 -0.022217
74 0.997736 0.0331717 0.0585089 -0.287167 -0.0336527 0.999407 0.00725467 -0.0249439 -0.0582336 -0.00920723 0.998261 -0.0225314
75 0.997374 0.0288347 0.0664296 -0.291607 -0.0287948 0.999584 -0.00155834 -0.0248159 -0.0664469 -0.00035858 0.99779 -0.019377
76 0.997126 0.0262671 0.0710632 -0.289534 -0.0251055 0.999537 -0.0171902 -0.0291912 -0.0714819 0.0153567 0.997324 -0.020476
77 0.99434 0.0306526 0.101726 -0.292775 -0.0284066 0.999321 -0.0234549 -0.0318943 -0.102376 0.0204325 0.994536 -0.0202638
78 0.993105 0.0285302 0.113707 -0.296265 -0.0253584 0.999251 -0.0292441 -0.0329969 -0.114456 0.0261591 0.993084 -0.0167338
79 0.991241 0.0278774 0.129092 -0.295877 -0.0221309 0.998708 -0.0457373 -0.035952 -0.1302 0.0424797 0.990577 -0.0166718
80 0.987294 0.0284771 0.156334 -0.297904 -0.0193603 0.998039 -0.0595323 -0.0393048 -0.157723 0.0557492 0.985908 -0.0174855
81 0.9859 0.025099 0.165441 -0.298943 -0.0149303 0.997938 -0.0624245 -0.04197 -0.166666 0.0590742 0.984242 -0.0188701
82 0.983535 0.0192082 0.179692 -0.299271 -0.00462405 0.996685 -0.0812309 -0.0435237 -0.180657 0.0790625 0.980363 -0.020229
83 0.981721 0.0239611 0.188813 -0.299918 -0.00521199 0.995056 -0.099177 -0.0431102 -0.190256 0.0963801 0.976992 -0.0208917
84 0.978468 0.0350708 0.203397 -0.299163 -0.0103515 0.992556 -0.121345 -0.0434277 -0.206139 0.116626 0.971548 -0.0233793
85 0.97096 0.0590053 0.231851 -0.300136 -0.0274932 0.990208 -0.136866 -0.0504147 -0.237657 0.126517 0.963074 -0.0318669
86 0.967775 0.0611056 0.244289 -0.299943 -0.0273924 0.9899 -0.139093 -0.0510318 -0.250321 0.127919 0.959675 -0.0319301
87 0.970208 0.0632062 0.233883 -0.300508 -0.0294585 0.988983 -0.145068 -0.0505672 -0.240476 0.133856 0.961381 -0.0311263
88 0.969365 0.0675411 0.236158 -0.301279 -0.0328969 0.988489 -0.147674 -0.0530906 -0.243414 0.135382 0.960428 -0.0314535
89 0.965201 0.0774839 0.249765 -0.301105 -0.039896 0.987546 -0.152188 -0.0552576 -0.258446 0.136928 0.956272 -0.0327584
90 0.965486 0.0752014 0.249361 -0.300609 -0.0390733 0.988396 -0.146791 -0.0580224 -0.257506 0.131981 0.957221 -0.0337938
91 0.967854 0.069419 0.241742 -0.300093 -0.0359654 0.989477 -0.140146 -0.0592684 -0.248927 0.126947 0.960167 -0.034013
92 0.967796 0.0697361 0.241883 -0.299483 -0.036919 0.989793 -0.137646 -0.0595161 -0.249013 0.124283 0.960493 -0.0346826
93 0.96642 0.0639525 0.248882 -0.299811 -0.0282859 0.989125 -0.144329 -0.0606857 -0.255406 0.132442 0.95772 -0.0316952
94 0.96593 0.0611806 0.251466 -0.299392 -0.0234146 0.98833 -0.150516 -0.0613499 -0.25774 0.1395 0.956091 -0.0317629
95 0.967272 0.045538 0.249624 -0.298029 -0.00779246 0.988631 -0.150158 -0.0634401 -0.253624 0.143298 0.95663 -0.0328064
96 0.967529 0.0369871 0.25004 -0.297557 0.0022275 0.987949 -0.154761 -0.0632239 -0.252751 0.150293 0.955787 -0.0313454
97 0.966517 0.0216391 0.255689 -0.294992 0.0217142 0.985967 -0.165523 -0.0644861 -0.255683 0.165533 0.952484 -0.0305768
98 0.96379 0.0175123 0.266088 -0.293678 0.029626 0.984632 -0.17211 -0.0652537 -0.265013 0.173761 0.948459 -0.0301607
99 0.955879 0.00528704 0.293714 -0.291625 0.0501042 0.982253 -0.180743 -0.0655799 -0.289457 0.187485 0.93865 -0.029461
100 0.951964 -0.00664777 0.306139 -0.285602 0.06525 0.981207 -0.181593 -0.0674315 -0.299178 0.192846 0.934507 -0.0308418
101 0.940051 -0.0246097 0.340145 -0.280877 0.0931767 0.977978 -0.186753 -0.0682582 -0.328058 0.207251 0.921642 -0.0297779
102 0.932757 -0.0286897 0.359362 -0.27767 0.103739 0.976026 -0.191343 -0.069151 -0.345257 0.215756 0.913371 -0.0296169
103 0.921014 -0.0351865 0.387937 -0.273785 0.118069 0.974278 -0.191943 -0.0727393 -0.371205 0.222586 0.901478 -0.0297026
104 0.91832 -0.0435934 0.393431 -0.271636 0.12918 0.972506 -0.193767 -0.0734246 -0.374167 0.228763 0.898703 -0.0303605
105 0.915303 -0.0500371 0.399646 -0.268499 0.13757 0.971417 -0.19345 -0.0741428 -0.378543 0.232045 0.896025 -0.030936
106 0.905725 -0.0559884 0.420153 -0.265342 0.149365 0.969813 -0.192752 -0.0746384 -0.396677 0.237337 0.886746 -0.0318472
107 0.900795 -0.0575184 0.430419 -0.259904 0.15322 0.969538 -0.191101 -0.0754812 -0.406315 0.238092 0.882168 -0.0326719
108 0.896246 -0.0599716 0.439483 -0.257677 0.158618 0.968631 -0.191294 -0.0748888 -0.414225 0.241157 0.877645 -0.0330057
109 0.889 -0.069763 0.452562 -0.254592 0.170365 0.967767 -0.185478 -0.0757234 -0.425035 0.241991 0.87223 -0.0342735
110 0.885995 -0.0765484 0.457332 -0.252686 0.177468 0.967165 -0.181926 -0.075821 -0.42839 0.242347 0.870488 -0.0342718
111 0.882143 -0.0812559 0.46392 -0.25128 0.182021 0.967289 -0.176691 -0.0766624 -0.434388 0.24031 0.868077 -0.0339462
112 0.876231 -0.0872429 0.473928 -0.249354 0.188789 0.967009 -0.171035 -0.0769249 -0.443371 0.239339 0.863794 -0.0335006
113 0.868689 -0.100166 0.485125 -0.238374 0.201062 0.966339 -0.160507 -0.0778441 -0.452719 0.236971 0.859588 -0.0380101
114 0.862601 -0.109818 0.493821 -0.236346 0.210748 0.965423 -0.153438 -0.0779929 -0.459896 0.236428 0.855919 -0.0380095
115 0.85577 -0.120279 0.50318 -0.234271 0.220622 0.964574 -0.144648 -0.0787281 -0.467956 0.234798 0.85199 -0.038231
116 0.84919 -0.127138 0.512554 -0.231966 0.227236 0.964107 -0.137336 -0.0779106 -0.476696 0.233096 0.847601 -0.0375643
117 0.846375 -0.135407 0.515087 -0.224071 0.233082 0.963778 -0.129633 -0.0792794 -0.478876 0.229776 0.847278 -0.0367337
118 0.832985 -0.153148 0.531678 -0.219428 0.254343 0.959371 -0.122138 -0.0789566 -0.491371 0.236968 0.838093 -0.0343261
119 0.826491 -0.157454 0.540482 -0.217101 0.259918 0.958361 -0.118268 -0.0793424 -0.499355 0.238229 0.833002 -0.0346711
120 0.819126 -0.161083 0.550531 -0.214928 0.263649 0.958101 -0.111943 -0.0796768 -0.509433 0.236842 0.827275 -0.0348596
121 0.82008 -0.167823 0.547086 -0.2018 0.263242 0.959506 -0.100262 -0.0839913 -0.508106 0.226239 0.83105 -0.0366909
122 0.813498 -0.176851 0.554026 -0.198877 0.270211 0.95851 -0.0907955 -0.0840108 -0.514983 0.223566 0.827533 -0.0367191
123 0.802794 -0.190619 0.564965 -0.192597 0.28255 0.955999 -0.0789392 -0.0820683 -0.525059 0.223003 0.82133 -0.0309622
124 0.799125 -0.192373 0.569555 -0.189186 0.284256 0.95573 -0.0760234 -0.0822055 -0.529716 0.222651 0.81843 -0.0299986
125 0.80384 -0.19616 0.561572 -0.175113 0.279626 0.95786 -0.0656728 -0.0868974 -0.525025 0.20982 0.824818 -0.033431
126 0.799739 -0.20206 0.565322 -0.171751 0.281561 0.957912 -0.0559316 -0.0870365 -0.530227 0.203903 0.822972 -0.0319175
127 0.795466 -0.211378 0.567938 -0.16872 0.2871 0.956795 -0.0460141 -0.0858775 -0.533674 0.199658 0.821784 -0.0302926
128 0.792034 -0.22065 0.569206 -0.164478 0.291496 0.95593 -0.0350475 -0.0860508 -0.536388 0.19368 0.821448 -0.0281764
129 0.778334 -0.233444 0.582839 -0.157264 0.297933 0.95446 -0.0155758 -0.0858342 -0.55266 0.18577 0.812439 -0.0233681
130 0.777695 -0.241546 0.580385 -0.144509 0.30033 0.95382 -0.0054679 -0.0871655 -0.552262 0.178559 0.814324 -0.025274
131 0.772625 -0.249284 0.583873 -0.140008 0.306979 0.951716 0.000116038 -0.0860343 -0.555711 0.179147 0.811845 -0.0220894
132 0.769792 -0.257349 0.584116 -0.135105 0.314738 0.949172 0.00339919 -0.0855821 -0.555301 0.181227 0.811663 -0.0191767
133 0.772045 -0.26409 0.578102 -0.126397 0.321003 0.94707 0.00394893 -0.0851962 -0.548546 0.182524 0.815955 -0.0175071
134 0.770788 -0.271968 0.576124 -0.122103 0.327765 0.94473 0.00746116 -0.0860609 -0.546311 0.183082 0.817328 -0.0165077
135 0.767583 -0.278205 0.577424 -0.116431 0.331658 0.943302 0.0136064 -0.0865186 -0.54847 0.181063 0.816331 -0.0167851
136 0.762463 -0.278226 0.584158 -0.111433 0.330859 0.943517 0.017536 -0.086285 -0.556042 0.179903 0.811451 -0.0145458
137 0.756128 -0.276358 0.593209 -0.108093 0.33048 0.943634 0.0183665 -0.0853397 -0.564848 0.182156 0.804839 -0.0114993
138 0.75251 -0.276578 0.59769 -0.105417 0.331111 0.943387 0.0196697 -0.0850022 -0.569294 0.1831 0.801486 -0.0107855
139 0.750861 -0.281622 0.597408 -0.0989144 0.336296 0.941518 0.0211596 -0.0840224 -0.56843 0.185018 0.801658 -0.0100276
140 0.74837 -0.289757 0.596643 -0.0949722 0.344401 0.938521 0.0238065 -0.0836697 -0.56686 0.187668 0.802153 -0.00950265
141 0.747879 -0.295884 0.594248 -0.0910627 0.34916 0.936675 0.0269539 -0.0832982 -0.564592 0.18733 0.80383 -0.0087918
142 0.748224 -0.298498 0.592503 -0.0868625 0.349223 0.936533 0.0308129 -0.0832577 -0.564096 0.183861 0.804979 -0.0078108
143 0.747859 -0.29547 0.594479 -0.0830611 0.342759 0.938756 0.0353913 -0.0831696 -0.568528 0.177295 0.803332 -0.007254
144 0.743497 -0.291728 0.601753 -0.0798652 0.335267 0.941185 0.0420439 -0.0830291 -0.578626 0.170488 0.797575 -0.0063743
145 0.739718 -0.289293 0.607558 -0.0755629 0.331936 0.942251 0.044519 -0.080154 -0.585351 0.168739 0.793027 -0.00520136
146 0.737316 -0.285707 0.612157 -0.0730521 0.32704 0.94386 0.0466145 -0.0791784 -0.591109 0.16583 0.789361 -0.00405611
147 0.734717 -0.285156 0.61553 -0.0706285 0.324896 0.944442 0.0497243 -0.0782445 -0.595511 0.16345 0.786543 -0.00356557
148 0.733907 -0.283683 0.617174 -0.0675669 0.31959 0.945971 0.0547769 -0.0780793 -0.599369 0.157041 0.784917 -0.0033819
149 0.731356 -0.265054 0.628382 -0.0623626 0.295307 0.953608 0.0585364 -0.0759003 -0.614746 0.142755 0.775699 -0.00185829
150 0.727978 -0.259265 0.634689 -0.0610125 0.290016 0.955288 0.0575828 -0.0743384 -0.62124 0.142151 0.770619 -0.000798008
151 0.72566 -0.261655 0.63636 -0.0610193 0.293639 0.954186 0.0574911 -0.0720529 -0.622249 0.145141 0.769247 0.000496002
152 0.728325 -0.263518 0.632535 -0.0584073 0.295573 0.953621 0.0569506 -0.071215 -0.618207 0.145482 0.772435 0.000759982
153 0.731 -0.261071 0.63046 -0.0562052 0.291912 0.954751 0.0568956 -0.0709687 -0.616787 0.142448 0.774134 -0.00142154
154 0.730806 -0.257731 0.632058 -0.05432 0.283657 0.956905 0.0622184 -0.0711737 -0.620855 0.133818 0.772419 -0.00405397
155 0.72821 -0.253588 0.636712 -0.0523542 0.273114 0.959449 0.0697646 -0.0708513 -0.628584 0.123092 0.767939 -0.0043305
156 0.725633 -0.251645 0.640415 -0.0499898 0.26833 0.960527 0.0733945 -0.0688407 -0.633606 0.118585 0.764514 -0.00434579
157 0.724906 -0.250798 0.641569 -0.0473532 0.264991 0.961224 0.0763426 -0.0675717 -0.635838 0.114669 0.763257 -0.00373744
158 0.726287 -0.246199 0.64179 -0.0457361 0.264013 0.961958 0.0702465 -0.0629661 -0.634669 0.118422 0.763657 -0.00550061
159 0.729175 -0.244371 0.639208 -0.0439643 0.263063 0.962391 0.0678375 -0.0619633 -0.631745 0.118686 0.766036 -0.00749992
160 0.734039 -0.244958 0.63339 -0.0419093 0.262468 0.962536 0.0680768 -0.0604939 -0.626337 0.116273 0.770833 -0.00877598
161 0.741576 -0.242162 0.625638 -0.03898 0.255659 0.964217 0.0701784 -0.0597786 -0.620245 0.107907 0.776951 -0.011311
162 0.746724 -0.234681 0.622357 -0.0365119 0.241573 0.967482 0.0749757 -0.0600601 -0.619714 0.0943582 0.779135 -0.014911
163 0.750648 -0.225733 0.620945 -0.0317013 0.230318 0.970275 0.0742991 -0.0552374 -0.619259 0.0872422 0.780325 -0.017984
164 0.750674 -0.22205 0.622241 -0.029343 0.221093 0.971956 0.0801199 -0.0537997 -0.622581 0.0774291 0.778715 -0.0187524
165 0.753832 -0.217737 0.619942 -0.0269561 0.212351 0.973599 0.083736 -0.0520877 -0.621807 0.0685227 0.780167 -0.019327
166 0.757408 -0.216892 0.615866 -0.0246391 0.209042 0.97412 0.0859744 -0.0502792 -0.618575 0.0636242 0.783146 -0.0198017
167 0.762287 -0.218854 0.609116 -0.021969 0.209812 0.973834 0.0873237 -0.0489917 -0.612289 0.0612342 0.788259 -0.0210182
168 0.773626 -0.213324 0.596654 -0.0154871 0.205104 0.975237 0.0827409 -0.0440792 -0.59953 0.0583656 0.798222 -0.0255063
169 0.778982 -0.209407 0.591046 -0.0125788 0.197812 0.976524 0.0852707 -0.0424923 -0.595027 0.0504914 0.802118 -0.0283018
170 0.781519 -0.209041 0.587818 -0.0101418 0.193648 0.976938 0.089961 -0.0412254 -0.593067 0.0435232 0.803976 -0.0299558
171 0.786081 -0.207742 0.582168 -0.0072291 0.188924 0.977509 0.0937195 -0.0396933 -0.588544 0.0363143 0.807649 -0.0309822
172 0.795273 -0.201973 0.571618 -0.00174473 0.182944 0.97887 0.0913463 -0.0344982 -0.577989 0.0319289 0.815419 -0.0342656
173 0.801163 -0.20175 0.563413 0.000673967 0.178978 0.979147 0.0961156 -0.0324949 -0.571055 0.0238341 0.820566 -0.0353997
174 0.807656 -0.203884 0.553284 0.00450351 0.178345 0.978836 0.10036 -0.0316056 -0.562037 0.0176193 0.826925 -0.0360277
175 0.812929 -0.204114 0.545421 0.00779663 0.17776 0.978839 0.101369 -0.030444 -0.55457 0.0145484 0.83201 -0.0381345
176 0.822898 -0.197436 0.532783 0.0160912 0.174038 0.980201 0.0944312 -0.0240209 -0.540879 0.0150175 0.840967 -0.0408965
177 0.827363 -0.198016 0.525605 0.0191345 0.172638 0.980147 0.097507 -0.0219507 -0.534478 0.0100657 0.845123 -0.042224
178 0.831004 -0.198808 0.519526 0.0227542 0.17101 0.980028 0.101493 -0.0205157 -0.529328 0.00450296 0.848406 -0.0433122
179 0.833168 -0.19932 0.515852 0.0257218 0.169961 0.979934 0.104128 -0.0193127 -0.526255 0.000918934 0.850326 -0.0440767
180 0.840513 -0.196805 0.504783 0.0339197 0.171077 0.980432 0.0973924 -0.0124226 -0.514073 0.00449721 0.857735 -0.0458641
181 0.843274 -0.204419 0.497093 0.0369498 0.176878 0.978882 0.102486 -0.0104034 -0.507546 0.00150076 0.861623 -0.0465899
182 0.846577 -0.209468 0.489316 0.0410244 0.178923 0.977804 0.109024 -0.00941057 -0.501293 -0.00474753 0.865265 -0.0482129
183 0.84917 -0.207002 0.485861 0.0453424 0.172814 0.978248 0.114745 -0.00791861 -0.499045 -0.0134742 0.866471 -0.0495688
184 0.850968 -0.199824 0.48572 0.0521127 0.163074 0.979615 0.117309 -0.00414292 -0.49926 -0.0206175 0.866207 -0.0490001
185 0.850194 -0.197868 0.487871 0.0544017 0.157154 0.979819 0.123523 -0.00308843 -0.502466 -0.0283473 0.864132 -0.0486117
186 0.850521 -0.196692 0.487778 0.0573103 0.153789 0.97991 0.126984 -0.00229477 -0.502955 -0.0329872 0.863683 -0.0485188
187 0.851192 -0.192951 0.488101 0.0595857 0.149265 0.980565 0.127326 -0.000380976 -0.503182 -0.0355228 0.86345 -0.0484402
188 0.852143 -0.191653 0.486951 0.062298 0.147153 0.980733 0.128484 0.00100937 -0.502194 -0.0378307 0.863927 -0.0481004
189 0.854917 -0.189965 0.482732 0.0681972 0.147738 0.981164 0.124464 0.00565351 -0.497283 -0.0350892 0.866879 -0.048357
190 0.855246 -0.194099 0.4805 0.0716888 0.151061 0.980316 0.127126 0.00652337 -0.495717 -0.036139 0.867732 -0.0478404
191 0.856254 -0.192308 0.479423 0.0752285 0.149888 0.980683 0.125674 0.00814558 -0.494331 -0.0357488 0.868539 -0.0479331
192 0.856102 -0.190571 0.480387 0.0788024 0.147795 0.980988 0.125774 0.0106149 -0.495223 -0.0366765 0.867991 -0.0486283
193 0.853219 -0.19344 0.484353 0.0822234 0.148578 0.980345 0.129798 0.0113433 -0.499941 -0.0387822 0.86519 -0.0479876
194 0.852999 -0.190887 0.485752 0.0876731 0.147512 0.980944 0.126446 0.0143452 -0.500633 -0.0362037 0.864902 -0.047335
195 0.851862 -0.18916 0.488416 0.0902837 0.146396 0.981331 0.124729 0.0169069 -0.502892 -0.03475 0.86365 -0.0475042
196 0.851014 -0.190508 0.48937 0.0929949 0.146796 0.981028 0.126628 0.0204571 -0.504209 -0.0359241 0.862834 -0.0469749
197 0.85021 -0.197742 0.487894 0.0966069 0.150325 0.979379 0.13498 0.0211929 -0.504524 -0.0414187 0.862403 -0.0460123
198 0.850917 -0.202099 0.484867 0.100204 0.152923 0.978354 0.139419 0.0225207 -0.502548 -0.0444867 0.863404 -0.0451991
199 0.855162 -0.200592 0.477977 0.106419 0.151351 0.978534 0.139874 0.0260524 -0.495774 -0.0472723 0.867164 -0.0445011
200 0.855474 -0.205526 0.475313 0.111343 0.15339 0.977247 0.14649 0.0273664 -0.494606 -0.05241 0.867536 -0.0442885
201 0.853056 -0.210267 0.477581 0.11461 0.155138 0.976033 0.152616 0.0286798 -0.498225 -0.056099 0.865231 -0.0432808
202 0.853526 -0.207993 0.477736 0.118026 0.150643 0.976222 0.155878 0.0294706 -0.498798 -0.0610783 0.864564 -0.0426817
203 0.856442 -0.199197 0.476264 0.124781 0.14208 0.977881 0.153502 0.0327868 -0.496307 -0.0637983 0.8658 -0.0416215
204 0.855003 -0.196909 0.479788 0.128175 0.13705 0.978018 0.157158 0.0342876 -0.500187 -0.0686157 0.863195 -0.0415942
205 0.852262 -0.198711 0.483904 0.130737 0.13638 0.977455 0.161188 0.0355047 -0.505024 -0.071379 0.860148 -0.0408633
206 0.852292 -0.198761 0.483831 0.130763 0.136395 0.97744 0.161271 0.0354624 -0.50497 -0.0714574 0.860174 -0.0409154
207 0.850044 -0.20513 0.485126 0.133221 0.141785 0.976163 0.164323 0.0368976 -0.50727 -0.0708986 0.858866 -0.0405948
208 0.851406 -0.210566 0.480385 0.139297 0.146767 0.974934 0.167219 0.0399629 -0.503554 -0.0718667 0.860969 -0.0411368
209 0.850264 -0.212461 0.481572 0.143652 0.144289 0.97395 0.174933 0.0408791 -0.506193 -0.0792534 0.858771 -0.0414526
210 0.84703 -0.209835 0.488374 0.146284 0.137302 0.973974 0.180342 0.0421073 -0.513506 -0.0857002 0.853796 -0.0415064
211 0.846974 -0.20979 0.488491 0.146191 0.137339 0.974 0.180171 0.0421607 -0.513589 -0.0855113 0.853765 -0.0415149
212 0.844415 -0.208846 0.493302 0.148519 0.132756 0.973731 0.184996 0.0437334 -0.51898 -0.090725 0.849958 -0.0416234
213 0.842164 -0.211938 0.495824 0.152139 0.132369 0.97264 0.190921 0.0462645 -0.522722 -0.0951547 0.847176 -0.0416783
214 0.839953 -0.219105 0.49646 0.155156 0.134846 0.970442 0.200147 0.0475615 -0.525639 -0.101169 0.844671 -0.0414335
215 0.837695 -0.224095 0.498044 0.158816 0.135685 0.968743 0.207668 0.0481395 -0.529014 -0.106386 0.841918 -0.0411854
216 0.833803 -0.228981 0.502334 0.161028 0.139958 0.967875 0.20888 0.04978 -0.534026 -0.103859 0.839065 -0.040973
217 0.836957 -0.225639 0.498587 0.163346 0.139247 0.968866 0.204718 0.0515423 -0.529257 -0.101913 0.842319 -0.0410357
218 0.835175 -0.231373 0.498949 0.16512 0.145542 0.96784 0.20519 0.0535868 -0.530378 -0.098752 0.84199 -0.0408957
219 0.838364 -0.23347 0.492583 0.170833 0.146768 0.966945 0.208509 0.0548489 -0.524981 -0.102511 0.844918 -0.0415615
220 0.83961 -0.232324 0.491 0.174555 0.143058 0.966583 0.212725 0.0554802 -0.524013 -0.108365 0.844788 -0.0420327
221 0.839598 -0.232327 0.491019 0.174548 0.14307 0.966585 0.212706 0.0554919 -0.524029 -0.108337 0.844782 -0.0420184
222 0.839348 -0.231017 0.492062 0.176608 0.140122 0.966561 0.214771 0.0570746 -0.525224 -0.111319 0.843652 -0.0410978
223 0.84125 -0.230184 0.489197 0.179121 0.139799 0.966679 0.214449 0.058171 -0.522259 -0.112016 0.845398 -0.0396417
224 0.850764 -0.220474 0.477066 0.185004 0.135046 0.96898 0.206979 0.0602483 -0.507901 -0.111664 0.854147 -0.0389271
225 0.85076 -0.220468 0.477075 0.184995 0.13504 0.968982 0.206975 0.0602501 -0.507909 -0.111662 0.854143 -0.0389286
226 0.859088 -0.215339 0.464323 0.188172 0.136252 0.970671 0.198075 0.0612354 -0.493358 -0.106899 0.863232 -0.0365769
227 0.870635 -0.207242 0.446144 0.191145 0.135989 0.972981 0.186588 0.0613711 -0.472759 -0.10178 0.875294 -0.0374245
228 0.88187 -0.198547 0.42765 0.197485 0.135566 0.975487 0.173339 0.0627993 -0.451583 -0.0948873 0.887169 -0.0370099
229 0.881841 -0.198471 0.427745 0.197427 0.135491 0.975505 0.173301 0.0628142 -0.451663 -0.0948682 0.887131 -0.0370082
230 0.891143 -0.194145 0.410088 0.200126 0.138471 0.977082 0.161668 0.0631236 -0.432077 -0.0872838 0.897603 -0.0372001
231 0.901347 -0.188781 0.38979 0.20359 0.139658 0.978616 0.151016 0.0626184 -0.409964 -0.0816805 0.908437 -0.0393318
232 0.913093 -0.173797 0.368856 0.211761 0.13021 0.981532 0.140146 0.0638131 -0.386401 -0.0799373 0.91886 -0.041488
233 0.91908 -0.162155 0.359163 0.213732 0.121647 0.983648 0.132808 0.0645617 -0.374826 -0.0783699 0.923777 -0.0426687
234 0.919077 -0.162151 0.359172 0.21373 0.121634 0.983647 0.132829 0.0645548 -0.374837 -0.0783928 0.923771 -0.0426623
235 0.925382 -0.152999 0.346785 0.215738 0.114514 0.98501 0.129002 0.0649579 -0.361324 -0.0796646 0.929031 -0.0431586
236 0.931521 -0.144063 0.333938 0.220476 0.107687 0.986283 0.125096 0.0661543 -0.347379 -0.080569 0.934257 -0.0424593
237 0.931526 -0.144071 0.33392 0.220485 0.107694 0.986282 0.125102 0.0661519 -0.347363 -0.0805746 0.934263 -0.042465
238 0.938037 -0.136683 0.318441 0.223755 0.1014 0.98697 0.124937 0.0658302 -0.331368 -0.0849052 0.939673 -0.04455
239 0.942953 -0.129841 0.306564 0.226582 0.0949222 0.987446 0.126252 0.06564 -0.319108 -0.0899495 0.94344 -0.0450554
240 0.945812 -0.125948 0.299293 0.229385 0.0921735 0.987934 0.12446 0.0661536 -0.311357 -0.0901285 0.946009 -0.0448123
241 0.949514 -0.12312 0.288556 0.231455 0.0916421 0.988508 0.12022 0.0665016 -0.300041 -0.0877067 0.949886 -0.0456786
242 0.949496 -0.123097 0.288624 0.231419 0.0916091 0.988511 0.120226 0.0665057 -0.300107 -0.0877136 0.949864 -0.0456577
243 0.953916 -0.119241 0.275367 0.235182 0.0890521 0.98881 0.119689 0.0658378 -0.286557 -0.0896508 0.953859 -0.0477278
244 0.957132 -0.111497 0.267334 0.238372 0.081808 0.989426 0.119765 0.0654928 -0.27786 -0.0927608 0.956132 -0.0498802
245 0.958769 -0.105474 0.263889 0.240756 0.0757142 0.989817 0.120535 0.0662029 -0.273916 -0.095585 0.956992 -0.0504984
246 0.958766 -0.105468 0.263902 0.240751 0.0757037 0.989817 0.120545 0.0662004 -0.273929 -0.095596 0.956987 -0.0504936
247 0.960462 -0.0990145 0.260208 0.241335 0.0689726 0.99011 0.12217 0.0669153 -0.269731 -0.0993925 0.957792 -0.050204
248 0.963862 -0.091276 0.250276 0.243548 0.0612602 0.990236 0.125216 0.0663576 -0.259261 -0.105359 0.960043 -0.0505845
249 0.966833 -0.0817781 0.241963 0.245672 0.0519806 0.99053 0.127074 0.0659073 -0.250063 -0.110282 0.961928 -0.0515737
250 0.96937 -0.0695712 0.235547 0.247719 0.0399533 0.990936 0.128259 0.065192 -0.242335 -0.11492 0.963362 -0.0516811
251 0.96961 -0.0713597 0.234017 0.2484 0.0413949 0.990577 0.130548 0.0641323 -0.241128 -0.116893 0.963428 -0.0523551
252 0.971287 -0.0594307 0.230367 0.249612 0.0300775 0.991202 0.128898 0.0632283 -0.236001 -0.118269 0.964529 -0.0523023
253 0.973124 -0.0513618 0.224479 0.251554 0.0234732 0.991856 0.125184 0.0622173 -0.229081 -0.11655 0.966405 -0.0530641
254 0.97468 -0.0431626 0.219401 0.252614 0.0169567 0.992635 0.119951 0.0612695 -0.222963 -0.113193 0.968233 -0.0530235
255 0.976664 -0.0322126 0.212345 0.254048 0.00844505 0.993684 0.111899 0.0601905 -0.214608 -0.107494 0.970767 -0.0540505
256 0.976665 -0.0322137 0.21234 0.254051 0.00844627 0.993683 0.111901 0.0601894 -0.214604 -0.107496 0.970768 -0.0540516
257 0.978261 -0.0200927 0.206402 0.255331 -0.00153782 0.994565 0.104107 0.0587239 -0.207372 -0.102161 0.972913 -0.0551546
258 0.979463 -0.0130337 0.201202 0.256376 -0.00641707 0.995388 0.0957189 0.0575014 -0.201522 -0.0950442 0.974862 -0.0562916
259 0.981338 -0.00641987 0.192182 0.258675 -0.0106438 0.996097 0.087625 0.0562424 -0.191995 -0.0880353 0.977439 -0.0570909
260 0.982633 6.17181e-05 0.185561 0.259849 -0.0154812 0.996541 0.0816488 0.0552229 -0.184914 -0.0831035 0.979235 -0.0585175
261 0.983438 0.00706185 0.181105 0.260655 -0.0214308 0.996761 0.0775068 0.0538889 -0.179972 -0.0801044 0.980405 -0.0596721
262 0.98343 0.00706746 0.18115 0.260629 -0.0214368 0.996763 0.0774885 0.0539008 -0.180016 -0.0800878 0.980398 -0.0596631
263 0.984334 0.00877272 0.176095 0.260601 -0.0218234 0.997143 0.0723122 0.0534414 -0.174958 -0.0750224 0.981714 -0.0602765
264 0.985967 0.0126518 0.166459 0.261386 -0.0243131 0.997375 0.0682046 0.0516217 -0.165159 -0.0712947 0.983687 -0.0605504
265 0.987428 0.0173757 0.157112 0.262396 -0.0275277 0.997654 0.0626727 0.0498301 -0.155654 -0.0662097 0.98559 -0.0622163
266 0.989641 0.0244868 0.141459 0.265846 -0.0333817 0.997588 0.060853 0.0476946 -0.139628 -0.0649448 0.988072 -0.0647606
267 0.990216 0.0317435 0.135883 0.2655 -0.0398162 0.997574 0.0571097 0.0462628 -0.13374 -0.0619612 0.989078 -0.064623
268 0.991328 0.0401399 0.12513 0.265981 -0.0470912 0.997478 0.0530982 0.0442885 -0.122683 -0.0585302 0.990719 -0.0657349
269 0.991329 0.040138 0.125122 0.265985 -0.0470895 0.997478 0.0531029 0.0442858 -0.122675 -0.0585344 0.990719 -0.0657366
270 0.992234 0.047981 0.114756 0.266656 -0.0540883 0.997248 0.0507106 0.0421747 -0.112007 -0.0565238 0.992099 -0.0674258
271 0.992712 0.057614 0.105846 0.266831 -0.0630908 0.996797 0.0491418 0.0401159 -0.102676 -0.0554616 0.993167 -0.0679079
272 0.992941 0.0658587 0.0986489 0.26757 -0.070712 0.996411 0.0465335 0.0377054 -0.0952302 -0.0531806 0.994034 -0.0683499
273 0.993827 0.0702114 0.0858989 0.267314 -0.0739745 0.996399 0.0414363 0.0362486 -0.0826802 -0.0475348 0.995442 -0.0695727
274 0.994818 0.0715541 0.0722276 0.267986 -0.0745708 0.996414 0.0399693 0.0341119 -0.0691086 -0.0451483 0.996587 -0.07107
275 0.995265 0.0741626 0.0628272 0.268259 -0.0766339 0.996339 0.0378813 0.0325289 -0.0597878 -0.0425167 0.997305 -0.0720426
276 0.995367 0.0797044 0.0537719 0.268999 -0.0818046 0.995922 0.038055 0.0307172 -0.0505194 -0.0422775 0.997828 -0.0737698
277 0.995225 0.0857504 0.0466298 0.271086 -0.0876511 0.995333 0.0403682 0.0281824 -0.0429506 -0.0442626 0.998096 -0.0760876
278 0.994378 0.0954983 0.0457447 0.270443 -0.0973742 0.994415 0.0406984 0.0263427 -0.0416026 -0.044924 0.998124 -0.0764525
279 0.993578 0.104199 0.0441114 0.26978 -0.105976 0.99356 0.0400848 0.0238188 -0.0396505 -0.0445021 0.998222 -0.0764557
280 0.993242 0.107668 0.0433384 0.268665 -0.109223 0.993391 0.0352678 0.0219424 -0.0392548 -0.039763 0.998438 -0.0769567
281 0.99323 0.110536 0.0357114 0.268301 -0.111653 0.993264 0.0309708 0.020342 -0.0320474 -0.0347485 0.998882 -0.077324
282 0.993176 0.113817 0.0254562 0.268659 -0.114559 0.992966 0.0298959 0.0182674 -0.0218745 -0.0326081 0.999229 -0.0795945
283 0.992992 0.116725 0.018495 0.270975 -0.117271 0.992587 0.0319064 0.0155768 -0.0146336 -0.0338517 0.99932 -0.0828377
284 0.992199 0.123604 0.0162453 0.270634 -0.124088 0.991716 0.0332052 0.0129774 -0.0120064 -0.034962 0.999317 -0.0824984
285 0.991834 0.126736 0.0142348 0.270112 -0.127132 0.99138 0.031671 0.01095 -0.0100983 -0.0332221 0.999397 -0.0843296
286 0.991659 0.128318 0.0120828 0.270039 -0.128658 0.991119 0.0336181 0.00932979 -0.00766172 -0.0348922 0.999362 -0.0852866
287 0.991466 0.129855 0.0114977 0.27037 -0.130185 0.990861 0.0352958 0.00698301 -0.00680932 -0.0364914 0.999311 -0.084398
288 0.991313 0.130977 0.0119538 0.269857 -0.131316 0.990744 0.0343909 0.00470838 -0.00733878 -0.0356619 0.999337 -0.0847436
289 0.991356 0.130855 0.00950163 0.269077 -0.1311 0.99082 0.0329981 0.00264295 -0.00509643 -0.0339586 0.99941 -0.0851123
290 0.991808 0.127695 0.00319078 0.270347 -0.127733 0.991331 0.0307768 -0.000598952 0.000766922 -0.0309323 0.999521 -0.085639
291 0.991996 0.126244 -0.00249999 0.27059 -0.126128 0.991629 0.0276255 -0.00175177 0.00596663 -0.0270891 0.999615 -0.0865753
292 0.99183 0.127464 -0.00520082 0.271973 -0.127281 0.991502 0.0268934 -0.00379901 0.00858455 -0.0260117 0.999625 -0.0861334
293 0.991401 0.130819 -0.00317472 0.270192 -0.130689 0.991064 0.0266996 -0.00592852 0.00663917 -0.0260551 0.999638 -0.0877157
294 0.991353 0.131088 -0.00586602 0.269189 -0.130872 0.990993 0.028367 -0.0083838 0.00953176 -0.0273541 0.99958 -0.0884454
295 0.991355 0.130853 -0.00959838 0.26956 -0.130537 0.991037 0.0283699 -0.0105734 0.0132247 -0.0268717 0.999551 -0.088404
296 0.990871 0.134413 -0.0104284 0.268738 -0.134066 0.990551 0.0288846 -0.013165 0.0142123 -0.0272229 0.999528 -0.0890082
297 0.99015 0.139383 -0.0132263 0.267908 -0.138955 0.989872 0.0290769 -0.0162378 0.0171452 -0.0269526 0.99949 -0.0900174
298 0.988946 0.147416 -0.0159383 0.26731 -0.146933 0.988747 0.0281142 -0.0187792 0.0199034 -0.0254615 0.999478 -0.0903966
299 0.987525 0.156641 -0.0160271 0.266414 -0.156179 0.987363 0.0268881 -0.0205913 0.0200364 -0.0240496 0.99951 -0.0917839
300 0.98612 0.165452 -0.013921 0.266342 -0.165009 0.985879 0.0285462 -0.0222954 0.0184475 -0.0258528 0.999496 -0.0925299
301 0.984354 0.176062 -0.00708913 0.264501 -0.175732 0.983863 0.0336303 -0.0258112 0.0128958 -0.0318583 0.999409 -0.0930255
302 0.982005 0.188827 -0.00313431 0.261926 -0.188588 0.981371 0.0366944 -0.0303358 0.0100048 -0.035443 0.999322 -0.0929914
303 0.979933 0.199275 0.00447938 0.257281 -0.199307 0.979292 0.0355497 -0.0338524 0.00269757 -0.0357291 0.999358 -0.0942836
304 0.978765 0.204973 0.00240988 0.256716 -0.204934 0.978174 0.0343105 -0.036712 0.00467545 -0.0340758 0.999408 -0.0948252
305 0.976619 0.21495 0.00331724 0.257643 -0.214947 0.976118 0.0314992 -0.0396682 0.00353274 -0.0314758 0.999498 -0.0946155
306 0.973993 0.226203 0.0130531 0.253489 -0.226489 0.973618 0.0277633 -0.0427673 -0.00642853 -0.0299976 0.999529 -0.0967479
307 0.972254 0.233282 0.0173416 0.249888 -0.233677 0.971965 0.0260477 -0.045784 -0.010779 -0.0293773 0.99951 -0.0983382
308 0.970782 0.238947 0.0220679 0.247342 -0.239464 0.970586 0.024878 -0.048705 -0.0154743 -0.0294356 0.999447 -0.0991327
309 0.968848 0.246276 0.0260954 0.245828 -0.246869 0.968785 0.0226121 -0.0511423 -0.019712 -0.0283498 0.999404 -0.099735
310 0.966148 0.255972 0.032196 0.242902 -0.256704 0.966261 0.0210587 -0.0545547 -0.0257193 -0.0286107 0.99926 -0.100385
311 0.964052 0.263046 0.0375597 0.238964 -0.263883 0.964361 0.0193066 -0.0575709 -0.0311426 -0.028524 0.999108 -0.101734
312 0.960834 0.273156 0.0467279 0.234038 -0.274178 0.96153 0.0169418 -0.0631818 -0.0403025 -0.02909 0.998764 -0.102364
313 0.958225 0.280907 0.0538203 0.230813 -0.282098 0.959255 0.0158283 -0.0652324 -0.0471811 -0.0303497 0.998425 -0.103212
314 0.955734 0.287967 0.0603988 0.227368 -0.289497 0.957007 0.0181418 -0.0685265 -0.0525779 -0.034824 0.998009 -0.103025
315 0.954054 0.292126 0.0666615 0.223722 -0.293956 0.955624 0.019303 -0.0717288 -0.0580645 -0.0380117 0.997589 -0.102686
316 0.947174 0.31158 0.0760197 0.218009 -0.313715 0.949353 0.0176672 -0.075697 -0.0666648 -0.0405824 0.99695 -0.102005
317 0.942184 0.324404 0.0839703 0.213633 -0.326964 0.944857 0.0184047 -0.0788282 -0.0733694 -0.0447959 0.996298 -0.101799
318 0.93832 0.333811 0.0901418 0.209618 -0.336745 0.941402 0.01913 -0.0825506 -0.0784738 -0.0483048 0.995745 -0.100752
319 0.933995 0.343596 0.0979537 0.203671 -0.34681 0.937775 0.0173816 -0.0871515 -0.0858862 -0.0502056 0.995039 -0.0989863
320 0.928739 0.357045 0.099818 0.193856 -0.359454 0.933139 0.00668164 -0.0926757 -0.0907584 -0.0420855 0.994983 -0.0993878
321 0.927216 0.36051 0.101506 0.18813 -0.362873 0.931824 0.00521497 -0.0956612 -0.0927054 -0.0416691 0.994821 -0.0995958
322 0.918897 0.381669 0.0997827 0.182418 -0.383447 0.923562 -0.00147264 -0.0999751 -0.0927176 -0.0369082 0.995008 -0.0968194
323 0.916211 0.386131 0.107054 0.174608 -0.38781 0.921723 -0.00550856 -0.102856 -0.100801 -0.0364695 0.994238 -0.0974623
324 0.915382 0.388529 0.105453 0.164541 -0.390193 0.920718 -0.00521545 -0.105868 -0.0991189 -0.0363729 0.994411 -0.095549
325 0.913007 0.394067 0.105496 0.162146 -0.395419 0.91846 -0.00866542 -0.10701 -0.100308 -0.0338035 0.994382 -0.0940582
326 0.911537 0.395736 0.111777 0.156723 -0.396995 0.917746 -0.0117101 -0.108778 -0.107217 -0.0337006 0.993664 -0.0939311
327 0.911455 0.394017 0.118324 0.147033 -0.396194 0.91815 -0.00553177 -0.112881 -0.110819 -0.0418371 0.99296 -0.0923825
328 0.909432 0.398607 0.118519 0.144412 -0.40074 0.91617 -0.00629218 -0.113042 -0.111092 -0.041773 0.992932 -0.0903258
329 0.907166 0.402416 0.122925 0.136135 -0.404307 0.914566 -0.0102728 -0.116199 -0.116557 -0.0403803 0.992363 -0.0869911
330 0.908148 0.400304 0.122573 0.131517 -0.40211 0.915529 -0.0107295 -0.118414 -0.116515 -0.0395441 0.992401 -0.0853215
331 0.907655 0.400993 0.123963 0.122616 -0.401967 0.915474 -0.0181599 -0.119642 -0.120767 -0.033346 0.992121 -0.0842809
332 0.9078 0.398822 0.12977 0.117538 -0.399495 0.916473 -0.0219473 -0.120347 -0.127684 -0.0319187 0.991301 -0.0841934
333 0.908698 0.393601 0.13909 0.112022 -0.394652 0.918588 -0.0211173 -0.122651 -0.136079 -0.0357031 0.990055 -0.0833443
334 0.90893 0.390383 0.14645 0.102679 -0.393341 0.919345 -0.00940381 -0.125965 -0.138309 -0.0490573 0.989173 -0.0793597
335 0.90851 0.390275 0.149316 0.0987467 -0.393671 0.919222 -0.00733263 -0.123786 -0.140116 -0.0521196 0.988762 -0.0784397
336 0.906693 0.392572 0.154255 0.0925865 -0.398382 0.917189 0.00743921 -0.127264 -0.13856 -0.0681974 0.988003 -0.0714111
337 0.90566 0.398596 0.144572 0.0921664 -0.404573 0.914409 0.0133202 -0.128204 -0.126889 -0.0705537 0.989405 -0.066367
338 0.906039 0.404725 0.123657 0.0850941 -0.409526 0.912174 0.0150948 -0.128598 -0.106688 -0.0643173 0.99221 -0.0608105
339 0.904707 0.409705 0.116818 0.0812808 -0.413818 0.910276 0.012325 -0.126657 -0.101287 -0.0594921 0.993077 -0.0598056
340 0.902524 0.415257 0.114073 0.0790595 -0.418927 0.907973 0.00920058 -0.126523 -0.0997544 -0.0560919 0.99343 -0.0565703
341 0.901318 0.421152 0.101281 0.0717448 -0.423907 0.905683 0.00637078 -0.128124 -0.0890454 -0.0486759 0.994837 -0.0512535
342 0.902711 0.419815 0.0941703 0.0673212 -0.421706 0.906733 0.000199124 -0.126538 -0.0853037 -0.0398919 0.995556 -0.0500817
343 0.90476 0.415394 0.0941178 0.0619788 -0.416852 0.908963 -0.00453065 -0.125154 -0.0874316 -0.0351341 0.995551 -0.048905
344 0.905822 0.411952 0.0989047 0.0544581 -0.413309 0.910562 -0.00731083 -0.125097 -0.0930705 -0.0342559 0.99507 -0.0451169
