17 0.999946 0.00851855 -0.00587869 0.0280769 -0.00814578 0.998119 0.0607592 -0.00448827 0.00638521 -0.0607081 0.998135 0.0293178
18 0.999982 0.00492898 -0.00339597 0.0310053 -0.0046958 0.997838 0.0655493 -0.00558415 0.00371172 -0.0655322 0.997844 0.0347193
19 0.999999 0.000632741 -0.00152813 0.0351663 -0.000527889 0.997708 0.0676656 -0.00658072 0.00156744 -0.0676647 0.997707 0.0382836
20 0.999994 0.000658393 0.00338836 0.0373591 -0.000893545 0.997555 0.0698736 -0.00659084 -0.00333407 -0.0698762 0.99755 0.0415741
21 0.999939 0.00179885 0.010901 0.0374167 -0.0026008 0.997254 0.0740053 -0.00629002 -0.0107379 -0.0740291 0.997198 0.044172
22 0.999866 0.00147228 0.016304 0.0385953 -0.00276151 0.996844 0.0793366 -0.00623631 -0.0161358 -0.079371 0.996715 0.0497164
23 0.999766 -0.000689566 0.0216304 0.0399862 -0.00114911 0.996391 0.0848767 -0.00743792 -0.0216109 -0.0848817 0.996157 0.0553843
24 0.999661 -0.0046305 0.0256143 0.0419041 0.00233345 0.99603 0.0889918 -0.00986503 -0.0259247 -0.0889018 0.995703 0.061628
25 0.999296 -0.00630519 0.0369801 0.0387892 0.00285607 0.9957 0.0925908 -0.0113971 -0.0374049 -0.09242 0.995017 0.0681473
26 0.998983 -0.00887052 0.0442012 0.0384059 0.00458366 0.995355 0.0961586 -0.01196 -0.0448488 -0.0958582 0.994384 0.0732689
27 0.998652 -0.0123644 0.050419 0.0380422 0.007181 0.994787 0.101721 -0.0128288 -0.0514139 -0.101222 0.993534 0.07957
28 0.998516 -0.0135123 0.0527612 0.0419211 0.00779222 0.994212 0.107151 -0.0149314 -0.0539037 -0.106581 0.992842 0.0868297
29 0.998236 -0.0130136 0.0579306 0.0460106 0.00656203 0.993888 0.110195 -0.0159878 -0.0590106 -0.10962 0.99222 0.0936411
30 0.997625 -0.0153593 0.0671382 0.0470468 0.0077242 0.993618 0.112535 -0.0169815 -0.0684382 -0.111749 0.991377 0.10004
31 0.996582 -0.0186159 0.0804877 0.0428127 0.00924016 0.993285 0.115325 -0.018087 -0.0820941 -0.114187 0.990062 0.106364
32 0.996015 -0.0199455 0.0869227 0.040906 0.00951792 0.992877 0.118765 -0.0186755 -0.0886724 -0.117465 0.98911 0.11154
33 0.995542 -0.0183315 0.0925207 0.0462725 0.00632609 0.9917 0.12842 -0.0217767 -0.0941069 -0.127262 0.987395 0.126306
34 0.995263 -0.0179052 0.0955597 0.0485107 0.00522605 0.991327 0.131317 -0.0233996 -0.0970822 -0.130196 0.986724 0.134199
35 0.994944 -0.0152026 0.0992692 0.0497307 0.00187211 0.991112 0.13302 -0.0246462 -0.100409 -0.132162 0.986129 0.139953
36 0.994191 -0.011115 0.107053 0.0480282 -0.00358641 0.990679 0.136166 -0.0259157 -0.107568 -0.135759 0.984885 0.146664
37 0.993912 -0.00907159 0.109804 0.0493483 -0.00636626 0.990211 0.139433 -0.0270741 -0.109994 -0.139283 0.984125 0.153867
38 0.99381 -0.0105409 0.110589 0.0527094 -0.00519925 0.989984 0.141084 -0.0292096 -0.110969 -0.140786 0.983801 0.160663
39 0.99314 -0.0117345 0.116345 0.052994 -0.00486811 0.98994 0.141401 -0.0299784 -0.116833 -0.140997 0.983092 0.164642
40 0.992524 -0.0122037 0.121437 0.0533332 -0.00566227 0.989313 0.145698 -0.0310451 -0.121918 -0.145297 0.981848 0.170236
41 0.992322 -0.0115449 0.123142 0.0547183 -0.00714783 0.988617 0.150285 -0.0320932 -0.123476 -0.150011 0.980944 0.176982
42 0.992252 -0.0122277 0.123637 0.0562789 -0.00712581 0.987906 0.154892 -0.0334044 -0.124035 -0.154573 0.980164 0.182188
43 0.992084 -0.0127095 0.124934 0.0576458 -0.00756341 0.987012 0.160469 -0.0356352 -0.125351 -0.160144 0.979102 0.187977
44 0.992122 -0.00953527 0.124911 0.0615394 -0.011112 0.986471 0.163562 -0.0381123 -0.124781 -0.163661 0.978593 0.194811
45 0.991591 -0.00447616 0.129331 0.0633567 -0.0169317 0.986323 0.163953 -0.0390129 -0.128296 -0.164764 0.977953 0.199442
46 0.990855 -0.00213049 0.134914 0.0634415 -0.0206575 0.985693 0.167281 -0.0397865 -0.133341 -0.168538 0.976635 0.204523
47 0.990994 -0.00149806 0.133897 0.0660945 -0.0216446 0.984996 0.171215 -0.0414343 -0.132145 -0.172571 0.976093 0.212446
48 0.991187 0.0016439 0.132459 0.0694207 -0.0248022 0.984543 0.173375 -0.0433835 -0.130126 -0.175133 0.975908 0.217871
49 0.990624 0.00651146 0.136461 0.0701907 -0.0309002 0.983657 0.17738 -0.0466045 -0.133076 -0.179933 0.974636 0.22195
50 0.990298 0.00944329 0.138636 0.0722109 -0.0346153 0.983002 0.180304 -0.0478429 -0.134577 -0.183354 0.973792 0.228186
51 0.990342 0.0093198 0.138329 0.0761954 -0.0347515 0.982574 0.182597 -0.0498941 -0.134217 -0.185641 0.973408 0.236008
52 0.990256 0.00948738 0.138935 0.0799978 -0.0348456 0.98282 0.181249 -0.0523472 -0.134828 -0.184324 0.973574 0.242608
53 0.989765 0.012413 0.142165 0.0834374 -0.037966 0.983212 0.178474 -0.0543533 -0.137563 -0.182045 0.97362 0.248239
54 0.988214 0.0182944 0.15198 0.0816167 -0.0457263 0.982782 0.179023 -0.0608432 -0.146088 -0.183862 0.972035 0.251991
55 0.987398 0.0219531 0.156724 0.0816814 -0.0500406 0.98283 0.177598 -0.0622129 -0.150134 -0.183203 0.971543 0.255163
56 0.986994 0.0268484 0.158497 0.0853561 -0.0554765 0.98227 0.179073 -0.064543 -0.150879 -0.185537 0.970985 0.259965
57 0.98555 0.0309529 0.166532 0.0868857 -0.0612671 0.981736 0.180111 -0.066763 -0.157916 -0.187711 0.969447 0.26257
58 0.984243 0.0302953 0.174204 0.0871892 -0.0623684 0.981372 0.181711 -0.0675201 -0.165454 -0.189713 0.967799 0.267473
59 0.984077 0.0253486 0.175927 0.0896254 -0.058018 0.981375 0.183131 -0.0695553 -0.168008 -0.190422 0.967219 0.272686
60 0.982647 0.0248155 0.183818 0.0864229 -0.0601552 0.980082 0.189264 -0.0792754 -0.17546 -0.197037 0.964567 0.273186
61 0.981623 0.0253019 0.189148 0.0862063 -0.0620148 0.97967 0.190791 -0.0804072 -0.180475 -0.199015 0.963235 0.275498
62 0.980711 0.0282401 0.193412 0.0857653 -0.0666215 0.978552 0.194932 -0.0811223 -0.183759 -0.204057 0.961558 0.277255
63 0.980039 0.0294837 0.196608 0.0868692 -0.0702439 0.976509 0.203708 -0.0829944 -0.185984 -0.213452 0.959087 0.280866
64 0.979391 0.0298185 0.199761 0.0881435 -0.0727493 0.974737 0.211177 -0.0848451 -0.188417 -0.221357 0.956818 0.284157
65 0.97888 0.0284886 0.202441 0.0890492 -0.0733697 0.973229 0.217813 -0.0860472 -0.190816 -0.228066 0.954765 0.287902
66 0.978252 0.0276637 0.205565 0.0879656 -0.0749489 0.971248 0.225965 -0.0915135 -0.193404 -0.236458 0.952199 0.291123
67 0.977637 0.0278037 0.208452 0.0883626 -0.0767209 0.970059 0.230432 -0.0930694 -0.195803 -0.241272 0.950499 0.2925
68 0.976402 0.0307745 0.213759 0.0879716 -0.0826669 0.967669 0.23829 -0.0947019 -0.199515 -0.250337 0.947378 0.293712
69 0.975315 0.0330437 0.218333 0.0884186 -0.088023 0.964967 0.247163 -0.0956591 -0.202517 -0.26028 0.944056 0.296874
70 0.974524 0.0334468 0.221777 0.0883957 -0.0911778 0.962502 0.255492 -0.0968257 -0.204916 -0.269204 0.941031 0.300793
71 0.974621 0.0306456 0.221755 0.0890514 -0.0898481 0.960849 0.2621 -0.0984858 -0.205041 -0.275372 0.939217 0.30505
72 0.974316 0.030397 0.223124 0.0867539 -0.0912408 0.959158 0.267752 -0.100334 -0.205872 -0.281233 0.937296 0.306299
73 0.974305 0.0333424 0.222749 0.087015 -0.0956915 0.956564 0.275371 -0.101925 -0.203892 -0.289611 0.935176 0.308621
74 0.973595 0.0362185 0.225393 0.0883379 -0.101001 0.953783 0.283015 -0.104719 -0.204725 -0.298306 0.932256 0.312464
75 0.972648 0.0371025 0.2293 0.088019 -0.104005 0.952241 0.287089 -0.107115 -0.207697 -0.303085 0.930055 0.316912
76 0.972556 0.037187 0.229679 0.0877221 -0.104314 0.952064 0.287562 -0.109626 -0.207976 -0.303629 0.929815 0.321068
77 0.972466 0.0411734 0.229378 0.0870353 -0.107897 0.951967 0.286561 -0.112047 -0.206562 -0.30342 0.930198 0.321362
78 0.970853 0.0466717 0.235089 0.0840249 -0.115763 0.950173 0.289432 -0.113662 -0.209867 -0.308211 0.927881 0.321648
79 0.969331 0.0534887 0.239867 0.0822054 -0.125245 0.947287 0.294892 -0.115342 -0.211449 -0.31589 0.924934 0.324084
80 0.969068 0.0552139 0.240536 0.0814352 -0.128206 0.945447 0.299489 -0.118224 -0.210878 -0.321064 0.923281 0.32866
81 0.969384 0.0591353 0.238321 0.0806198 -0.131163 0.945203 0.298976 -0.121309 -0.207582 -0.321082 0.924022 0.331865
82 0.969388 0.067123 0.23618 0.0797731 -0.137608 0.945165 0.296188 -0.123542 -0.203348 -0.319621 0.925468 0.330682
83 0.967762 0.0773143 0.239706 0.0771027 -0.149086 0.942924 0.297772 -0.124936 -0.203003 -0.32391 0.924052 0.330309
84 0.966269 0.0854283 0.242954 0.0753485 -0.159669 0.938909 0.304888 -0.129656 -0.202065 -0.333396 0.920878 0.333538
85 0.96516 0.0913185 0.245209 0.0735143 -0.166301 0.937589 0.305403 -0.132086 -0.202017 -0.335541 0.920109 0.33507
86 0.964403 0.0976854 0.245734 0.0708122 -0.172792 0.936233 0.30596 -0.133763 -0.200176 -0.337529 0.919785 0.336389
87 0.964345 0.105419 0.242746 0.0698769 -0.179525 0.934507 0.307355 -0.136398 -0.194447 -0.339975 0.920113 0.33786
88 0.963884 0.112375 0.241451 0.0678278 -0.185763 0.933344 0.307182 -0.138529 -0.190837 -0.340941 0.920511 0.338707
89 0.963622 0.120001 0.238816 0.0668361 -0.192148 0.932132 0.306934 -0.140903 -0.185776 -0.341656 0.921281 0.339972
90 0.9628 0.128265 0.237831 0.064677 -0.199541 0.930983 0.305703 -0.143553 -0.182206 -0.341788 0.921945 0.340476
91 0.962316 0.136183 0.235374 0.0625777 -0.205915 0.930272 0.303634 -0.145243 -0.177612 -0.340659 0.923258 0.340558
92 0.961522 0.145135 0.233262 0.0604714 -0.213617 0.928869 0.302604 -0.146477 -0.172751 -0.340789 0.924132 0.339801
93 0.960447 0.153201 0.232533 0.0571611 -0.221449 0.92649 0.304264 -0.146332 -0.168826 -0.343723 0.923771 0.339345
94 0.960714 0.158743 0.227661 0.0563323 -0.226152 0.923252 0.310581 -0.148472 -0.160886 -0.349865 0.922881 0.341007
95 0.96071 0.165051 0.223148 0.0552039 -0.23091 0.921381 0.31263 -0.150416 -0.154005 -0.351873 0.923292 0.341592
96 0.960087 0.172772 0.219961 0.0532204 -0.237288 0.919457 0.313517 -0.151134 -0.148078 -0.353197 0.923756 0.339724
97 0.958795 0.180734 0.219196 0.0513992 -0.24541 0.915598 0.318519 -0.151803 -0.143128 -0.359188 0.922225 0.338423
98 0.958429 0.183879 0.218182 0.0497998 -0.249341 0.911495 0.327116 -0.155066 -0.138722 -0.367919 0.919452 0.339956
99 0.958831 0.186791 0.213896 0.0483456 -0.250815 0.910264 0.329411 -0.156147 -0.133171 -0.369498 0.919639 0.340551
100 0.958949 0.191803 0.208874 0.0456808 -0.25382 0.909005 0.330583 -0.155742 -0.126461 -0.370028 0.920373 0.339931
101 0.959669 0.197713 0.199862 0.0454317 -0.256512 0.906743 0.334691 -0.156722 -0.115051 -0.37246 0.920889 0.339922
102 0.959813 0.204142 0.192576 0.0454993 -0.260107 0.904749 0.337303 -0.157924 -0.105375 -0.373838 0.921489 0.338119
103 0.958363 0.212514 0.19073 0.0439354 -0.267626 0.901391 0.340398 -0.157649 -0.0995832 -0.377269 0.920734 0.335504
104 0.957044 0.219902 0.188972 0.0423226 -0.274553 0.896841 0.346838 -0.157493 -0.0932078 -0.383822 0.918691 0.336552
105 0.956471 0.227595 0.182656 0.0404397 -0.279688 0.893565 0.351164 -0.158131 -0.0832917 -0.386965 0.918325 0.337824
106 0.956274 0.237693 0.170416 0.0411631 -0.28439 0.891721 0.352074 -0.158641 -0.0682781 -0.385144 0.920327 0.336976
107 0.955541 0.246163 0.162311 0.0405619 -0.28917 0.889945 0.352672 -0.160556 -0.0576327 -0.383928 0.921563 0.333778
108 0.954781 0.252839 0.156413 0.0399235 -0.293034 0.889188 0.351392 -0.16023 -0.0502345 -0.381337 0.92307 0.332538
109 0.954032 0.25942 0.150082 0.0393412 -0.29662 0.888963 0.348943 -0.159843 -0.0428944 -0.37742 0.925048 0.330834
110 0.953769 0.264328 0.143023 0.0383646 -0.298376 0.889823 0.345233 -0.159016 -0.0360101 -0.371947 0.927555 0.328764
111 0.953601 0.269127 0.134962 0.0370021 -0.299711 0.891142 0.340647 -0.156999 -0.0285935 -0.365291 0.930454 0.325297
112 0.953116 0.275488 0.125205 0.0382509 -0.302072 0.890721 0.339659 -0.156689 -0.017951 -0.361555 0.932178 0.324054
113 0.953184 0.278608 0.117546 0.0391668 -0.302155 0.892838 0.333979 -0.157547 -0.0119009 -0.353861 0.935222 0.323374
114 0.953829 0.279261 0.110564 0.0359723 -0.300243 0.896453 0.325925 -0.159365 -0.00809682 -0.344072 0.938908 0.317733
115 0.954526 0.280869 0.0999655 0.0349186 -0.298128 0.900052 0.317845 -0.157006 -0.000701396 -0.333194 0.942858 0.31553
116 0.956304 0.279703 0.0851435 0.0365901 -0.292236 0.90546 0.3078 -0.156587 0.00899849 -0.319232 0.947634 0.31476
117 0.95784 0.278097 0.0721382 0.03625 -0.286869 0.911995 0.293208 -0.156108 0.0157508 -0.301541 0.953323 0.310395
118 0.958018 0.280507 0.0593059 0.0353687 -0.285598 0.915494 0.28338 -0.157889 0.0251958 -0.288421 0.957172 0.304267
119 0.957601 0.284096 0.0478592 0.035426 -0.286114 0.91832 0.273545 -0.157138 0.0337628 -0.27564 0.960668 0.299927
120 0.957076 0.287428 0.0373003 0.034968 -0.286891 0.921165 0.262962 -0.154503 0.0412228 -0.262376 0.964085 0.293414
121 0.956131 0.291439 0.0296018 0.0354811 -0.288901 0.921409 0.259889 -0.153588 0.0484663 -0.25704 0.965185 0.290156
122 0.955487 0.294284 0.0210245 0.0355629 -0.289732 0.922484 0.255107 -0.153233 0.055679 -0.249843 0.966684 0.287787
123 0.954834 0.296928 0.0112598 0.0350391 -0.290353 0.924298 0.247725 -0.152357 0.063149 -0.239805 0.968765 0.283997
124 0.953825 0.30036 0.00114218 0.0349147 -0.291797 0.925716 0.240632 -0.151374 0.071219 -0.229854 0.970616 0.279383
125 0.953122 0.302472 -0.00827673 0.0358253 -0.292187 0.927133 0.23463 -0.151574 0.0786428 -0.221213 0.972049 0.276045
126 0.952696 0.303796 -0.00886784 0.036654 -0.293307 0.926667 0.235074 -0.151904 0.079632 -0.221353 0.971937 0.276052
127 0.952048 0.305503 -0.0165023 0.0370067 -0.294083 0.92867 0.226026 -0.151832 0.0843767 -0.210335 0.973981 0.272129
128 0.950895 0.308686 -0.0226069 0.0357696 -0.296663 0.929811 0.217812 -0.151512 0.0882558 -0.20041 0.975729 0.265074
129 0.949724 0.311506 -0.0314487 0.0344478 -0.297987 0.930161 0.214484 -0.150928 0.0960654 -0.194329 0.976221 0.260058
130 0.949291 0.311322 -0.0438777 0.0348926 -0.296066 0.932149 0.208432 -0.15038 0.10579 -0.184872 0.977052 0.260372
131 0.949291 0.311323 -0.0438756 0.0348902 -0.296067 0.932148 0.208433 -0.150381 0.105788 -0.184873 0.977052 0.260373
132 0.949541 0.308798 -0.0549086 0.0357916 -0.292633 0.935251 0.199178 -0.149773 0.112859 -0.17306 0.978424 0.25425
133 0.949716 0.306864 -0.0622483 0.0356463 -0.290018 0.93704 0.194538 -0.14886 0.118026 -0.166702 0.978918 0.24888
134 0.950217 0.303318 -0.0713099 0.0352207 -0.285616 0.939372 0.189745 -0.149575 0.12454 -0.159932 0.97924 0.248109
135 0.951859 0.295135 -0.0828273 0.0347851 -0.277224 0.944122 0.17827 -0.149218 0.130813 -0.146726 0.980489 0.24453
136 0.952358 0.289839 -0.0949074 0.0339488 -0.271314 0.947287 0.170402 -0.148549 0.139294 -0.136534 0.980793 0.239561
137 0.952364 0.289839 -0.0948512 0.0339137 -0.271324 0.947286 0.17039 -0.148546 0.139237 -0.136538 0.980801 0.239534
138 0.952623 0.283932 -0.109053 0.0351656 -0.264505 0.950366 0.163835 -0.149182 0.150158 -0.127228 0.980441 0.237965
139 0.953733 0.276155 -0.118873 0.0356029 -0.257692 0.954519 0.149959 -0.149096 0.154878 -0.112388 0.98152 0.23704
140 0.954463 0.271025 -0.124684 0.0353915 -0.254321 0.957673 0.134845 -0.146791 0.155952 -0.0969945 0.982991 0.232436
141 0.955698 0.263732 -0.130713 0.0352298 -0.248017 0.960668 0.12492 -0.146543 0.158518 -0.086967 0.983519 0.228269
142 0.956919 0.255342 -0.138228 0.0355555 -0.24091 0.963958 0.112906 -0.146439 0.162075 -0.0747416 0.983944 0.226125
143 0.958107 0.248308 -0.142741 0.034688 -0.235667 0.966697 0.0997917 -0.146021 0.162766 -0.0619717 0.984717 0.221414
144 0.95969 0.240921 -0.14475 0.0342957 -0.230088 0.969212 0.0876781 -0.145933 0.161417 -0.0508385 0.985576 0.217043
145 0.960538 0.234781 -0.149147 0.0349132 -0.225907 0.971324 0.0741287 -0.143847 0.162274 -0.03751 0.986032 0.212333
146 0.961654 0.227622 -0.153004 0.0347398 -0.220256 0.973359 0.0637069 -0.14371 0.163429 -0.0275638 0.98617 0.208336
147 0.961653 0.227625 -0.153006 0.0347432 -0.22026 0.973359 0.063705 -0.143707 0.16343 -0.0275611 0.98617 0.208332
148 0.962749 0.221584 -0.15497 0.0341624 -0.215806 0.974976 0.0533792 -0.143281 0.16292 -0.0179474 0.986476 0.205372
149 0.964299 0.213625 -0.156501 0.033901 -0.209989 0.976901 0.0396087 -0.142828 0.161347 -0.00533119 0.986883 0.202476
150 0.965605 0.206322 -0.158233 0.0338056 -0.204965 0.978449 0.0250265 -0.142552 0.159986 0.00826651 0.987085 0.198384
151 0.966169 0.201114 -0.161462 0.0346638 -0.201196 0.97942 0.0160168 -0.142678 0.16136 0.0170106 0.986749 0.19377
152 0.966238 0.195566 -0.167744 0.0367822 -0.197506 0.980288 0.00520478 -0.140794 0.165455 0.0281013 0.985817 0.188932
153 0.967035 0.190482 -0.168998 0.0354636 -0.1949 0.980774 -0.00979409 -0.13988 0.163884 0.0424089 0.985568 0.18594
154 0.967441 0.188116 -0.169324 0.036106 -0.193709 0.980912 -0.0169872 -0.140967 0.162897 0.0492337 0.985414 0.180361
155 0.967295 0.185079 -0.173454 0.0373593 -0.191481 0.981276 -0.0207797 -0.14067 0.166361 0.0533133 0.984623 0.178633
156 0.967458 0.178327 -0.179513 0.0365915 -0.186838 0.981885 -0.0315327 -0.139207 0.170638 0.0640464 0.98325 0.177984
157 0.967277 0.174819 -0.183887 0.0364493 -0.185115 0.981892 -0.0402657 -0.140109 0.173518 0.0729882 0.982122 0.173417
158 0.966857 0.174581 -0.186304 0.0366636 -0.185128 0.981873 -0.0406638 -0.14083 0.175827 0.0738061 0.98165 0.16919
159 0.967046 0.169838 -0.189674 0.0360714 -0.181797 0.982193 -0.047408 -0.138528 0.178245 0.0803279 0.980702 0.169231
160 0.966715 0.163112 -0.197122 0.0377464 -0.177607 0.982384 -0.05812 -0.138423 0.184169 0.0911956 0.978655 0.165694
161 0.965668 0.161126 -0.203774 0.0387839 -0.176695 0.982402 -0.0605473 -0.139938 0.190432 0.0944744 0.977144 0.16051
162 0.964468 0.160994 -0.20948 0.0388575 -0.177116 0.982329 -0.0604977 -0.139424 0.196038 0.0954502 0.97594 0.158159
163 0.963655 0.15856 -0.215007 0.0380875 -0.175975 0.982292 -0.0643128 -0.138467 0.201002 0.0998113 0.974493 0.156111
164 0.962002 0.157881 -0.222768 0.0394214 -0.175926 0.982353 -0.0635016 -0.139607 0.208811 0.100279 0.972801 0.151439
165 0.960394 0.157696 -0.22973 0.039555 -0.175703 0.982611 -0.0600282 -0.139602 0.216269 0.0980151 0.971401 0.147809
166 0.95864 0.158365 -0.236495 0.0397222 -0.176259 0.982726 -0.0564066 -0.139668 0.223477 0.0957582 0.969994 0.145735
167 0.955772 0.159311 -0.247223 0.0410011 -0.177719 0.982605 -0.0538772 -0.139218 0.23434 0.0954306 0.967459 0.143265
168 0.952435 0.161765 -0.258261 0.0414851 -0.180691 0.982209 -0.0511468 -0.139662 0.245393 0.0953795 0.96472 0.142143
169 0.950414 0.164211 -0.2641 0.0401429 -0.18294 0.981962 -0.0477814 -0.139633 0.25149 0.0937264 0.963311 0.138765
170 0.948651 0.167498 -0.26834 0.0402713 -0.185233 0.981796 -0.0420075 -0.140007 0.256419 0.0895559 0.962408 0.134955
171 0.946186 0.169567 -0.275643 0.0417248 -0.185937 0.981967 -0.0341814 -0.140202 0.264876 0.0835943 0.960652 0.132088
172 0.942514 0.170135 -0.287612 0.0424543 -0.186281 0.982053 -0.02952 -0.139304 0.277428 0.0813997 0.957292 0.132157
173 0.938535 0.170646 -0.300052 0.0424324 -0.186831 0.982051 -0.0258769 -0.139128 0.29025 0.0803453 0.953572 0.131025
174 0.934401 0.172835 -0.311484 0.0427265 -0.188668 0.981812 -0.0211884 -0.139486 0.302157 0.0785655 0.950015 0.128925
175 0.931425 0.173391 -0.319974 0.0428975 -0.188656 0.981895 -0.0170863 -0.139752 0.311218 0.0762796 0.947272 0.127862
176 0.929105 0.173547 -0.326567 0.0433371 -0.187564 0.982183 -0.0116729 -0.140247 0.318723 0.0720976 0.945102 0.124437
177 0.926173 0.174818 -0.334129 0.0435056 -0.187467 0.982254 -0.00572008 -0.139953 0.327199 0.0679359 0.94251 0.123238
178 0.924232 0.174468 -0.33964 0.0430267 -0.186564 0.982438 -0.00301588 -0.139533 0.33315 0.0661521 0.940551 0.123501
179 0.922369 0.173778 -0.345017 0.0434955 -0.185154 0.982709 -2.10627e-05 -0.139808 0.339048 0.0639008 0.938596 0.121064
180 0.919443 0.173866 -0.352696 0.0443635 -0.183933 0.982926 0.00504962 -0.139798 0.347552 0.0602298 0.935724 0.117895
181 0.915409 0.172998 -0.363454 0.044575 -0.182522 0.983167 0.00826499 -0.139226 0.358765 0.0587724 0.931576 0.119599
182 0.911706 0.173375 -0.372469 0.0440883 -0.183856 0.982925 0.00749405 -0.1388 0.367408 0.0616484 0.928014 0.120096
183 0.907759 0.175186 -0.381161 0.046159 -0.185572 0.982583 0.00965287 -0.139335 0.376213 0.0619704 0.924458 0.119304
184 0.903891 0.17563 -0.390046 0.0468231 -0.185342 0.982589 0.0129302 -0.138982 0.385526 0.0606043 0.920705 0.118243
185 0.899083 0.175434 -0.40109 0.0467544 -0.186724 0.98235 0.0111146 -0.137526 0.395961 0.0649001 0.915971 0.119558
186 0.894196 0.17454 -0.412249 0.0465671 -0.188487 0.982051 0.0069448 -0.137257 0.406061 0.0714935 0.911045 0.118662
187 0.889619 0.176789 -0.421098 0.0476224 -0.190787 0.98159 0.00904056 -0.139125 0.414944 0.0722973 0.90697 0.113439
188 0.884685 0.180124 -0.429986 0.0483581 -0.192472 0.981187 0.0150188 -0.139392 0.424602 0.0694734 0.902711 0.111205
189 0.873739 0.18066 -0.4516 0.0487541 -0.192954 0.981021 0.0191319 -0.13838 0.446486 0.0704217 0.892015 0.110973
190 0.867717 0.183256 -0.462043 0.0523727 -0.195614 0.980445 0.0215022 -0.137799 0.456948 0.0717242 0.886597 0.104801
191 0.862645 0.187705 -0.469691 0.0534772 -0.197026 0.979947 0.0297586 -0.138854 0.465858 0.0668701 0.882329 0.102586
192 0.847126 0.19589 -0.493968 0.0548367 -0.202927 0.978377 0.0399821 -0.136767 0.49112 0.0663695 0.86856 0.102168
193 0.840551 0.201129 -0.503011 0.0559095 -0.206737 0.977346 0.0453264 -0.137562 0.500733 0.0658917 0.86309 0.0990841
194 0.824315 0.20997 -0.525754 0.057412 -0.211113 0.975699 0.0586662 -0.137396 0.525296 0.0626342 0.848612 0.0958604
195 0.816492 0.211161 -0.537357 0.0603216 -0.210336 0.975548 0.063757 -0.137418 0.537681 0.0609685 0.840941 0.0924579
196 0.801839 0.217197 -0.556668 0.0619134 -0.212478 0.974352 0.0741066 -0.137296 0.558486 0.0588582 0.827423 0.0892293
197 0.794149 0.222422 -0.565558 0.0639374 -0.213277 0.97343 0.0833485 -0.138131 0.56907 0.0544296 0.820486 0.0862002
198 0.774533 0.231962 -0.588466 0.0662822 -0.215532 0.971441 0.0992416 -0.136944 0.59468 0.0499677 0.802408 0.0861606
199 0.752648 0.242152 -0.612278 0.0709521 -0.221263 0.968855 0.111187 -0.135271 0.620133 0.0517898 0.782786 0.0805413
200 0.742622 0.245114 -0.623243 0.0720427 -0.2219 0.968104 0.116339 -0.135362 0.631881 0.051902 0.773326 0.0794922
201 0.719168 0.255339 -0.646219 0.0739851 -0.222698 0.965672 0.133727 -0.135421 0.658182 0.0477394 0.751344 0.0776053
202 0.70014 0.263092 -0.663767 0.0745967 -0.223693 0.963661 0.146008 -0.135246 0.67806 0.0462542 0.73355 0.0756888
203 0.679756 0.270485 -0.68174 0.0749495 -0.222669 0.961748 0.15956 -0.134835 0.698821 0.0433405 0.713983 0.075205
204 0.663052 0.274881 -0.696278 0.0754255 -0.221439 0.960535 0.168334 -0.134723 0.715071 0.042569 0.697754 0.0751712
205 0.652746 0.279831 -0.704 0.0752968 -0.224007 0.95902 0.173499 -0.134565 0.723701 0.0444502 0.688681 0.0737889
206 0.636729 0.290014 -0.71447 0.077164 -0.226812 0.956026 0.185932 -0.135007 0.736975 0.0436619 0.674508 0.0731946
207 0.619891 0.303541 -0.723601 0.0755383 -0.234132 0.951694 0.198648 -0.134856 0.748944 0.0462782 0.661015 0.0752599
208 0.604459 0.311974 -0.733009 0.0749293 -0.239633 0.948719 0.206174 -0.134826 0.759741 0.0510294 0.648221 0.0769604
209 0.592649 0.320636 -0.738891 0.0754836 -0.239969 0.94598 0.218027 -0.135006 0.768884 0.0480972 0.637577 0.077321
210 0.583589 0.328855 -0.742481 0.0761692 -0.236883 0.943505 0.231701 -0.135064 0.77673 0.0406626 0.628519 0.0782358
211 0.581375 0.341457 -0.738519 0.0764483 -0.230844 0.939602 0.252704 -0.135335 0.780201 0.0235669 0.625084 0.0798209
212 0.580464 0.34703 -0.736636 0.0739925 -0.230641 0.937662 0.25999 -0.134643 0.780939 0.0189837 0.624318 0.0815933
213 0.580398 0.352762 -0.73396 0.0762475 -0.218493 0.935713 0.276952 -0.135739 0.784474 -0.000377216 0.620162 0.0828376
214 0.579617 0.364596 -0.728775 0.0755463 -0.206698 0.930856 0.301301 -0.136515 0.788238 -0.024003 0.614902 0.0865042
215 0.582026 0.376038 -0.721 0.0756541 -0.197741 0.925488 0.323063 -0.136621 0.788761 -0.04546 0.613016 0.0885416
216 0.585329 0.384855 -0.713636 0.0742441 -0.191514 0.920887 0.339542 -0.136251 0.787853 -0.0620729 0.612727 0.0907139
217 0.586585 0.387603 -0.711113 0.0757873 -0.188044 0.919226 0.345924 -0.13639 0.787755 -0.0691936 0.612091 0.0928054
218 0.595874 0.393122 -0.700278 0.0747321 -0.180721 0.915268 0.360035 -0.136285 0.78248 -0.0879807 0.616429 0.0949954
219 0.603353 0.392501 -0.694196 0.0734671 -0.173911 0.914302 0.365797 -0.136225 0.77828 -0.0999764 0.619907 0.0978924
220 0.608725 0.38989 -0.69097 0.0731912 -0.171282 0.914962 0.365386 -0.135987 0.774672 -0.104069 0.623741 0.0983223
221 0.612511 0.388368 -0.688477 0.0731646 -0.16453 0.914543 0.369515 -0.135892 0.773149 -0.113057 0.624066 0.10003
222 0.6189 0.388748 -0.682523 0.0720537 -0.162421 0.913495 0.373023 -0.135511 0.768494 -0.120007 0.628503 0.10177
223 0.619589 0.385357 -0.68382 0.071862 -0.160011 0.914906 0.3706 -0.13483 0.768444 -0.120201 0.628527 0.104967
224 0.622191 0.382356 -0.683142 0.0719829 -0.155667 0.915616 0.370695 -0.134682 0.767233 -0.124301 0.629208 0.106811
225 0.62425 0.381467 -0.681759 0.0708908 -0.15591 0.915957 0.36975 -0.134575 0.765509 -0.124523 0.631261 0.108135
226 0.626086 0.378313 -0.681832 0.0704362 -0.157457 0.917745 0.364625 -0.134376 0.763691 -0.120927 0.634155 0.109781
227 0.627752 0.37634 -0.681393 0.0697234 -0.158675 0.918848 0.361305 -0.134315 0.76207 -0.11869 0.636524 0.111318
228 0.636211 0.366192 -0.679072 0.0693147 -0.161723 0.923924 0.346714 -0.134411 0.754375 -0.110762 0.647031 0.113436
229 0.647492 0.355596 -0.674022 0.0676076 -0.166803 0.929143 0.329954 -0.133375 0.743593 -0.101214 0.660927 0.114855
230 0.652294 0.347956 -0.673379 0.0663944 -0.169397 0.932854 0.317942 -0.131317 0.738794 -0.0933234 0.667438 0.119858
231 0.669057 0.336276 -0.662783 0.0653368 -0.175538 0.938052 0.298739 -0.130808 0.722183 -0.0835298 0.68664 0.120694
232 0.675159 0.330614 -0.659435 0.0638764 -0.178003 0.940542 0.289302 -0.129788 0.715874 -0.0779431 0.693865 0.121149
233 0.683901 0.320952 -0.655186 0.0627905 -0.183299 0.944822 0.271501 -0.127681 0.706173 -0.0655846 0.704995 0.12472
234 0.689579 0.31716 -0.651069 0.062379 -0.185075 0.946329 0.26497 -0.127439 0.700163 -0.0622209 0.711267 0.125524
235 0.699371 0.3079 -0.645041 0.0611041 -0.185829 0.949753 0.251868 -0.126193 0.69018 -0.056282 0.721446 0.126343
236 0.709146 0.301219 -0.637478 0.0606221 -0.187882 0.952186 0.24092 -0.126168 0.679568 -0.0510769 0.731833 0.128328
237 0.7168 0.29638 -0.631155 0.0609239 -0.190044 0.95394 0.232124 -0.125965 0.670881 -0.0464394 0.74011 0.12825
238 0.732387 0.284963 -0.61839 0.0600919 -0.190489 0.957696 0.215715 -0.123731 0.6537 -0.04019 0.755686 0.131406
239 0.739365 0.282213 -0.611306 0.0597736 -0.194354 0.958726 0.207534 -0.123798 0.644644 -0.0346336 0.763698 0.132563
240 0.757935 0.27364 -0.592162 0.0594958 -0.204399 0.961673 0.182773 -0.123311 0.61948 -0.0174927 0.784818 0.132986
241 0.766644 0.267682 -0.583612 0.0582146 -0.206679 0.963455 0.170404 -0.121428 0.607898 -0.0100189 0.793952 0.135728
242 0.774791 0.264357 -0.574295 0.0579354 -0.210326 0.964419 0.160183 -0.121302 0.596206 -0.00331927 0.802824 0.136014
243 0.790485 0.255051 -0.55685 0.0562989 -0.216341 0.966838 0.135726 -0.120298 0.573001 0.0131801 0.819449 0.138083
244 0.798232 0.247859 -0.548992 0.0558655 -0.216706 0.968559 0.122196 -0.119161 0.562018 0.0214294 0.826847 0.139501
245 0.81494 0.239742 -0.527634 0.0547263 -0.224865 0.969904 0.0933885 -0.118288 0.534144 0.0425405 0.844323 0.141647
246 0.822722 0.235932 -0.51717 0.0545623 -0.22881 0.970289 0.0786496 -0.118088 0.52036 0.0536272 0.852261 0.141757
247 0.837 0.228786 -0.497079 0.054077 -0.235644 0.970556 0.0499239 -0.117705 0.493865 0.0753472 0.866268 0.143429
248 0.844156 0.222895 -0.487563 0.0536432 -0.237069 0.970918 0.0334095 -0.117466 0.480831 0.0873833 0.872448 0.143945
249 0.850286 0.219928 -0.478169 0.0538066 -0.239824 0.970611 0.0199628 -0.117503 0.468506 0.0977025 0.878041 0.143938
250 0.863915 0.212196 -0.456754 0.0529515 -0.243272 0.969911 -0.00953473 -0.116569 0.440988 0.119353 0.889542 0.145949
251 0.86834 0.211546 -0.448591 0.0524675 -0.246432 0.968952 -0.0200842 -0.116348 0.430414 0.127987 0.893512 0.146835
252 0.877659 0.207914 -0.431841 0.0518808 -0.251112 0.96692 -0.0448192 -0.115964 0.408237 0.147776 0.900836 0.147331
253 0.88154 0.207467 -0.42408 0.0514855 -0.25327 0.96589 -0.0539476 -0.115066 0.398423 0.154964 0.904016 0.149173
254 0.887168 0.206077 -0.412874 0.0509292 -0.25472 0.964774 -0.065788 -0.11476 0.384773 0.163532 0.908409 0.150078
255 0.890526 0.205237 -0.406007 0.050619 -0.256908 0.963404 -0.0764924 -0.114434 0.37545 0.172425 0.910663 0.15085
256 0.892017 0.203467 -0.403618 0.0502985 -0.258103 0.962345 -0.0852958 -0.114233 0.371064 0.18026 0.910943 0.15159
257 0.896977 0.199722 -0.394389 0.0493928 -0.260614 0.959515 -0.106821 -0.114584 0.357088 0.198599 0.912714 0.154061
258 0.900726 0.194243 -0.388538 0.0492371 -0.259612 0.95785 -0.122982 -0.113378 0.348273 0.211642 0.913189 0.155521
259 0.904411 0.190547 -0.38175 0.0486955 -0.258582 0.956483 -0.135191 -0.11325 0.339377 0.220982 0.914325 0.156442
260 0.91009 0.18811 -0.369258 0.0479851 -0.257415 0.954902 -0.147985 -0.113254 0.324767 0.229732 0.917469 0.157469
261 0.91661 0.185282 -0.354255 0.0470502 -0.255889 0.952728 -0.163799 -0.113123 0.30716 0.240789 0.920692 0.159386
262 0.923328 0.180395 -0.339004 0.0464634 -0.253117 0.949778 -0.183994 -0.112107 0.288787 0.255695 0.922617 0.16074
263 0.929342 0.176714 -0.324185 0.0460646 -0.249902 0.947398 -0.199966 -0.112259 0.271795 0.266851 0.924618 0.162026
264 0.935898 0.173716 -0.306459 0.045443 -0.245612 0.945413 -0.214169 -0.112496 0.252526 0.275711 0.927477 0.16289
265 0.941623 0.170999 -0.29001 0.0451295 -0.241239 0.943564 -0.226915 -0.112559 0.234841 0.28363 0.929733 0.164328
266 0.947225 0.164932 -0.274887 0.0444722 -0.235015 0.940462 -0.245557 -0.112179 0.21802 0.297201 0.929591 0.166185
267 0.953458 0.154899 -0.258696 0.0439434 -0.224239 0.937836 -0.264918 -0.112325 0.201579 0.310598 0.928921 0.16739
268 0.958008 0.150719 -0.243935 0.0440348 -0.217381 0.936525 -0.275076 -0.112561 0.186992 0.316552 0.929962 0.167593
269 0.961162 0.149117 -0.232232 0.0438382 -0.212753 0.936331 -0.279323 -0.112818 0.175794 0.317882 0.93169 0.168449
270 0.964711 0.145949 -0.219159 0.04359 -0.206699 0.935382 -0.286943 -0.113165 0.163119 0.322117 0.932541 0.169395
271 0.969103 0.139952 -0.203106 0.0431492 -0.197033 0.934605 -0.296128 -0.113302 0.14838 0.326997 0.933304 0.170561
272 0.972969 0.133731 -0.188277 0.0427173 -0.187393 0.933659 -0.305229 -0.113487 0.134968 0.33226 0.933481 0.17191
273 0.976559 0.129535 -0.171909 0.0423141 -0.179009 0.932247 -0.314439 -0.113573 0.119531 0.337841 0.933582 0.172949
274 0.979084 0.131685 -0.155095 0.0422468 -0.176258 0.929745 -0.323277 -0.114134 0.101628 0.343852 0.933508 0.172334
275 0.981402 0.131317 -0.140022 0.0419657 -0.17139 0.927927 -0.331024 -0.114224 0.086461 0.348866 0.933176 0.173105
276 0.983223 0.130669 -0.127271 0.0417168 -0.166711 0.926891 -0.336274 -0.114289 0.0740252 0.35185 0.933125 0.173778
277 0.985096 0.12957 -0.113122 0.0415181 -0.160925 0.926492 -0.34017 -0.114371 0.0607309 0.353304 0.933535 0.17452
278 0.986677 0.128551 -0.0997107 0.0410281 -0.15525 0.927198 -0.340882 -0.115218 0.0486309 0.351821 0.934803 0.175133
279 0.987718 0.129483 -0.0874529 0.0409007 -0.15185 0.92735 -0.341998 -0.115402 0.0368163 0.351078 0.935622 0.175684
280 0.988698 0.130351 -0.0740675 0.0406101 -0.148009 0.927352 -0.343674 -0.11576 0.0238886 0.350752 0.936164 0.176651
281 0.98968 0.129105 -0.0621803 0.0403286 -0.142728 0.926782 -0.347424 -0.115912 0.0127735 0.352714 0.935644 0.177415
282 0.990249 0.129869 -0.0504047 0.0401817 -0.139304 0.925448 -0.352337 -0.116127 0.000889366 0.355923 0.934515 0.177835
283 0.990816 0.129595 -0.0385867 0.0402262 -0.134818 0.924913 -0.355471 -0.11571 -0.0103777 0.357409 0.93389 0.177842
284 0.990664 0.133494 -0.027632 0.0397356 -0.134636 0.926294 -0.351928 -0.116697 -0.0213849 0.352363 0.935619 0.178186
285 0.990743 0.134851 -0.0156207 0.0395261 -0.131677 0.926625 -0.352175 -0.116759 -0.0330168 0.350972 0.935804 0.17848
286 0.990896 0.134586 -0.00337843 0.0392898 -0.127113 0.92702 -0.352813 -0.116907 -0.0443517 0.35003 0.935688 0.178841
287 0.991384 0.13079 0.00721561 0.0390354 -0.119728 0.927128 -0.355103 -0.116686 -0.0531336 0.35118 0.934799 0.179112
288 0.991416 0.129698 0.0165054 0.039061 -0.115361 0.927183 -0.356405 -0.116843 -0.0615284 0.351441 0.934186 0.179027
289 0.991269 0.128508 0.0295298 0.0389555 -0.109397 0.926553 -0.359907 -0.116886 -0.0736119 0.353534 0.932521 0.178914
290 0.990998 0.127372 0.0412195 0.0387357 -0.103857 0.925729 -0.363647 -0.116625 -0.0844766 0.356093 0.930624 0.178351
291 0.989678 0.13208 0.0556129 0.038063 -0.103106 0.925754 -0.363799 -0.117405 -0.0995343 0.35431 0.929816 0.176621
292 0.988466 0.132547 0.0732508 0.0378693 -0.0968166 0.925027 -0.367357 -0.117434 -0.116451 0.356028 0.927191 0.175968
293 0.987154 0.131857 0.0902275 0.0376969 -0.0892173 0.923397 -0.373335 -0.117551 -0.132543 0.360489 0.923298 0.175944
294 0.986075 0.128713 0.1053 0.0374092 -0.0795816 0.92122 -0.380815 -0.117071 -0.14602 0.367133 0.918636 0.175363
295 0.984609 0.129808 0.117025 0.0371895 -0.0753175 0.919374 -0.386106 -0.116699 -0.15771 0.37135 0.915001 0.174419
296 0.981584 0.135221 0.13494 0.0353639 -0.0733417 0.918991 -0.387398 -0.117581 -0.176393 0.370367 0.911983 0.172965
297 0.979535 0.136632 0.147793 0.035097 -0.0687913 0.917335 -0.392127 -0.117333 -0.189153 0.373935 0.907961 0.172295
298 0.977543 0.137294 0.159873 0.034493 -0.0634746 0.915244 -0.397869 -0.117484 -0.200948 0.378786 0.903405 0.172326
299 0.976067 0.134821 0.170636 0.0343702 -0.0553113 0.912741 -0.404777 -0.117288 -0.210319 0.385651 0.898353 0.171266
300 0.974505 0.135749 0.178639 0.0345454 -0.0522539 0.911622 -0.407695 -0.116721 -0.218196 0.387966 0.895473 0.169561
301 0.971875 0.140613 0.188911 0.0342189 -0.0521223 0.910717 -0.409728 -0.116847 -0.229658 0.388358 0.892432 0.169207
302 0.968197 0.143936 0.204639 0.0324528 -0.0476258 0.909013 -0.414037 -0.117176 -0.245614 0.391123 0.886959 0.168105
303 0.965966 0.145412 0.213927 0.0322262 -0.0430729 0.905907 -0.421281 -0.116862 -0.255057 0.397728 0.881339 0.167445
304 0.963676 0.148915 0.221705 0.0318094 -0.0407657 0.902413 -0.428939 -0.116796 -0.263945 0.404321 0.875704 0.167222
305 0.962341 0.151051 0.226017 0.0320325 -0.0374428 0.897143 -0.44015 -0.116734 -0.269254 0.415112 0.869013 0.167061
306 0.961155 0.154449 0.228751 0.0321703 -0.0363348 0.892368 -0.449843 -0.116254 -0.273608 0.424057 0.863316 0.165892
307 0.959802 0.158178 0.231862 0.0321893 -0.0353948 0.887694 -0.459072 -0.116183 -0.278437 0.432411 0.857609 0.165343
308 0.957154 0.161492 0.240366 0.0306672 -0.0314651 0.883142 -0.468049 -0.115961 -0.287864 0.440432 0.850385 0.164349
309 0.956252 0.163262 0.242752 0.0305085 -0.0292893 0.879051 -0.475827 -0.115692 -0.291076 0.4479 0.845376 0.163578
310 0.956194 0.165813 0.241245 0.0302553 -0.0298156 0.87499 -0.483223 -0.115423 -0.291211 0.454862 0.841604 0.162994
311 0.954435 0.173809 0.242578 0.0292646 -0.0339266 0.870807 -0.490453 -0.115346 -0.296484 0.459876 0.837025 0.161914
312 0.953114 0.179547 0.24359 0.0289613 -0.0353723 0.865546 -0.499579 -0.115185 -0.300536 0.46754 0.831315 0.161551
313 0.952462 0.183257 0.243378 0.0287814 -0.0339815 0.857778 -0.512896 -0.11497 -0.302756 0.480244 0.823228 0.160952
314 0.951584 0.185185 0.245347 0.0285387 -0.0297161 0.849844 -0.526196 -0.114805 -0.30595 0.493429 0.814201 0.160525
315 0.95054 0.189247 0.24629 0.0282013 -0.0294504 0.844288 -0.53508 -0.114456 -0.309202 0.501362 0.808103 0.159741
316 0.949505 0.195384 0.245489 0.0279755 -0.0321363 0.838881 -0.543366 -0.114317 -0.312101 0.508039 0.802801 0.159332
317 0.94809 0.201476 0.246035 0.0278014 -0.0344443 0.834197 -0.550389 -0.11463 -0.316132 0.513344 0.797834 0.158497
318 0.947499 0.203114 0.246963 0.0275085 -0.0322208 0.829056 -0.558236 -0.114469 -0.318132 0.520971 0.792074 0.158009
319 0.947418 0.205261 0.245494 0.0273778 -0.0314815 0.823236 -0.566825 -0.114392 -0.318446 0.529292 0.786411 0.157652
320 0.946944 0.206911 0.245935 0.027086 -0.030192 0.819089 -0.572871 -0.11428 -0.319976 0.535052 0.781879 0.157071
321 0.946136 0.209166 0.247134 0.0270309 -0.0291901 0.815306 -0.578294 -0.114052 -0.32245 0.539931 0.777496 0.156836
322 0.94617 0.208238 0.24779 0.026916 -0.0249274 0.810169 -0.585667 -0.113972 -0.32271 0.547963 0.771748 0.156545
323 0.946164 0.207539 0.248397 0.0266749 -0.0212865 0.805632 -0.592034 -0.113803 -0.322987 0.554873 0.766678 0.156068
324 0.946887 0.20789 0.245329 0.026457 -0.0203075 0.800056 -0.599582 -0.113491 -0.320924 0.562754 0.761784 0.15562
325 0.947446 0.207144 0.243799 0.0260421 -0.0192516 0.797606 -0.602871 -0.113537 -0.319336 0.566494 0.759677 0.154457
326 0.94783 0.208008 0.24156 0.0259888 -0.0201351 0.795324 -0.60585 -0.11341 -0.318141 0.569378 0.75802 0.154247
327 0.947454 0.210744 0.24066 0.0259705 -0.0208496 0.791402 -0.610941 -0.113299 -0.319211 0.573821 0.754211 0.154208
328 0.947818 0.211764 0.238322 0.0258834 -0.0211956 0.787732 -0.615653 -0.11336 -0.318108 0.578476 0.751115 0.1539
329 0.94813 0.213662 0.23537 0.02591 -0.0217026 0.782207 -0.622641 -0.113243 -0.317142 0.585236 0.746271 0.153958
330 0.947192 0.216343 0.236692 0.0258443 -0.0197714 0.776121 -0.630274 -0.113149 -0.320057 0.592311 0.739413 0.153723
331 0.94534 0.220366 0.240356 0.0257826 -0.0178106 0.770887 -0.636723 -0.113066 -0.3256 0.597639 0.732675 0.153503
332 0.944386 0.222551 0.242085 0.025628 -0.0157942 0.766032 -0.642608 -0.112971 -0.328458 0.603047 0.726946 0.153109
333 0.943385 0.224706 0.243991 0.0255514 -0.0142198 0.7623 -0.647067 -0.112882 -0.331394 0.606964 0.722338 0.152827
334 0.941625 0.225535 0.249953 0.0255473 -0.00871469 0.758521 -0.65159 -0.11274 -0.336551 0.611375 0.716208 0.152505
335 0.938219 0.222636 0.264911 0.0250425 0.00507883 0.756606 -0.653852 -0.112688 -0.346004 0.614802 0.708731 0.151579
336 0.935483 0.221946 0.274976 0.0245428 0.0114751 0.758659 -0.651387 -0.113202 -0.353186 0.612517 0.707165 0.151183
337 0.93337 0.220086 0.283519 0.0244396 0.018049 0.76015 -0.649497 -0.113052 -0.358461 0.611338 0.705529 0.150839
338 0.930869 0.217354 0.293668 0.0242809 0.025191 0.763693 -0.645088 -0.113363 -0.364485 0.607889 0.705423 0.150562
339 0.929399 0.215692 0.299491 0.0246156 0.0282392 0.767523 -0.640399 -0.113675 -0.367995 0.603643 0.707244 0.150257
340 0.925802 0.216644 0.309769 0.0242575 0.0339884 0.768446 -0.639011 -0.113509 -0.376479 0.602126 0.704065 0.150533
341 0.923279 0.206734 0.323754 0.0249947 0.045774 0.777608 -0.627081 -0.115093 -0.381393 0.59379 0.708486 0.149426
342 0.921314 0.205477 0.330089 0.0246348 0.0461035 0.785234 -0.61748 -0.116788 -0.386075 0.584111 0.713974 0.14972
343 0.919759 0.203594 0.335547 0.0251017 0.0469852 0.791671 -0.609138 -0.11707 -0.38966 0.576026 0.718581 0.150213
344 0.91949 0.203508 0.336337 0.025581 0.0451557 0.795232 -0.604622 -0.117322 -0.390511 0.571131 0.722018 0.150461
345 0.917209 0.208734 0.33935 0.0258294 0.0384975 0.801347 -0.59696 -0.1182 -0.396543 0.560601 0.726966 0.151516
346 0.917035 0.210566 0.338687 0.0266524 0.0341699 0.804643 -0.592775 -0.11857 -0.39734 0.555168 0.730691 0.151645
347 0.917425 0.211725 0.336904 0.0271219 0.0287961 0.809139 -0.586912 -0.120061 -0.396866 0.548149 0.736227 0.152628
348 0.915579 0.214981 0.339851 0.0271871 0.0249958 0.813051 -0.581656 -0.121033 -0.401361 0.541046 0.739039 0.153046
349 0.914353 0.221961 0.338662 0.0286787 0.0110319 0.822405 -0.568795 -0.122467 -0.404768 0.523815 0.74952 0.153884
350 0.91447 0.22283 0.337773 0.0291195 0.0048147 0.828673 -0.559712 -0.123976 -0.404624 0.513467 0.756724 0.154326
351 0.911524 0.233739 0.338363 0.0305574 -0.0136821 0.839555 -0.543102 -0.125428 -0.411018 0.490421 0.768473 0.155809
352 0.910027 0.235183 0.34138 0.0310273 -0.0198587 0.847282 -0.530772 -0.127507 -0.414074 0.476237 0.77572 0.156587
353 0.908621 0.238513 0.342812 0.0318085 -0.0281651 0.853995 -0.519519 -0.128882 -0.416672 0.46239 0.782675 0.157018
354 0.907265 0.244842 0.34194 0.033418 -0.044607 0.864496 -0.500656 -0.130039 -0.418188 0.438974 0.795249 0.158903
355 0.905781 0.247949 0.343631 0.0338695 -0.0516284 0.869468 -0.491283 -0.131192 -0.420589 0.427254 0.800349 0.159561
356 0.904172 0.255691 0.342192 0.0358454 -0.0716724 0.88052 -0.468559 -0.133281 -0.421113 0.399132 0.814468 0.161085
